Epoch	SuccessRate	CollRate	AverageEpRet	StdEpRet	MaxEpRet	MinEpRet	EpLen	AverageVVals	StdVVals	MaxVVals	MinVVals	TotalEnvInteracts	LossPi	LossV	LossDist	DeltaLossPi	DeltaLossV	Entropy	KL	ClipFrac	StopIter	Time
0	0.0	0.25546718	-0.0057678763	0.18934056	0.4958705	-0.4265303	24.34645	0.15615763	0.04630562	0.3054366	0.012375947	32000	1.322478e-06	0.036222283	0.028620975	-0.019084252	-0.026659034	2.8201687	0.0150622055	0.217875	25.0	24.57680106163025
1	0.0	0.39804572	0.07839882	0.23776324	0.5326411	-0.43715408	21.472677	-0.009691424	0.028810596	0.095767975	-0.1428266	64000	2.8037466e-06	0.018677153	0.028089778	-0.018387835	-0.0032686237	2.8056393	0.015204662	0.36009377	21.0	47.945034980773926
2	0.0	0.34250998	0.2349361	0.29148883	0.74627256	-0.37597933	21.621918	0.039199866	0.04001354	0.16353601	-0.10369336	96000	8.1490725e-06	0.024907399	0.027763119	-0.01670269	-0.008137364	2.7741313	0.015437778	0.27100003	17.0	69.29913973808289
3	0.02869878	0.40372306	0.353714	0.4160689	1.7696766	-0.28878027	20.829815	0.08854489	0.06602291	0.26906523	-0.20207644	128000	-3.2456592e-06	0.052259043	0.027192168	-0.008517325	-0.014451359	2.7171583	0.01544974	0.20496875	15.0	90.82266068458557
4	0.112910286	0.6234907	0.33068317	0.5849256	1.7682259	-0.272141	15.637352	0.1686199	0.10041896	0.43637222	-0.36939594	160000	-2.278015e-06	0.14174616	0.026414221	-0.0058326395	-0.028096009	2.6395512	0.009028606	0.05540625	79.0	132.2251422405243
5	0.13320711	0.58688927	0.3937377	0.59574825	1.7697504	-0.28340885	16.481771	0.19697598	0.15078479	0.6930549	-0.4224061	192000	-1.9930303e-07	0.14824705	0.025869142	-0.004767102	-0.029286679	2.5856392	0.009145306	0.03084375	79.0	172.78648447990417
6	0.12289461	0.6118003	0.36854	0.58799434	1.7696408	-0.28027788	16.018219	0.22223839	0.17253734	0.88695234	-0.44063008	224000	-3.1106174e-06	0.140596	0.02586619	-0.006092532	-0.027778145	2.585403	0.00891122	0.053875	79.0	214.42489790916443
7	0.18650575	0.5040791	0.5114739	0.6616379	1.7699312	-0.2762227	18.108046	0.23164645	0.15478912	0.76585037	-0.2709554	256000	-2.8312206e-07	0.16057827	0.025696939	-0.006150719	-0.028563434	2.5682583	0.007289633	0.0404375	79.0	255.59374904632568
8	0.17285389	0.5484445	0.4620237	0.659433	1.7699792	-0.29040477	17.190632	0.3086692	0.14489685	0.7943116	-0.25178978	288000	1.2194738e-05	0.16040415	0.025691308	-0.007800422	-0.039830834	2.5676024	0.010983025	0.069781244	79.0	299.0832681655884
9	0.15525205	0.59757125	0.4097433	0.637612	1.7692674	-0.27190015	16.052631	0.26991165	0.19554213	1.0606726	-0.50054747	320000	-7.699244e-06	0.16390349	0.025607256	-0.007661138	-0.039920866	2.558713	0.008357573	0.05065625	79.0	340.52850890159607
10	0.14935601	0.56625867	0.4142764	0.6345277	1.7697265	-0.264221	16.548538	0.3239174	0.22108564	1.0339715	-0.4234752	352000	1.2242235e-06	0.18645246	0.025644703	-0.008774117	-0.0713167	2.561833	0.009975997	0.06453125	79.0	381.6678283214569
11	0.17911299	0.56416184	0.4548415	0.6738295	1.7699082	-0.36999	16.581932	0.2587067	0.17045563	0.8597142	-0.27630773	384000	1.9039027e-05	0.15888685	0.025586162	-0.009708133	-0.032596957	2.5560298	0.008771586	0.08140625	79.0	423.1999022960663
12	0.19858706	0.505525	0.5115527	0.67868775	1.769656	-0.27446112	17.567371	0.34251177	0.21047764	1.0075352	-0.3465215	416000	6.5146014e-06	0.17186078	0.025370818	-0.009524632	-0.038430657	2.5336986	0.00777811	0.0734375	79.0	465.07746720314026
13	0.17822497	0.57014513	0.42900747	0.6743512	1.7697287	-0.29115662	15.834669	0.2947408	0.19646442	0.856705	-0.378504	448000	3.9860606e-06	0.1711308	0.025331378	-0.009346539	-0.038159803	2.5289927	0.0070791612	0.07871875	79.0	506.4182951450348
14	0.24232617	0.45992273	0.5790232	0.71579164	1.7698287	-0.24349324	17.851915	0.2998681	0.23714128	1.2442765	-0.3480475	480000	2.2936612e-05	0.18535788	0.024977751	-0.009283949	-0.043033663	2.4930463	0.00856395	0.07646875	79.0	547.1014058589935
15	0.23846129	0.5288702	0.5244799	0.7214702	1.7697666	-0.27535355	16.19753	0.33056968	0.22238907	1.0194167	-0.35831577	512000	-1.931563e-05	0.2059094	0.02479868	-0.011039481	-0.051228665	2.4736736	0.01025978	0.08903125	79.0	589.0920877456665
16	0.23789838	0.4716406	0.55819374	0.7222583	1.7699289	-0.29656678	17.592281	0.35125035	0.22535051	1.1839027	-0.32802075	544000	-2.4739653e-05	0.1936367	0.024951238	-0.010199914	-0.059334658	2.4873462	0.0059605995	0.08778125	79.0	629.2611310482025
17	0.2662921	0.43998557	0.61809206	0.73360014	1.7699815	-0.27737945	17.94863	0.33741045	0.23914509	1.0064659	-0.5485139	576000	-3.1271484e-05	0.17817321	0.024822291	-0.011702	-0.047378637	2.4738808	0.008352028	0.09315625	79.0	670.1291513442993
18	0.2967521	0.48479056	0.61415845	0.7811991	1.7698287	-0.30731982	16.452703	0.38685453	0.23658706	1.3562274	-0.38403925	608000	3.2078475e-05	0.19213916	0.024731299	-0.010307908	-0.03789474	2.464552	0.008073625	0.079125	79.0	710.6168892383575
19	0.28214812	0.50823665	0.5823807	0.78181505	1.7699019	-0.2987485	15.888104	0.44163403	0.25130388	1.3197407	-0.40093666	640000	-8.12253e-06	0.20528117	0.024659421	-0.011631394	-0.04882914	2.4547498	0.009806935	0.08871875	79.0	750.0064880847931
20	0.3964826	0.38197693	0.8071012	0.80597675	1.7699969	-0.28715584	18.085617	0.43919384	0.2463597	1.1457819	-0.39722306	672000	-7.5828284e-06	0.21284479	0.024529964	-0.012459351	-0.054974556	2.4424784	0.008052479	0.09434375	79.0	791.465497970581
21	0.33924875	0.46869373	0.68670994	0.8021897	1.7699792	-0.2710359	16.47973	0.47932813	0.25708863	1.2321081	-0.45396212	704000	1.9408762e-06	0.21236554	0.024288666	-0.0106874285	-0.04785824	2.4174643	0.008129487	0.08459376	79.0	833.5600209236145
22	0.36141908	0.39529458	0.75907946	0.7915577	1.7699019	-0.2716125	17.947609	0.48989674	0.26611757	1.3080189	-0.3877418	736000	-1.848489e-05	0.224893	0.024053236	-0.012561886	-0.07814682	2.393705	0.008955583	0.10159375	79.0	875.2469260692596
23	0.37756243	0.38680214	0.7782083	0.8054853	1.769953	-0.2631939	18.047483	0.45570928	0.2733084	1.184999	-0.4410762	768000	-9.3355775e-06	0.23057896	0.023923734	-0.012058026	-0.075375624	2.3802319	0.008012334	0.095656246	79.0	915.7358138561249
24	0.43737528	0.32066274	0.88312674	0.81080025	1.7698941	-0.29636797	18.57377	0.46356067	0.25621063	1.2760478	-0.3550347	800000	-1.0007992e-05	0.20109564	0.023808802	-0.012409305	-0.046055917	2.3685553	0.0078627635	0.10496875	79.0	956.8538763523102
25	0.43015128	0.36394578	0.85620433	0.8194474	1.7699969	-0.2870822	17.664799	0.54887605	0.26735014	1.2437704	-0.4142844	832000	1.9398984e-05	0.2072227	0.023608819	-0.01166938	-0.046409987	2.345806	0.008019175	0.088375	79.0	997.824230670929
26	0.41509482	0.39647457	0.8215956	0.82308555	1.7699019	-0.2886939	16.91274	0.55803853	0.28087935	1.3019751	-0.36257952	864000	-2.7494505e-05	0.23364684	0.023552258	-0.012520855	-0.07155592	2.3399358	0.007832838	0.09059375	79.0	1037.6333651542664
27	0.44448692	0.3927805	0.84677577	0.84892505	1.7697134	-0.3186494	16.58159	0.5308728	0.26636332	1.3863804	-0.42951205	896000	-2.0004809e-05	0.21196786	0.023388125	-0.012570181	-0.055686757	2.3215294	0.010049684	0.09962501	79.0	1079.4774732589722
28	0.44327903	0.40072623	0.8343241	0.8553999	1.7698494	-0.30675852	16.137474	0.5835042	0.2876143	1.4488868	-0.35719207	928000	4.672259e-05	0.21669139	0.023177803	-0.012641084	-0.054778233	2.3007822	0.007924318	0.0951875	79.0	1120.2561542987823
29	0.50905454	0.33942473	0.95230436	0.8518862	1.7699792	-0.4415596	17.147505	0.5894553	0.27012107	1.1984231	-0.5869358	960000	-6.601168e-05	0.19814634	0.023052096	-0.013207733	-0.054116916	2.2842813	0.01059032	0.1129375	79.0	1162.6968369483948
30	0.4372366	0.38168848	0.85833764	0.83116174	1.7698125	-0.27726144	17.076717	0.6438161	0.29394934	1.4385028	-0.35090858	992000	-2.8091948e-05	0.23759958	0.022875614	-0.013698915	-0.06939593	2.2676663	0.009372408	0.114593744	79.0	1203.7779982089996
31	0.5703516	0.2855779	1.0599924	0.8333036	1.7695404	-0.27050886	17.606985	0.59014505	0.2583941	1.4188949	-0.3267775	1024000	6.912649e-05	0.1991431	0.022635851	-0.013092101	-0.057605498	2.2444615	0.0068015633	0.104125	79.0	1243.736573934555
32	0.5475597	0.30613798	1.0360876	0.82531995	1.7699969	-0.2939724	17.468132	0.6653932	0.2908868	1.3618492	-0.47151622	1056000	-0.00012850063	0.20189911	0.022623233	-0.0126951365	-0.052264653	2.2404542	0.008117447	0.10134375	79.0	1285.5587418079376
33	0.49382776	0.31946802	0.94890887	0.8377398	1.7695243	-0.27604344	16.872068	0.6389118	0.2846833	1.3890055	-0.33874583	1088000	-0.00015115086	0.2061362	0.022246622	-0.012455784	-0.060614944	2.2061234	0.008461634	0.098375	79.0	1325.3698816299438
34	0.5415802	0.32463986	1.0078793	0.84448516	1.7694544	-0.2700442	16.412863	0.6711758	0.29270098	1.4247137	-0.38612953	1120000	-5.2412972e-05	0.21935223	0.02180308	-0.013232345	-0.060929667	2.1580086	0.009413909	0.0953125	79.0	1366.9472706317902
35	0.544801	0.3489545	0.9862169	0.8684817	1.7697134	-0.2671166	15.967611	0.70487	0.27787378	1.3737698	-0.3040356	1152000	-0.00012265146	0.19424039	0.021674026	-0.011942283	-0.049573183	2.1438768	0.0081035495	0.096687496	79.0	1407.4217998981476
36	0.4816046	0.39041632	0.8898513	0.8646612	1.7698494	-0.32872674	15.984848	0.6947695	0.31252798	1.6897798	-0.38723135	1184000	0.00015187263	0.22002089	0.021698788	-0.013344141	-0.06303195	2.1454582	0.008507457	0.1085625	79.0	1448.7675187587738
37	0.6037941	0.2983105	1.0933694	0.84274733	1.7698287	-0.40123582	16.22086	0.6483492	0.3134547	1.4687722	-0.63989866	1216000	8.501625e-05	0.20841268	0.0211727	-0.012393268	-0.06720987	2.091738	0.008129396	0.09340625	79.0	1489.01238656044
38	0.590956	0.31412652	1.0830064	0.83338106	1.7699969	-0.3120718	16.573437	0.68577725	0.2906633	1.3590196	-0.28503788	1248000	-0.00014713965	0.2105363	0.021188386	-0.01225494	-0.06460639	2.094159	0.009312337	0.1016875	79.0	1531.9536616802216
39	0.6187353	0.28513712	1.1270404	0.8285099	1.7699357	-0.47487727	16.311728	0.72908705	0.28300816	1.5044605	-0.41503704	1280000	-5.092984e-05	0.20111316	0.020783972	-0.013400285	-0.056290507	2.0531802	0.007913724	0.107	79.0	1572.5291714668274
40	0.66528946	0.25366637	1.1889247	0.8175663	1.7699969	-0.29029763	16.008585	0.73202246	0.2893706	1.4375007	-0.40054742	1312000	4.6860427e-05	0.19998136	0.020454854	-0.0127069745	-0.0679503	2.0185652	0.00871058	0.094875	79.0	1613.1935694217682
41	0.61746484	0.28331268	1.1274662	0.82551664	1.7699357	-0.2828801	15.938632	0.81156504	0.2581041	1.4174658	-0.20347996	1344000	-6.361306e-05	0.19743252	0.020205524	-0.012018906	-0.058568306	1.9924862	0.00997054	0.10875	79.0	1654.8344476222992
42	0.60022795	0.3066498	1.0848492	0.84671247	1.769834	-0.27563652	15.266346	0.7502412	0.28816026	1.6241357	-0.34508646	1376000	-0.00015972182	0.20331761	0.019926418	-0.013176216	-0.054523308	1.9642887	0.008236817	0.10646875	79.0	1695.3379034996033
43	0.5959492	0.34424043	1.0519568	0.871643	1.7698125	-0.34972367	14.761639	0.78587854	0.2899425	1.4032167	-0.43828195	1408000	-0.00010162685	0.1870222	0.019873595	-0.012384685	-0.046067767	1.9601793	0.008355746	0.0945625	79.0	1737.2523267269135
44	0.6078154	0.33885038	1.0714023	0.8651553	1.7699978	-0.36924583	14.608656	0.7932663	0.30397096	1.6304325	-0.5983311	1440000	-5.272776e-05	0.20614654	0.019521298	-0.013169326	-0.05962704	1.9257102	0.008850069	0.106625	79.0	1776.7127106189728
45	0.6965113	0.2523849	1.224535	0.8200249	1.7698833	-0.36617732	15.017619	0.78649867	0.30027366	1.4956644	-0.36061025	1472000	0.00024395436	0.19198611	0.019132894	-0.01338863	-0.066036634	1.8845841	0.0083280355	0.11215626	79.0	1819.3204717636108
46	0.64824176	0.28205723	1.1602304	0.8234255	1.7698125	-0.3561009	15.316248	0.848147	0.26145643	1.5804243	-0.19459558	1504000	0.00019005686	0.19067371	0.019004373	-0.013517769	-0.043970693	1.8741202	0.010030861	0.112531245	79.0	1860.1198542118073
47	0.66861993	0.2636745	1.1818	0.83160865	1.7698201	-0.27193058	15.160783	0.7971075	0.27021965	1.457965	-0.40029758	1536000	-6.181374e-05	0.17924604	0.01910099	-0.013703756	-0.042594522	1.8841411	0.008594156	0.09884375	79.0	1901.1914160251617
48	0.6919611	0.24318218	1.2242404	0.81454206	1.769986	-0.30237532	15.080798	0.8384385	0.2796326	1.5700126	-0.38586068	1568000	0.00019406807	0.17946719	0.018799316	-0.013021467	-0.052439343	1.8512077	0.0074862405	0.10521875	79.0	1942.4356007575989
49	0.62272954	0.29812506	1.1132892	0.8467755	1.7699543	-0.3041929	14.866355	0.7909337	0.30705553	1.4726107	-0.513919	1600000	0.00010648556	0.2016668	0.0186647	-0.012771895	-0.06351372	1.8344945	0.007020496	0.102749996	79.0	1983.169703245163
50	0.6415208	0.30249834	1.1329277	0.84659916	1.7699969	-0.3852336	14.5949545	0.81968313	0.31734377	1.5766652	-0.3600593	1632000	6.810902e-05	0.20188197	0.018268991	-0.012038478	-0.06527055	1.7983943	0.008172792	0.106125	79.0	2025.0203075408936
51	0.59982884	0.36440545	1.0365516	0.8858308	1.7699543	-0.2835797	13.245417	0.8047746	0.32592893	1.4557192	-0.5719761	1664000	-0.00026692636	0.21814033	0.018015523	-0.012897115	-0.06580987	1.7692404	0.007708613	0.104718745	79.0	2066.00758433342
52	0.6796131	0.25755462	1.2038499	0.8190006	1.7697386	-0.3296112	14.7918215	0.8267854	0.3090021	1.5166845	-0.4974928	1696000	1.8248335e-05	0.18680799	0.017884523	-0.012180918	-0.061353378	1.7543888	0.007155976	0.09425	79.0	2102.467390060425
53	0.6754189	0.27879757	1.1939381	0.81931067	1.7699597	-0.407416	14.503194	0.80941343	0.2902046	1.6360465	-0.29511893	1728000	2.5263987e-05	0.21222913	0.017653681	-0.01418311	-0.069881305	1.7344483	0.009219661	0.1011875	79.0	2137.7468271255493
54	0.7232394	0.2330806	1.2792188	0.78454727	1.7697386	-0.3046507	15.012334	0.850814	0.26389575	1.403023	-0.36167982	1760000	-3.8277358e-05	0.16699395	0.017438963	-0.012582196	-0.051656142	1.7143065	0.007974645	0.09540625	79.0	2173.0336775779724
55	0.72858405	0.2186384	1.2883873	0.77944416	1.7697809	-0.28563157	14.732807	0.86988306	0.29966784	1.513784	-0.42576	1792000	-6.116927e-05	0.1889134	0.016941484	-0.011923328	-0.07231414	1.6627803	0.007982558	0.097875	79.0	2208.2271704673767
56	0.673687	0.27151942	1.1889827	0.8286762	1.7699543	-0.3472417	14.516911	0.87803197	0.25459915	1.3911271	-0.60745364	1824000	-0.000152071	0.2007068	0.01697195	-0.012415046	-0.07796079	1.6593581	0.0076586474	0.094875	79.0	2243.634379386902
57	0.6807604	0.2738514	1.1957861	0.82761675	1.769986	-0.3044564	14.176601	0.86774755	0.29221368	1.5935787	-0.60596377	1856000	-8.6581334e-05	0.20864064	0.016712055	-0.0128055345	-0.08498767	1.6373131	0.006459432	0.1010625	79.0	2279.0427374839783
58	0.62548435	0.32205454	1.106641	0.8542651	1.7699969	-0.29607597	14.2307005	0.8500948	0.328549	1.4488791	-0.5908241	1888000	-1.136912e-06	0.20523068	0.016798116	-0.012646509	-0.05758428	1.6486444	0.0065770703	0.09199999	79.0	2314.726409435272
59	0.68452317	0.28172615	1.1843003	0.84809613	1.7699543	-0.30101064	14.035336	0.8272619	0.31640854	1.5373744	-0.5814887	1920000	1.2799166e-05	0.19212064	0.016574318	-0.012887181	-0.06705204	1.6207302	0.007164734	0.0955625	79.0	2350.5231153964996
60	0.7450657	0.21803221	1.3126804	0.7620554	1.7699543	-0.2749457	15.1875	0.8438611	0.30463612	1.6315988	-0.31231552	1952000	8.2068145e-06	0.19407499	0.016457539	-0.013140362	-0.080208	1.6133785	0.008188946	0.101500005	79.0	2385.925951719284
61	0.7418561	0.22254908	1.3054324	0.77715904	1.7698964	-0.2791009	14.781134	0.9135569	0.2457101	1.4941711	-0.45233044	1984000	1.6630162e-05	0.15953532	0.016424147	-0.014010037	-0.047766015	1.6030571	0.008703815	0.0998125	79.0	2421.2997448444366
62	0.7182563	0.25305036	1.2482216	0.81436074	1.7698593	-0.32142127	14.106572	0.90025324	0.27715173	1.4745286	-0.4894395	2016000	-0.00011190958	0.1733125	0.016334292	-0.012329601	-0.053792592	1.5983002	0.0067563048	0.096468754	79.0	2456.3241245746613
63	0.6948469	0.2513714	1.2320539	0.8033475	1.7699399	-0.2897994	14.680093	0.8964229	0.25571877	1.414608	-0.31871915	2048000	-7.968582e-05	0.18265665	0.016239258	-0.012464181	-0.0684596	1.5864687	0.008169686	0.10196875	79.0	2491.934803724289
64	0.73337317	0.23314956	1.2826174	0.7892913	1.7697961	-0.35427344	14.496778	0.8670439	0.30016208	1.6762546	-0.5290499	2080000	8.200668e-05	0.19115248	0.016113512	-0.012272027	-0.07830381	1.5723493	0.0071112816	0.09459375	79.0	2527.3030397892
65	0.676471	0.28244293	1.188026	0.8326102	1.769986	-0.33417478	14.165625	0.8893352	0.3085722	1.6690857	-0.50745845	2112000	-8.3687715e-05	0.17304456	0.016100902	-0.013265262	-0.05252025	1.5702301	0.0074848887	0.095	79.0	2562.5333981513977
66	0.7105138	0.27890763	1.2164048	0.8459131	1.7699969	-0.39314026	13.750434	0.87291074	0.29467687	1.5324935	-0.52345246	2144000	6.536115e-05	0.16912922	0.015659254	-0.012340654	-0.066399574	1.5284176	0.0056692082	0.08796875	79.0	2598.158658504486
67	0.7402931	0.23183528	1.2883296	0.7931406	1.7699969	-0.31546623	14.598066	0.90620315	0.29791296	1.7697538	-0.48909837	2176000	0.00031797215	0.17487396	0.016026607	-0.013258358	-0.060038064	1.5618613	0.007564749	0.10578125	79.0	2633.6461250782013
68	0.76636726	0.20175883	1.3455659	0.747972	1.7698593	-0.36353135	14.7783985	0.8927543	0.25648946	1.599871	-0.6176239	2208000	-6.343424e-05	0.16280171	0.0155512225	-0.014151162	-0.055616073	1.5169789	0.007836379	0.10140625	79.0	2668.851360797882
69	0.7330297	0.24607915	1.2689244	0.8053896	1.7699543	-0.33626604	13.859457	0.9239356	0.25900742	1.5751994	-0.51836705	2240000	-5.7113357e-05	0.16929111	0.015393231	-0.012202495	-0.056775868	1.5038514	0.007469162	0.098531246	79.0	2704.1033806800842
70	0.73546743	0.22664633	1.2798797	0.7989557	1.769986	-0.2954221	14.19758	0.91278696	0.28103328	1.5760005	-0.5073232	2272000	0.00020341808	0.16095524	0.015216339	-0.011350008	-0.06213928	1.4840572	0.007992683	0.09721875	79.0	2739.296868085861
71	0.724971	0.22734715	1.2803906	0.78589463	1.769986	-0.29448318	14.465391	0.91771376	0.30477196	1.6822844	-0.43213972	2304000	8.0066966e-05	0.17862514	0.015393436	-0.013532231	-0.07467002	1.4986312	0.007942712	0.09825	79.0	2780.2168917655945
72	0.7090903	0.25684386	1.2387247	0.81780815	1.7699543	-0.44884938	14.065275	0.87631154	0.33470762	1.7195349	-0.643924	2336000	8.727983e-05	0.16810912	0.01516051	-0.01284443	-0.05839754	1.4737735	0.007226006	0.100125	79.0	2821.407369375229
73	0.71989834	0.26281646	1.2319114	0.83643806	1.769986	-0.37743455	13.576199	0.9007416	0.30600396	1.5827162	-0.55257004	2368000	0.00012398511	0.17225316	0.014814957	-0.014030279	-0.07100685	1.4423485	0.0067915055	0.098375	79.0	2862.258686542511
74	0.75452125	0.20250353	1.3247119	0.76181	1.7699543	-0.34171054	14.572151	0.92924327	0.31190404	1.8406178	-0.9902674	2400000	-0.00029027928	0.17086698	0.015084226	-0.012737205	-0.060461245	1.4689555	0.010772817	0.11246875	79.0	2900.8052730560303
75	0.80532706	0.16610947	1.4108554	0.7088342	1.769986	-0.33566195	15.006617	0.92334604	0.26195106	1.5201477	-0.39802274	2432000	0.00030126795	0.14496726	0.014973294	-0.013330415	-0.05833149	1.4594797	0.008358137	0.091375	79.0	2940.5826613903046
76	0.76018643	0.22199796	1.3217963	0.77572346	1.7699969	-0.37917835	14.014159	0.9754106	0.25430423	1.5315083	-0.467915	2464000	0.000192184	0.14796142	0.014821999	-0.012792116	-0.048381396	1.4445727	0.008829385	0.09721875	79.0	3049.1862807273865
77	0.7708181	0.19013876	1.3469944	0.7559431	1.76977	-0.29793897	14.749537	0.92913526	0.27924585	1.5549438	-0.39620814	2496000	0.0002121143	0.13896707	0.014908575	-0.012225233	-0.047720283	1.4508337	0.008354291	0.09871875	79.0	3130.01362156868
78	0.72671837	0.21547519	1.2783711	0.7900972	1.7699597	-0.40040413	14.498169	0.90634775	0.30828127	1.5394301	-0.43838948	2528000	-0.00010368088	0.16537017	0.014964621	-0.011580471	-0.06222484	1.452445	0.006328477	0.0861875	79.0	3210.6583712100983
79	0.71945626	0.24856009	1.2493819	0.81735075	1.7699969	-0.39005587	13.909249	0.8791724	0.33516607	1.7304267	-0.5185818	2560000	-9.0800226e-05	0.15863174	0.014622538	-0.011977926	-0.060236424	1.4221004	0.005528357	0.08940625	79.0	3290.3663198947906
80	0.73284894	0.24610195	1.2625268	0.8186651	1.7699019	-0.3893828	13.78125	0.91394556	0.31544754	1.613688	-0.55837923	2592000	1.1321157e-05	0.15608875	0.014279008	-0.012662863	-0.059763215	1.3896409	0.0070740883	0.096875	79.0	3368.9537444114685
81	0.79056674	0.17417824	1.3767507	0.7388636	1.7699019	-0.2979052	14.491788	0.95745116	0.28827882	1.8748103	-0.53799886	2624000	-0.00033081998	0.14718248	0.0145310685	-0.013247402	-0.058358014	1.4069496	0.0073342114	0.094624996	79.0	3423.6944286823273
82	0.7980646	0.17590532	1.3916574	0.7253145	1.769986	-0.4300274	14.531935	0.9539175	0.26637992	1.5501926	-0.72041315	2656000	0.00013699196	0.14244324	0.014422707	-0.012812788	-0.054741234	1.4012761	0.0070847077	0.0925625	79.0	3464.651096343994
83	0.7584742	0.22034088	1.3116274	0.7912511	1.7697961	-0.42495382	13.801215	0.9700807	0.2699906	1.5045592	-0.5627355	2688000	0.00017334055	0.15597638	0.014403243	-0.012001175	-0.057658438	1.3948853	0.007772765	0.09315625	79.0	3504.81116437912
84	0.7597842	0.19443652	1.3372557	0.7531757	1.7699543	-0.43476498	14.462591	0.935851	0.3091419	1.7592627	-0.40783954	2720000	-5.670637e-05	0.1553693	0.014315777	-0.012741056	-0.0675527	1.3872244	0.007000031	0.09146875	79.0	3546.0846304893494
85	0.7086886	0.24281175	1.2429719	0.8124482	1.769986	-0.29354417	14.205725	0.89807224	0.3486964	1.7280955	-0.899631	2752000	4.2093452e-05	0.16754812	0.014471736	-0.012890028	-0.075641334	1.3986871	0.0076771555	0.098562494	79.0	3586.8453080654144
86	0.744558	0.21590763	1.3033297	0.780343	1.7699357	-0.28257355	14.182021	0.88438636	0.36280945	1.776825	-0.83933043	2784000	-0.00030573318	0.17886579	0.0141081335	-0.013198677	-0.08108701	1.3679142	0.0076115318	0.097875	79.0	3627.8286411762238
87	0.7272993	0.24676707	1.2541443	0.82140326	1.769986	-0.35317528	13.640223	0.9109305	0.3234247	1.6260794	-0.930141	2816000	-0.00015377998	0.14646342	0.0139524285	-0.01292433	-0.056775577	1.3460624	0.008581724	0.09771875	79.0	3668.436539888382
88	0.79040617	0.1724867	1.389243	0.7171523	1.7699543	-0.34683955	14.674256	0.9355795	0.29965544	1.8882333	-0.49165964	2848000	0.0002689925	0.16295591	0.014089482	-0.013443984	-0.07006327	1.3596681	0.008548582	0.10103125	79.0	3709.2254502773285
89	0.80107486	0.18448344	1.3890228	0.7343761	1.769986	-0.39015394	14.074468	0.97028273	0.24571282	1.5887285	-0.43254253	2880000	-0.0004690541	0.13389963	0.013590265	-0.013183944	-0.046316396	1.3155973	0.008044426	0.09253125	79.0	3746.9614174365997
90	0.77454937	0.19303171	1.3523686	0.75487983	1.7699357	-0.3574604	14.137212	0.972646	0.2903772	1.8022871	-0.4396443	2912000	4.948629e-05	0.13486934	0.013651582	-0.013516369	-0.04581707	1.3211379	0.007890726	0.0978125	79.0	3785.371371984482
91	0.7775667	0.18474731	1.3581227	0.7508078	1.7699543	-0.33855233	14.135472	0.94659907	0.30342284	1.6491576	-0.5257199	2944000	-1.3038516e-07	0.13056499	0.013455914	-0.01276432	-0.052479073	1.3018397	0.00669802	0.0956875	79.0	3823.3319668769836
92	0.733531	0.22944075	1.2753974	0.8029986	1.7697017	-0.33124098	13.8525305	0.9515698	0.30367276	1.7514971	-0.46011877	2976000	-3.3308752e-05	0.1625183	0.013570105	-0.012622606	-0.077398315	1.3127024	0.00788376	0.10115625	79.0	3865.4589138031006
93	0.7559364	0.20797697	1.3232538	0.7702814	1.7699543	-0.39753366	14.161765	0.92610633	0.33353192	1.6932918	-0.7725892	3008000	-6.9012865e-05	0.13884181	0.013353571	-0.01170873	-0.052382953	1.2907091	0.0070595522	0.085250005	79.0	3906.532124519348
94	0.76235807	0.21798538	1.3170317	0.78767556	1.7698092	-0.38362718	13.998679	0.9347108	0.31858262	1.7529099	-0.8282938	3040000	-0.00011490146	0.1394102	0.01332011	-0.012643982	-0.049204707	1.2826304	0.0068353578	0.092656255	79.0	3946.799571752548
95	0.7969154	0.14659509	1.3893758	0.7302864	1.7699969	-0.4008	14.807944	0.9316847	0.31080547	1.854636	-0.48861083	3072000	-5.2893534e-05	0.15781137	0.013671418	-0.01334242	-0.08070431	1.3136773	0.009705152	0.0948125	79.0	3987.9812335968018
96	0.8210356	0.15854764	1.4296001	0.7000549	1.769986	-0.392462	14.53702	0.9606473	0.30642608	1.7633634	-0.75116783	3104000	-0.00012285635	0.12677097	0.013387734	-0.01232248	-0.05156245	1.2951391	0.0074871904	0.08575	79.0	4029.6305227279663
97	0.7918863	0.18638398	1.378058	0.73987067	1.7699357	-0.33721158	14.179856	0.9857144	0.28813943	1.6508998	-0.6758121	3136000	4.7555193e-05	0.1318576	0.013234904	-0.013307006	-0.04561855	1.2776091	0.008361576	0.095750004	79.0	4070.964330434799
98	0.8098147	0.1550887	1.4075723	0.71753836	1.7699543	-0.31846613	14.415146	0.9541583	0.30049044	1.6844836	-0.50875413	3168000	0.0001759571	0.11386522	0.013185026	-0.013219679	-0.046503276	1.2730079	0.008391265	0.09990625	79.0	4111.692021369934
99	0.7439235	0.21505828	1.2973673	0.78879964	1.769986	-0.33339033	14.069469	0.9365576	0.32780573	1.7725661	-0.6166337	3200000	-0.00013415981	0.14909157	0.013285073	-0.012874518	-0.0679116	1.2777549	0.007697414	0.1009375	79.0	4153.01189661026
100	0.7598779	0.19620135	1.3300015	0.76448244	1.7699969	-0.30775937	14.269749	0.90853655	0.36419874	1.7661942	-0.9993388	3232000	-0.000129655	0.13094366	0.013133814	-0.012844706	-0.051061556	1.2721153	0.008452574	0.09446874	79.0	4194.822803974152
101	0.7518511	0.23063627	1.293306	0.80608404	1.7699543	-0.33065197	13.648706	0.94817173	0.3250443	1.725889	-1.1618104	3264000	7.7222474e-05	0.13534984	0.013001611	-0.013002965	-0.049035884	1.2534006	0.007860919	0.091	79.0	4235.6492874622345
102	0.81417394	0.15435626	1.4119369	0.7182556	1.7699019	-0.32305908	14.501371	0.9461289	0.32100528	1.9418279	-0.55223334	3296000	0.00015681144	0.14942747	0.012912703	-0.013903827	-0.06993218	1.2423649	0.008937957	0.096125	79.0	4276.221220493317
103	0.8557756	0.1290958	1.4942797	0.6339326	1.7698332	-0.3191654	14.742565	1.0040419	0.2533306	1.7374177	-0.322721	3328000	0.00017241575	0.121272564	0.012831211	-0.012964046	-0.05178139	1.2333963	0.007422368	0.08878125	79.0	4317.618341684341
104	0.7801008	0.19342697	1.3624924	0.7467158	1.7694931	-0.38124824	14.158199	1.0164557	0.25108355	1.6135098	-0.2628036	3360000	0.000121902674	0.13699567	0.012870604	-0.014269501	-0.05808447	1.2350525	0.009260154	0.114437506	79.0	4358.166581630707
105	0.8201518	0.14428133	1.441755	0.6770427	1.7699969	-0.358127	14.597145	0.94639695	0.3028882	1.7076094	-0.55403394	3392000	-0.00025323033	0.1193934	0.0125300195	-0.013709562	-0.049212195	1.2041235	0.009489048	0.10743751	79.0	4398.144555807114
106	0.73744094	0.22592556	1.2780538	0.8048655	1.7698855	-0.41548702	13.789565	0.93778044	0.31529215	1.6353078	-0.4670986	3424000	-0.00026023667	0.15220879	0.012780232	-0.012488939	-0.06740902	1.2289732	0.0075462526	0.091562495	79.0	4439.24563741684
107	0.75546455	0.20898369	1.3239069	0.7690815	1.7699335	-0.34329358	14.0	0.92041004	0.34963822	1.8220549	-1.2167248	3456000	3.4318306e-05	0.13961887	0.01243643	-0.011658444	-0.055507477	1.1968775	0.008067487	0.081156254	79.0	4480.63819026947
108	0.7747655	0.20942941	1.3381629	0.772675	1.7699357	-0.31987387	13.792535	0.9562269	0.33042744	1.8298366	-1.0540209	3488000	0.00018653553	0.12983471	0.012455363	-0.014172833	-0.046318926	1.1961372	0.008388935	0.09971875	79.0	4521.183264255524
109	0.8155237	0.15923594	1.4146523	0.71524274	1.769986	-0.33029887	14.130125	0.9671505	0.3078364	1.7941548	-0.5371044	3520000	2.091052e-05	0.12555659	0.012443046	-0.013312584	-0.04996287	1.1910427	0.00900943	0.09646875	79.0	4561.798712253571
110	0.81651044	0.15421394	1.423971	0.6998558	1.769986	-0.31360975	14.4412565	1.0014324	0.2631425	1.7085402	-0.38896674	3552000	-0.00015328266	0.12761676	0.012515098	-0.014172953	-0.058539763	1.1974412	0.009657256	0.10125	79.0	4602.3347635269165
111	0.8000396	0.17841741	1.3936511	0.7235362	1.7699543	-0.34765092	14.155526	1.0146286	0.23486963	1.9250932	-0.34077862	3584000	-0.00020627957	0.13727191	0.01228789	-0.013207224	-0.06499244	1.1753924	0.008263884	0.09378125	79.0	4642.466048955917
112	0.80197537	0.16756272	1.39376	0.72818327	1.7696811	-0.35236344	14.055654	0.97182494	0.2743286	1.6318488	-0.61275244	3616000	-6.267056e-05	0.12359136	0.012211254	-0.012920027	-0.051612288	1.172285	0.0070927404	0.09571875	79.0	4683.541709423065
113	0.73878515	0.2250849	1.284918	0.79774815	1.7699543	-0.46982995	13.6061	0.9529829	0.3302692	1.821757	-0.5495813	3648000	-0.000110311434	0.14495423	0.012421776	-0.012929061	-0.06889558	1.1911812	0.0074066636	0.090937495	79.0	4723.799733877182
114	0.7629434	0.20714168	1.3401222	0.7539102	1.769986	-0.30160505	13.832752	0.93289614	0.3444575	2.2663882	-1.2013824	3680000	-6.209966e-05	0.1410526	0.012117169	-0.012311492	-0.06443915	1.1628149	0.0071723014	0.088656254	79.0	4764.878027200699
115	0.77394485	0.21910802	1.3381029	0.76951706	1.7699543	-0.28594512	13.623287	0.95059556	0.33337626	1.7448506	-1.1104702	3712000	0.0001730537	0.13614899	0.012172088	-0.014446804	-0.045517705	1.1631744	0.009588344	0.10043751	79.0	4806.2164080142975
116	0.8629737	0.12607294	1.5002066	0.6366774	1.7699969	-0.39697108	14.32973	0.9804146	0.27178547	1.8423743	-0.5029079	3744000	9.879656e-05	0.109013006	0.011886377	-0.012323948	-0.048037596	1.134862	0.007644483	0.09034375	79.0	4847.919913053513
117	0.8436866	0.1488958	1.4650415	0.67091036	1.769986	-0.45730504	14.185715	1.0322316	0.2558663	1.8169626	-0.43989578	3776000	0.00051865634	0.10984808	0.011908483	-0.0134654185	-0.04115561	1.1404693	0.0075513404	0.10078125	79.0	4889.855444431305
118	0.80824	0.18131062	1.4004152	0.72795904	1.769986	-0.34962794	13.777344	1.0416	0.23215124	1.7986795	-0.5399298	3808000	-0.0001589884	0.11813454	0.011792436	-0.0132410135	-0.051861465	1.1267204	0.0075282883	0.1035	79.0	4930.914470672607
119	0.8231448	0.16110384	1.4247174	0.71086556	1.769986	-0.3339876	13.815538	0.99782014	0.27336037	1.9994805	-0.46839127	3840000	0.00018739607	0.09868017	0.011736862	-0.01270476	-0.043061633	1.1276624	0.0074116793	0.090312496	79.0	4971.98354434967
120	0.76167786	0.21445882	1.3225257	0.7776659	1.7699335	-0.38941804	13.561329	0.9731926	0.32057208	1.6911213	-0.71001863	3872000	-5.063135e-05	0.13314141	0.0119878985	-0.012832487	-0.059935167	1.1459278	0.007873242	0.09340625	79.0	5013.658718109131
121	0.7594701	0.22679093	1.3172691	0.7802213	1.7698855	-0.33057398	13.458405	0.9572688	0.33845738	1.8267803	-0.8726342	3904000	0.00018335134	0.13867348	0.011766169	-0.013998233	-0.060998112	1.1302085	0.008191558	0.10003125	79.0	5053.933203697205
122	0.82055414	0.15572838	1.4269994	0.70082253	1.769986	-0.40280208	14.220879	0.94677454	0.32293338	1.7244426	-1.3818178	3936000	-0.00013037957	0.1253413	0.011951938	-0.013471963	-0.05555907	1.1381534	0.009507906	0.0985625	79.0	5094.651791334152
123	0.8409184	0.13882163	1.4638565	0.66923285	1.7699543	-0.27958956	14.26167	0.98775	0.28364062	1.7031181	-0.5170849	3968000	0.00036327634	0.11127633	0.011785526	-0.013504252	-0.04681749	1.1279888	0.006533298	0.0926875	79.0	5136.227450609207
124	0.85644275	0.119904526	1.4941492	0.6338055	1.7699543	-0.31654036	14.30946	1.0158225	0.25354344	1.6996204	-0.43038285	4000000	0.00018822774	0.10005985	0.011703137	-0.014260033	-0.04061061	1.1187251	0.010277575	0.1050625	79.0	5176.56484913826
125	0.80536336	0.17865959	1.4018438	0.7231671	1.7699543	-0.41651106	13.826957	1.040658	0.25409842	1.8332154	-0.68459886	4032000	-0.0001410339	0.1174985	0.0116894655	-0.012553701	-0.05039043	1.1164415	0.007372071	0.09909375	79.0	5218.17271399498
126	0.79463565	0.18639937	1.3735074	0.751833	1.7699969	-0.32095483	13.491072	0.98614585	0.29974636	1.6071596	-0.49498442	4064000	-0.00014534872	0.10987283	0.011525769	-0.013217298	-0.052013278	1.102212	0.008011515	0.0869375	79.0	5257.3946080207825
127	0.7695476	0.20797342	1.3390791	0.7628474	1.7699969	-0.37269905	13.669966	0.96023047	0.33089572	1.8032829	-0.78853816	4096000	6.5825414e-05	0.13402435	0.011733083	-0.012893189	-0.064400345	1.1165905	0.0070235995	0.09521875	79.0	5298.148904323578
128	0.7855912	0.20398468	1.358315	0.7574147	1.769986	-0.3738678	13.775173	0.9673882	0.3322747	1.8710171	-0.8648482	4128000	7.053465e-05	0.13171989	0.011550512	-0.0130128	-0.06476181	1.1029928	0.00777365	0.08625	79.0	5338.342538356781
129	0.8027339	0.18489112	1.3927721	0.7300239	1.7699543	-0.34856784	13.877185	0.9708982	0.3044246	1.8127502	-0.9090967	4160000	5.791709e-05	0.12960559	0.011638738	-0.012807945	-0.060283996	1.111136	0.007358918	0.0906875	79.0	5379.288838624954
130	0.8398955	0.1435847	1.4608542	0.67225415	1.769986	-0.29845777	14.260792	0.9950338	0.27818874	1.8633692	-0.5057759	4192000	0.000109562185	0.11695786	0.01164663	-0.013898049	-0.045675647	1.1127319	0.00791456	0.092875004	79.0	5420.93732213974
131	0.87002265	0.1058059	1.5262188	0.59441435	1.7699597	-0.35402936	14.735595	1.0202553	0.26315036	1.7130593	-0.46205613	4224000	7.4512325e-05	0.10268295	0.011548949	-0.012913305	-0.04860278	1.0986553	0.006969873	0.09609375	79.0	5461.816641807556
132	0.84035474	0.14527492	1.4665962	0.6666831	1.7699543	-0.34316683	13.969737	1.0539705	0.23965964	1.7099392	-0.60679656	4256000	0.0001700595	0.10261543	0.011364199	-0.013383465	-0.04648783	1.0817379	0.009242579	0.0970625	79.0	5503.081969022751
133	0.80742717	0.16207764	1.4117666	0.71037203	1.7695686	-0.30661455	13.989877	1.019226	0.269012	1.774526	-0.6568605	4288000	4.727021e-05	0.11758572	0.011699198	-0.013062414	-0.05504944	1.1157292	0.007230252	0.09359375	79.0	5543.545696973801
134	0.7786552	0.2006909	1.3509293	0.75931853	1.7699543	-0.37564465	13.617496	0.9771112	0.31222197	1.7492287	-0.55477595	4320000	-8.7884255e-05	0.13285807	0.011858677	-0.013501931	-0.06977097	1.1338885	0.00758521	0.0996875	79.0	5585.154442310333
135	0.80282795	0.18467131	1.393131	0.729853	1.7699969	-0.38071904	14.103463	0.978755	0.33395907	1.8511124	-1.2712454	4352000	-8.643838e-05	0.14318119	0.011745466	-0.012569321	-0.072841614	1.1218493	0.008028663	0.0975625	79.0	5626.5926303863525
136	0.82279426	0.17184009	1.4277784	0.7064638	1.7699969	-0.3597766	13.891608	0.9683914	0.3129705	1.7084562	-0.525645	4384000	-8.3187595e-05	0.11961341	0.011585887	-0.012897986	-0.051360436	1.1038451	0.007933266	0.093375	79.0	5668.097687005997
137	0.8484936	0.14246774	1.4779296	0.65666944	1.769986	-0.31723776	14.190071	1.0033069	0.28228012	1.9687887	-0.77348006	4416000	9.2285685e-05	0.105437696	0.011426507	-0.013307595	-0.03990348	1.0881875	0.009211833	0.10121875	79.0	5709.223912000656
138	0.84243697	0.14495188	1.47113	0.6581944	1.769986	-0.3978229	14.258977	1.0227995	0.2556056	1.8125995	-0.5787902	4448000	4.218798e-05	0.11605755	0.011367675	-0.014865974	-0.055766165	1.0795662	0.008306994	0.105187505	79.0	5750.437949180603
139	0.8367733	0.14337534	1.4658899	0.6630061	1.7699019	-0.32192802	14.21595	1.0373862	0.23720366	1.763897	-0.49467093	4480000	7.574633e-05	0.10009423	0.011484979	-0.013217831	-0.03974674	1.09125	0.0068917135	0.07871875	79.0	5791.897252321243
140	0.8342713	0.14011186	1.4617865	0.663035	1.7699357	-0.33680278	14.297213	1.0027145	0.27913353	1.801919	-0.6994072	4512000	0.0001587579	0.10616475	0.011590976	-0.013166202	-0.04617819	1.1032219	0.006847133	0.09240625	79.0	5833.222967386246
141	0.7637907	0.19360293	1.3374674	0.7560831	1.769986	-0.2955838	14.015901	0.9756031	0.31557745	1.7668226	-0.5028203	4544000	0.0002877675	0.118893996	0.011920484	-0.015308349	-0.047730837	1.1335087	0.008801186	0.099125	79.0	5873.578485250473
142	0.8059318	0.1815535	1.4001364	0.72232866	1.7699543	-0.29739395	14.27843	0.9695777	0.30243456	1.6460826	-0.36580837	4576000	-0.00013778685	0.10743454	0.011611661	-0.014196159	-0.039819807	1.1059663	0.007706363	0.100468755	79.0	5915.1568439006805
143	0.8200203	0.16725813	1.4271913	0.7002329	1.7699969	-0.31478524	14.173214	0.9800535	0.30809057	1.7682418	-0.8482311	4608000	-7.929839e-05	0.118362084	0.011486873	-0.013693323	-0.04800421	1.0882715	0.0072688726	0.0985	79.0	5955.903400659561
144	0.8344127	0.13640833	1.4560387	0.6742817	1.769986	-0.43152946	14.497268	0.979093	0.2982488	1.7586069	-0.73381054	4640000	-9.867828e-06	0.12505496	0.011311214	-0.01398293	-0.057093054	1.0731051	0.009078432	0.09440625	79.0	5995.541721105576
145	0.8691113	0.114427924	1.5166453	0.6089947	1.7698224	-0.46096274	14.56422	0.998941	0.29544458	1.9105932	-0.6118238	4672000	6.64033e-06	0.08675215	0.011310137	-0.013909958	-0.031726055	1.0688313	0.008631202	0.096125	79.0	6036.065198898315
146	0.85247576	0.14229146	1.4813747	0.65462375	1.7698593	-0.30734345	13.977513	1.0625278	0.2152308	1.5874524	-0.41484624	4704000	5.4261647e-05	0.09725618	0.01096307	-0.013830963	-0.047803983	1.0397983	0.008110954	0.09471875	79.0	6076.610447883606
147	0.86098313	0.124694794	1.4994537	0.6356487	1.7699543	-0.31484216	14.179338	1.0290016	0.27005485	1.675497	-0.6324176	4736000	0.00032251887	0.086919844	0.010928403	-0.013804181	-0.044747762	1.0373167	0.008619349	0.092781246	79.0	6117.216503381729
148	0.7877527	0.1824424	1.3681152	0.7494172	1.7699543	-0.41317156	13.82709	0.99915993	0.29947022	1.6422088	-0.567647	4768000	0.00026249886	0.112424	0.01144557	-0.013262834	-0.0563099	1.0831988	0.007629083	0.0853125	79.0	6158.014026880264
149	0.81446326	0.16929781	1.4143348	0.7126793	1.7699543	-0.3047343	13.976233	0.9813429	0.3148156	1.672482	-0.7245573	4800000	0.00021336786	0.11088818	0.011291536	-0.014258256	-0.052331783	1.0713046	0.009272369	0.102031246	79.0	6199.8883645534515
150	0.8192998	0.16822311	1.4230213	0.7073969	1.7699543	-0.32851404	14.0904255	1.0100753	0.28336933	1.9726107	-0.7359068	4832000	-3.5315752e-06	0.11419337	0.011207513	-0.014074523	-0.040364146	1.0600936	0.0059556863	0.093125	79.0	6241.181220293045
151	0.86501145	0.12019798	1.5122622	0.6134745	1.7698855	-0.28409806	14.4562845	1.0038579	0.2736285	1.9121299	-0.62349397	4864000	-7.0315786e-05	0.10487739	0.010871893	-0.013422848	-0.04814235	1.030091	0.008295681	0.093812495	79.0	6282.614267587662
152	0.8822384	0.0991784	1.5465512	0.5714818	1.7699543	-0.33710107	14.6445675	1.0427098	0.24218862	1.6451757	-0.5099299	4896000	-0.00018961495	0.085599825	0.010957995	-0.013437463	-0.03202019	1.0353926	0.008465316	0.09590624	79.0	6323.9088089466095
153	0.850281	0.13003464	1.4923147	0.63354117	1.7699597	-0.31755343	14.148396	1.0592006	0.23860148	1.6440221	-0.3956321	4928000	-6.938726e-05	0.086833954	0.010767686	-0.013045032	-0.036661714	1.0171342	0.0065178266	0.09468751	79.0	6364.880145311356
154	0.86244386	0.11713868	1.5112491	0.6159305	1.7699969	-0.34654307	14.413496	1.02893	0.2653136	1.8863621	-0.6687809	4960000	0.00019679032	0.08865067	0.01081162	-0.0134732835	-0.034301512	1.0211418	0.009766543	0.096687496	79.0	6405.466939210892
155	0.81543803	0.15735975	1.4242936	0.6973387	1.7699543	-0.3901328	14.097961	1.0059812	0.2906286	1.5852928	-0.7409945	4992000	-1.8565916e-05	0.113591075	0.011315523	-0.012604637	-0.062182978	1.0654013	0.0067047104	0.08134375	79.0	6447.0188982486725
156	0.8079946	0.16515775	1.4110504	0.70915926	1.7699019	-0.3019034	14.1121	0.9874595	0.3287817	1.6342896	-0.74196047	5024000	-7.214071e-05	0.10104978	0.011149234	-0.013108205	-0.0480473	1.052407	0.0070559345	0.092625	79.0	6486.700872421265
157	0.79979694	0.1824631	1.3985797	0.71584564	1.769986	-0.32941797	13.999559	0.98372203	0.29630232	1.9053559	-0.54106617	5056000	0.00021663867	0.12526128	0.011069369	-0.0150497705	-0.049519695	1.0432482	0.0073672803	0.09171875	79.0	6527.9000334739685
158	0.8794844	0.11329431	1.5284275	0.61014485	1.7698855	-0.29691866	14.288288	0.98764586	0.2984682	1.8250252	-0.707996	5088000	8.327793e-05	0.09090307	0.010848613	-0.012049428	-0.04831038	1.0219464	0.0072007375	0.087531246	79.0	6568.5350461006165
159	0.90978605	0.069285326	1.6052791	0.48014474	1.7699543	-0.2909937	14.878987	1.0515383	0.25435036	2.0125203	-0.6198706	5120000	0.00021658652	0.0784122	0.010799094	-0.013752127	-0.034572117	1.0194781	0.0078275185	0.09559375	79.0	6610.172999620438
160	0.8481307	0.1378316	1.482928	0.65031064	1.7698092	-0.29368612	13.852095	1.0757273	0.19335009	1.5687394	-0.40905625	5152000	-8.9578796e-05	0.08827879	0.010564888	-0.013211355	-0.041097328	0.9949596	0.008612629	0.095343746	79.0	6650.3949320316315
161	0.87149227	0.10994617	1.5294393	0.59361804	1.7698593	-0.3304822	14.34973	1.0246885	0.27411038	1.744701	-0.66605705	5184000	-0.00017529912	0.07213739	0.010664266	-0.0134912785	-0.03215827	1.0086434	0.010200762	0.10393751	79.0	6691.287281751633
162	0.8175005	0.16312979	1.4209993	0.71143275	1.769986	-0.38507226	13.937719	1.0180687	0.28136057	1.5834047	-0.8661606	5216000	-0.00019461755	0.1082751	0.011112496	-0.0139332805	-0.058975816	1.0477233	0.009599385	0.101500005	79.0	6732.546401023865
163	0.8314155	0.15084606	1.4484305	0.6844311	1.7699543	-0.2914979	13.8169565	1.0013381	0.31855863	1.7210964	-0.69037586	5248000	7.298961e-05	0.08301078	0.010840529	-0.01340447	-0.039796628	1.0230929	0.0079536885	0.09503125	79.0	6773.291173458099
164	0.83569777	0.13839507	1.4638739	0.66284806	1.7699597	-0.40344024	14.361462	1.0096	0.28404185	1.8236834	-0.7340951	5280000	-1.2141652e-05	0.10922024	0.011025578	-0.013291433	-0.045773163	1.0350392	0.008277677	0.09609375	79.0	6814.282232046127
165	0.84215194	0.13602449	1.4715035	0.65676564	1.7699543	-0.41717198	14.133215	1.0069089	0.29252753	1.8809448	-0.5550072	5312000	0.0001241155	0.10672097	0.010755617	-0.01344705	-0.042328127	1.0131423	0.007886496	0.090375006	79.0	6855.361588716507
166	0.9164871	0.06482035	1.6144644	0.4660687	1.769986	-0.27506113	14.789645	1.0469866	0.23227581	1.7152629	-0.54153216	5344000	0.00034891441	0.07147507	0.010716492	-0.013826908	-0.028276412	1.0085261	0.009176677	0.09325001	79.0	6895.225873231888
167	0.8451276	0.13139415	1.488736	0.6313681	1.7699597	-0.35974368	14.116103	1.06855	0.20797582	1.6701769	-0.12518081	5376000	0.00040848134	0.10271084	0.010618648	-0.014015805	-0.04640755	1.0002303	0.008232223	0.101312496	79.0	6936.637095451355
168	0.8566133	0.12172159	1.5064886	0.6213749	1.7699357	-0.32315063	14.2338705	1.0229135	0.27034116	1.8703111	-0.7628923	5408000	8.168677e-05	0.094286375	0.010670831	-0.0132928975	-0.044356763	1.0005777	0.0068328874	0.088062495	79.0	6978.071542024612
169	0.82638633	0.14881274	1.4488556	0.6756919	1.769986	-0.3629446	13.93958	1.0198653	0.2636605	1.6637775	-0.35667455	5440000	-7.3420815e-05	0.10574091	0.010857752	-0.014180591	-0.055350438	1.020225	0.008127772	0.09196875	79.0	7018.065076351166
170	0.8233732	0.15489176	1.4421002	0.68251944	1.7698593	-0.253585	13.958627	1.016947	0.28602237	1.7767656	-0.54211694	5472000	1.8002465e-05	0.104699254	0.010761684	-0.014694063	-0.04642409	1.0165331	0.007640534	0.09228125	79.0	7059.882478475571
171	0.85204154	0.14267465	1.4802775	0.65504813	1.7699969	-0.3076418	14.005291	0.99603933	0.293025	1.763036	-0.5345351	5504000	0.00011215918	0.09063831	0.010564547	-0.012293997	-0.038872894	0.9936169	0.0053658057	0.084562495	79.0	7101.013421535492
172	0.8666294	0.115430646	1.515953	0.61376166	1.7699543	-0.3209434	14.113879	1.0300409	0.273876	1.8529879	-0.6502303	5536000	-3.5536475e-05	0.08892032	0.010446999	-0.012528785	-0.040788133	0.9780253	0.0077065714	0.08337501	79.0	7143.052774429321
173	0.8846006	0.085567065	1.5639976	0.53154707	1.7699543	-0.26851645	14.781134	1.0476242	0.26852265	1.7175333	-0.8212277	5568000	3.0485913e-05	0.106055774	0.010774457	-0.0150300525	-0.039142862	1.0126607	0.008764545	0.0961875	79.0	7183.934468746185
174	0.86494684	0.100219935	1.5258225	0.5896828	1.7699357	-0.39889213	14.599083	1.0465381	0.2261228	1.6364065	-0.19282965	5600000	0.00010273419	0.09212952	0.010560963	-0.013840208	-0.04038699	0.98738456	0.006581354	0.10121875	79.0	7224.345566034317
175	0.8562014	0.11080836	1.5159608	0.59640473	1.7699543	-0.31598145	14.452272	1.0259949	0.2620669	1.524263	-0.3997565	5632000	2.3996457e-05	0.08812788	0.010413559	-0.012802178	-0.032666314	0.97704935	0.009027334	0.09590625	79.0	7265.506173372269
176	0.819994	0.1499227	1.434555	0.69132173	1.7699019	-0.30471286	14.016343	1.0173382	0.26096463	1.6081504	-0.3498279	5664000	5.6491e-05	0.104228675	0.010942014	-0.014779793	-0.055239163	1.0215713	0.010161159	0.102749996	79.0	7307.197946310043
177	0.84237605	0.14366104	1.4689159	0.664472	1.7699597	-0.2567933	13.762132	1.0139439	0.29517823	1.757395	-0.68037426	5696000	8.50847e-05	0.0833762	0.01043206	-0.015106512	-0.041040026	0.9838695	0.007671897	0.096	79.0	7346.960732221603
178	0.8353306	0.14657338	1.4602395	0.66866857	1.769986	-0.29309782	14.145089	1.0047052	0.30479196	1.6870986	-1.1538812	5728000	-2.910709e-05	0.10861726	0.010509488	-0.013890663	-0.051416636	0.9854615	0.008752655	0.0985	79.0	7388.175771474838
179	0.86021054	0.12166233	1.5019895	0.6285949	1.7697809	-0.3779258	13.94386	1.0299488	0.26780468	1.7696948	-0.471308	5760000	5.883351e-05	0.1025752	0.010272348	-0.014717018	-0.04789074	0.9597795	0.0073701018	0.095750004	79.0	7427.676471948624
180	0.8940439	0.0896236	1.5663553	0.54951066	1.7699969	-0.29258794	14.35946	1.0570366	0.23377632	1.7363826	-0.33046782	5792000	-7.522991e-05	0.081544735	0.01038048	-0.014338888	-0.031307213	0.974643	0.009304032	0.1010625	79.0	7468.652458906174
181	0.8741909	0.111469366	1.5314698	0.5920567	1.7698092	-0.31684124	14.144128	1.067383	0.20564142	1.6155591	-0.64359385	5824000	4.9697235e-05	0.088070564	0.010194534	-0.0141819045	-0.034854166	0.95328385	0.0074761985	0.096375	79.0	7509.457199335098
182	0.8626158	0.11544532	1.5207478	0.5937368	1.769986	-0.3202909	14.384545	1.0350373	0.25610617	1.5975468	-0.7205628	5856000	-1.5657395e-05	0.08999351	0.0102714375	-0.014299655	-0.039159186	0.9658377	0.0073850956	0.09375	79.0	7550.026141881943
183	0.8403978	0.13776585	1.46956	0.6602329	1.7698092	-0.3589343	14.00531	1.0174683	0.2749237	1.6627352	-0.7666697	5888000	7.681176e-05	0.106807694	0.010670373	-0.014058526	-0.05523473	1.0010421	0.007034174	0.094375	79.0	7589.924580812454
184	0.85368747	0.12246479	1.4963338	0.6323909	1.7699357	-0.37966973	14.307762	1.0225003	0.30101454	1.9302237	-0.56816864	5920000	-5.008094e-05	0.08309364	0.010601491	-0.014189149	-0.035531655	0.99754715	0.008041887	0.09340625	79.0	7631.439258337021
185	0.85984874	0.12542897	1.5064986	0.6221898	1.7699597	-0.34706795	14.256733	1.0258145	0.27694973	1.6748792	-0.71859145	5952000	4.071556e-05	0.09176169	0.010351064	-0.014043508	-0.043449745	0.9712022	0.0070795002	0.09415625	79.0	7672.598252534866
186	0.899822	0.09105788	1.5693994	0.55223763	1.7698092	-0.30951574	14.282764	1.0261003	0.26967865	1.7446734	-0.6868379	5984000	5.1895157e-05	0.06963308	0.010046754	-0.0135138575	-0.027844094	0.93838763	0.007168821	0.08959375	79.0	7713.858546972275
187	0.90839434	0.073188834	1.5973111	0.4954042	1.7698855	-0.2583292	14.634899	1.0898992	0.20627336	1.79007	-0.4277647	6016000	0.00012120046	0.076538935	0.010138992	-0.014607115	-0.030230194	0.94888353	0.008168675	0.0959375	79.0	7753.61608171463
188	0.86486435	0.105397195	1.5277904	0.5846686	1.7698593	-0.32554734	14.546703	1.076233	0.20245025	1.5959058	0.011938915	6048000	-0.00016709603	0.10093254	0.010185662	-0.013801463	-0.041817844	0.94869876	0.008432159	0.09406249	79.0	7794.459226369858
189	0.8946967	0.092775285	1.5641831	0.5605071	1.7698332	-0.32382894	14.177232	1.0378405	0.2585409	1.6117718	-0.5014573	6080000	-0.000118504744	0.07121782	0.009997413	-0.012204589	-0.036294863	0.9403785	0.0065235575	0.082375005	79.0	7834.271001577377
190	0.84711885	0.14062376	1.4759704	0.6555789	1.7699543	-0.37060195	13.692771	1.0511745	0.23969606	1.62404	-0.47570968	6112000	-0.00021218229	0.09020244	0.010247778	-0.014610637	-0.03761489	0.9597391	0.008016063	0.08959375	79.0	7875.021959543228
191	0.8424328	0.14158356	1.468642	0.6652829	1.769986	-0.409851	13.930823	1.0413802	0.28054866	1.8783582	-0.5307828	6144000	-5.5266544e-05	0.09644596	0.010299584	-0.014963688	-0.05455918	0.9664692	0.0094635915	0.09803125	79.0	7915.826882600784
192	0.8532082	0.12696262	1.4933465	0.63067317	1.769986	-0.30554494	14.232079	1.01145	0.31834626	1.7867806	-0.9077189	6176000	-6.797444e-05	0.08267018	0.010225777	-0.014060731	-0.030055325	0.9577708	0.0069901473	0.093281254	79.0	7957.35653924942
193	0.8831732	0.10205887	1.5479712	0.5740967	1.7698092	-0.32539728	14.252698	1.0336741	0.25329503	1.7485701	-0.50194097	6208000	7.598754e-05	0.07131328	0.009832371	-0.012952499	-0.028893307	0.91765296	0.008319834	0.0966875	79.0	7998.296545982361
194	0.93050325	0.05835048	1.6330525	0.4447101	1.7699357	-0.2650526	14.510949	1.078422	0.21863857	1.7502254	-0.45946866	6240000	-6.9616362e-06	0.057761155	0.009785049	-0.0135470005	-0.02089422	0.9171953	0.0076934835	0.08775	79.0	8038.256613254547
195	0.87849456	0.09973879	1.5421636	0.5747284	1.769986	-0.2900644	14.312051	1.1037809	0.18060525	1.60275	-0.2716925	6272000	-0.00014040805	0.10060917	0.009952269	-0.014620762	-0.043859236	0.926797	0.008447841	0.09815624	79.0	8078.339221954346
196	0.8819996	0.107283846	1.5418886	0.58443344	1.7699357	-0.35467762	14.050353	1.0320635	0.27164274	1.7015172	-0.61004776	6304000	-3.2642507e-05	0.08166884	0.00964099	-0.013966241	-0.03797538	0.90890074	0.0063633737	0.087500006	79.0	8119.936877012253
197	0.860065	0.13636065	1.4935056	0.646151	1.7699543	-0.47223637	13.75	1.0619239	0.23917975	1.5906621	-0.65459746	6336000	-0.0002136454	0.085613765	0.009907789	-0.013742868	-0.053794734	0.9282189	0.008993361	0.09746875	79.0	8160.984915733337
198	0.8386094	0.1436305	1.464013	0.6655008	1.7698092	-0.2973939	13.925439	1.0352789	0.3007541	1.717437	-0.6526414	6368000	7.6962635e-05	0.08408472	0.010087703	-0.013619541	-0.032464433	0.94683874	0.006806491	0.08440625	79.0	8200.803970336914
199	0.84217167	0.13818395	1.4692471	0.6615116	1.7699543	-0.317562	14.089539	1.0176251	0.29305398	1.6528213	-1.4477038	6400000	3.0178577e-05	0.103794	0.009987839	-0.0132258255	-0.042478886	0.93681943	0.006871405	0.08421875	79.0	8245.333906412125
200	0.88085306	0.10653965	1.5395957	0.5855627	1.769986	-0.31157163	14.084813	1.0366142	0.26386827	1.813875	-0.71224296	6432000	-7.389486e-05	0.08759439	0.00960439	-0.014017392	-0.03447847	0.8990145	0.0090562515	0.09384376	79.0	8287.009251356125
201	0.9093342	0.06397785	1.6058023	0.47716862	1.769986	-0.30889937	14.610702	1.0707693	0.23273149	1.8489276	-0.34656036	6464000	6.919913e-05	0.07789483	0.009690674	-0.0141106695	-0.032200046	0.90640736	0.009655284	0.0984375	79.0	8328.355105161667
202	0.8991332	0.09009494	1.5729069	0.54293334	1.7698964	-0.2734539	14.1836	1.0870694	0.17349514	1.6165677	-0.22434449	6496000	8.186791e-05	0.07605803	0.009639736	-0.013506211	-0.03682369	0.8996363	0.0065495665	0.08643751	79.0	8368.496527671814
203	0.87630796	0.10413906	1.5434775	0.5724084	1.7699357	-0.3224709	14.073451	1.0688283	0.23299138	1.5809947	-0.4893455	6528000	-0.000132591	0.0737923	0.009554959	-0.013161445	-0.027822286	0.89767313	0.007705879	0.08934376	79.0	8408.644305467606
204	0.83242404	0.14993042	1.4531606	0.6762384	1.7699335	-0.345213	13.785652	1.0326496	0.2902193	1.8336774	-0.5099681	6560000	5.7282392e-05	0.101135805	0.009946283	-0.014536922	-0.054830372	0.926	0.009592725	0.09971875	79.0	8449.377004384995
205	0.84319437	0.14995503	1.4681706	0.6652058	1.7699543	-0.34551406	13.577055	1.0153354	0.3083174	1.6265972	-0.87983173	6592000	-1.6652048e-05	0.07902289	0.009815933	-0.014630051	-0.03567494	0.9240004	0.007379663	0.09615625	79.0	8488.946303367615
206	0.83315367	0.15262909	1.4635141	0.65753096	1.7697809	-0.45131904	13.960387	1.0134268	0.29343137	1.5894443	-0.71217644	6624000	7.664785e-06	0.102495834	0.009751292	-0.014596907	-0.04381103	0.9104655	0.008821856	0.095	79.0	8530.219975709915
207	0.8788067	0.108494304	1.5325259	0.59475875	1.7699969	-0.40562013	13.918421	1.0109303	0.27846366	1.77428	-0.83874714	6656000	-0.00014148094	0.09567591	0.009403639	-0.01388744	-0.041858263	0.87969893	0.006377412	0.09284375	79.0	8570.443376541138
208	0.8883039	0.1027596	1.5528243	0.5629121	1.7699543	-0.31279102	13.92338	1.0789758	0.20256644	1.7315147	-0.44988024	6688000	-5.2107498e-05	0.074660026	0.009359948	-0.014855208	-0.026478995	0.8735211	0.008914786	0.09103125	79.0	8612.475266695023
209	0.8812934	0.10799342	1.5443044	0.57239455	1.769986	-0.24829479	13.997359	1.0568296	0.22760454	1.559161	-0.6830418	6720000	-8.98866e-05	0.071907565	0.009581386	-0.014886926	-0.03240563	0.89593226	0.0072519397	0.0916875	79.0	8652.82994222641
210	0.9018467	0.09111105	1.5753736	0.5484256	1.769986	-0.37438276	13.95167	1.078817	0.20799547	1.7545499	-0.4224237	6752000	-0.00016043056	0.06248565	0.009437425	-0.014865531	-0.027631164	0.8858216	0.0077286176	0.096875004	79.0	8693.862649440765
211	0.8377135	0.15026851	1.458892	0.67573756	1.7698092	-0.32295236	13.496186	1.0627115	0.26038563	1.7018995	-0.59600675	6784000	-1.4657155e-05	0.097470805	0.009763412	-0.014984811	-0.049589656	0.9125879	0.008234826	0.10475	79.0	8733.636219978333
212	0.8572761	0.12503588	1.4983764	0.63355476	1.7699543	-0.35487264	13.975265	1.0273354	0.29579166	1.5442398	-0.72096926	6816000	-0.00019082427	0.07506803	0.009949644	-0.014047465	-0.038531527	0.930169	0.007911819	0.09625	79.0	8773.9437084198
213	0.8503769	0.14260045	1.4787593	0.6584004	1.7699597	-0.36973405	13.855836	1.0322573	0.27943137	1.7047846	-1.2175136	6848000	0.0002060635	0.09244527	0.009617293	-0.014263873	-0.03516115	0.8993609	0.0074009625	0.08821875	79.0	8814.675620555878
214	0.89068574	0.09127371	1.5607046	0.5585108	1.7699969	-0.26497293	14.214605	1.0307336	0.2649419	1.8274866	-0.6322267	6880000	0.000115254894	0.08350026	0.009429625	-0.014781997	-0.036823265	0.88025486	0.009319028	0.098875	79.0	8856.587265014648
215	0.9364592	0.052477673	1.6425639	0.42434633	1.7699543	-0.27372158	14.569927	1.0816977	0.1968085	1.7394017	-0.5063751	6912000	7.670373e-06	0.056714416	0.009398451	-0.0138639575	-0.026470475	0.87819314	0.008175102	0.088968754	79.0	8897.695933818817
216	0.8937609	0.09919335	1.5634772	0.5562475	1.7698593	-0.27859962	13.882635	1.097349	0.18447395	1.5721482	-0.46940064	6944000	-0.00024719583	0.058191564	0.009384777	-0.013971277	-0.018619312	0.87620676	0.007654851	0.09521875	79.0	8940.059717655182
217	0.88058233	0.103303015	1.5443164	0.5781529	1.7699543	-0.30956975	13.980599	1.083302	0.22983162	1.6717391	-0.60630023	6976000	0.0001618797	0.069189146	0.009455476	-0.014798384	-0.0266317	0.8849595	0.009339833	0.1025	79.0	8981.419561862946
218	0.8702892	0.12105268	1.5155913	0.61915547	1.7699597	-0.38525072	13.782609	1.0626047	0.26655456	1.8222959	-0.4723178	7008000	9.856466e-05	0.060497314	0.0096493885	-0.013703289	-0.02922288	0.89811695	0.0093177315	0.09837499	79.0	9021.922196626663
219	0.8595049	0.12814325	1.4996029	0.6326937	1.7699543	-0.32760134	13.967048	1.0455105	0.30275106	1.9909787	-0.6754123	7040000	3.0056573e-05	0.062821	0.009719806	-0.014294005	-0.025738942	0.91035664	0.007270905	0.094906256	79.0	9062.716495990753
220	0.8815086	0.111371584	1.5345582	0.6006529	1.769986	-0.47010738	14.094858	1.0358945	0.28363657	1.6246011	-0.86913204	7072000	9.323098e-05	0.0673089	0.009545681	-0.0126377605	-0.025708023	0.89000905	0.0068602636	0.088937506	79.0	9103.297672986984
221	0.9089757	0.081958026	1.5863041	0.52766967	1.7698593	-0.2718045	14.158929	1.0630368	0.25262585	1.8044009	-0.87523323	7104000	-9.71891e-05	0.06251668	0.009261667	-0.012429658	-0.029135337	0.8636334	0.007419748	0.0906875	79.0	9144.970672369003
222	0.933354	0.061184563	1.6336083	0.44563177	1.7699543	-0.23973389	14.299099	1.0987641	0.18307361	1.6633388	-0.684059	7136000	0.00036430638	0.05374949	0.009093955	-0.014462981	-0.019936228	0.850577	0.006882824	0.09075	79.0	9186.673527479172
223	0.8855816	0.10744814	1.5470884	0.5801987	1.769986	-0.31275883	13.804783	1.0997307	0.1913796	1.554701	-0.41060203	7168000	-0.00010304432	0.068924956	0.009228429	-0.013737046	-0.026297063	0.86328745	0.007055079	0.0951875	79.0	9228.42432308197
224	0.9095293	0.08871008	1.5847032	0.5374519	1.7698593	-0.31030405	13.843369	1.085512	0.22061516	1.6156505	-0.6529788	7200000	0.00011120364	0.0575737	0.009107625	-0.012992043	-0.025520537	0.853121	0.008867163	0.08878125	79.0	9269.121034860611
225	0.85250676	0.12099928	1.4927363	0.63545275	1.7699543	-0.4044005	14.006173	1.0717845	0.25400692	1.6651169	-0.55249906	7232000	0.00011932198	0.0854817	0.009736298	-0.014620009	-0.049379036	0.9013074	0.0070547527	0.088250004	79.0	9311.072803735733
226	0.8619824	0.12050031	1.5080776	0.6188534	1.769986	-0.3205123	13.955702	1.0220737	0.31594545	1.6204369	-1.129014	7264000	-0.00014745072	0.07002187	0.009497028	-0.014472935	-0.03436501	0.88853353	0.0096363	0.09946875	79.0	9352.744141101837
227	0.85754	0.123037905	1.503305	0.62276185	1.7699969	-0.3539496	13.981074	1.0384868	0.29770955	1.6639566	-0.88456345	7296000	3.0141324e-05	0.08809756	0.009514241	-0.013210379	-0.04040711	0.8826967	0.0070798174	0.08959375	79.0	9393.219073534012
228	0.90554833	0.08559643	1.5795021	0.5360231	1.7699543	-0.3664807	14.014965	1.0538721	0.2450263	1.8206321	-0.62650716	7328000	-2.508238e-05	0.066933066	0.009182146	-0.012739421	-0.024061952	0.85659176	0.006630779	0.07728125	79.0	9434.145644664764
229	0.9181819	0.0711038	1.6129739	0.47745362	1.769986	-0.3374252	14.136121	1.0911402	0.1958981	1.5752358	-0.39403978	7360000	0.00022058375	0.061107498	0.009122403	-0.014917789	-0.027548343	0.8531774	0.007974933	0.097124994	79.0	9475.862555027008
230	0.92242885	0.068559766	1.6135811	0.4866808	1.7698855	-0.3286766	13.979314	1.0981598	0.18976137	1.7246222	-0.5046728	7392000	-5.8962032e-05	0.05817416	0.009133274	-0.014650799	-0.03094174	0.8550974	0.0078115594	0.0888125	79.0	9516.58059334755
231	0.8851026	0.09700854	1.553108	0.56855303	1.7699543	-0.34594494	14.08156	1.0730542	0.25786653	1.6135839	-0.5684793	7424000	-4.459545e-05	0.063825145	0.009396736	-0.014079413	-0.025003396	0.8787046	0.007653796	0.097375	79.0	9558.436089038849
232	0.8566315	0.11859538	1.5040045	0.61840105	1.7699543	-0.3347222	13.925878	1.0454862	0.28891966	1.6001961	-0.46273366	7456000	-0.00017593894	0.07147998	0.009646502	-0.01391294	-0.030330312	0.8979922	0.0066742254	0.0851875	79.0	9598.443293571472
233	0.8535782	0.14120883	1.4836273	0.6514891	1.7699543	-0.38299534	13.554181	1.0379953	0.2923086	1.7061919	-0.726015	7488000	2.0628795e-05	0.067634635	0.009360287	-0.015528055	-0.026862329	0.87794137	0.008763984	0.09946875	79.0	9640.027400016785
234	0.8832737	0.09860126	1.5464107	0.5717478	1.7699357	-0.41331893	14.198925	1.0373635	0.2886449	1.7080269	-0.78591484	7520000	-1.3593584e-05	0.09282094	0.009541387	-0.013597065	-0.045573708	0.8857169	0.0076058256	0.086687505	79.0	9680.205550670624
235	0.8992233	0.08831969	1.5718869	0.54098946	1.7698593	-0.4011573	14.038564	1.0635161	0.25051236	1.975959	-0.5002534	7552000	-0.000115713105	0.066118956	0.009131173	-0.013575829	-0.025054332	0.85265696	0.007818603	0.08575	79.0	9721.23231434822
236	0.9389974	0.051889017	1.6467694	0.41518864	1.7699543	-0.3469773	14.338608	1.0917993	0.18693756	1.6605601	-0.4201957	7584000	4.5733526e-05	0.055827715	0.009168966	-0.013584759	-0.023834618	0.8585364	0.0074100057	0.0904375	79.0	9762.171948194504
237	0.89661926	0.089165345	1.5736239	0.54028887	1.7699597	-0.31870803	13.973638	1.0935303	0.19893172	1.7224836	-0.57820517	7616000	0.00017769355	0.07825652	0.009261932	-0.013639852	-0.03266868	0.869798	0.0077125537	0.098218754	79.0	9803.739414691925
238	0.86840457	0.09911755	1.5315857	0.58255875	1.7698964	-0.31123722	14.139432	1.0494899	0.26722547	1.5512208	-0.69931066	7648000	-0.00019094115	0.081426315	0.009363207	-0.013880452	-0.031645585	0.87549853	0.008055998	0.079375	79.0	9843.64314866066
239	0.86802864	0.110734805	1.5221527	0.6052304	1.769986	-0.3501023	13.904657	1.0291935	0.30543476	1.5923444	-0.5882768	7680000	-0.00018857978	0.06105744	0.009504955	-0.015709752	-0.025402732	0.8899208	0.0088235345	0.094656244	79.0	9884.400705814362
240	0.8738948	0.11380284	1.5235808	0.6079922	1.7699597	-0.28271368	13.804254	1.0499684	0.29080418	1.6153777	-1.0002906	7712000	1.8944964e-05	0.055002414	0.009385794	-0.014750152	-0.021870635	0.8777193	0.00768804	0.0989375	79.0	9929.798412322998
241	0.87063116	0.11341001	1.5237659	0.6012473	1.7699543	-0.4129709	13.978948	1.0451407	0.29040578	1.6199098	-1.1668055	7744000	-1.00147445e-05	0.07717602	0.009496008	-0.014492014	-0.031325065	0.8878468	0.0073295804	0.103656255	79.0	9965.118530511856
242	0.90535384	0.07995814	1.590596	0.5049748	1.7699543	-0.25	14.173214	1.0636203	0.2509327	1.8785858	-0.49152142	7776000	-2.0539388e-05	0.07945545	0.009109618	-0.013269888	-0.031418152	0.8534064	0.008552337	0.089156255	79.0	10000.47549700737
243	0.91942513	0.07524289	1.6073145	0.49460435	1.7699543	-0.2995776	13.96366	1.0895698	0.18500729	1.7304833	-0.40736958	7808000	5.1501906e-05	0.058315195	0.00924233	-0.014651347	-0.018338464	0.86472607	0.0073533696	0.08796875	79.0	10035.487015724182
244	0.90330875	0.07892905	1.587811	0.51826566	1.769986	-0.3346315	13.939807	1.0849831	0.21840084	1.6277223	-0.42422345	7840000	-0.00013645831	0.05869036	0.009299375	-0.014958521	-0.022223417	0.8691095	0.008787549	0.10596875	79.0	10071.054449796677
245	0.881949	0.09452847	1.5479188	0.57099515	1.7699357	-0.2876664	14.073894	1.0563341	0.2737083	1.6316544	-0.65724665	7872000	-2.9370189e-05	0.06228271	0.009303432	-0.014477704	-0.024759943	0.8716295	0.007687944	0.1015625	79.0	10106.316467523575
246	0.8847675	0.101147324	1.5468371	0.57443315	1.769986	-0.2802222	13.738773	1.0499874	0.2887388	1.6777442	-0.47331274	7904000	-7.5597316e-05	0.042698	0.009344496	-0.013613337	-0.017058797	0.87539154	0.008651096	0.09475	79.0	10141.58337855339
247	0.876431	0.10953005	1.5324489	0.5953264	1.7698092	-0.33059794	13.800435	1.0634482	0.2742738	1.6877644	-0.80227005	7936000	-1.8959865e-05	0.060453214	0.009342549	-0.012860259	-0.0284045	0.87473214	0.0069152312	0.09109375	79.0	10176.957118272781
248	0.8807785	0.09568074	1.5442111	0.573557	1.7698593	-0.26240864	14.066933	1.044335	0.2843407	1.7653534	-0.77651155	7968000	-9.089708e-05	0.08073282	0.009456108	-0.013531513	-0.032937735	0.88160896	0.0069638835	0.08646875	79.0	10211.773455619812
249	0.90106803	0.08614591	1.5797253	0.5232044	1.769986	-0.29603317	14.022927	1.0806305	0.22351353	1.7389876	-0.28823012	8000000	0.00025573932	0.07208691	0.009101987	-0.014300892	-0.029851813	0.853204	0.007896801	0.08940625	79.0	10247.03082704544
250	0.93103683	0.04705956	1.6429545	0.412261	1.7698593	-0.27230948	14.386322	1.0844666	0.20590869	1.6216633	-0.60733	8032000	4.986953e-05	0.05926588	0.009235909	-0.0147235235	-0.025441721	0.86184615	0.008191038	0.08715625	79.0	10282.27443099022
251	0.9199656	0.06569262	1.6137947	0.4812023	1.7698224	-0.31610066	14.053286	1.0809019	0.22475024	1.5978119	-0.47932237	8064000	0.00015068986	0.05398471	0.009266546	-0.013311179	-0.022147443	0.8648635	0.009005072	0.09103125	79.0	10317.656156301498
252	0.8838661	0.10186131	1.5450472	0.57919794	1.7699357	-0.5253793	13.873252	1.069113	0.26351655	1.5581037	-0.74201924	8096000	1.3726763e-05	0.06630861	0.009262072	-0.012846807	-0.026975056	0.8644134	0.006670962	0.08584376	79.0	10353.26827955246
253	0.87500626	0.11469403	1.5216169	0.6145344	1.7699543	-0.36104214	13.600343	1.0547339	0.29064563	1.5702198	-0.53130674	8128000	-0.00010924158	0.054210003	0.009359207	-0.014113935	-0.024451312	0.8741783	0.007332485	0.087875	79.0	10388.58804512024
254	0.8847018	0.11182602	1.5404664	0.59146726	1.7698332	-0.31163764	13.517462	1.0581943	0.28961852	1.6673384	-1.014986	8160000	7.233396e-05	0.050355807	0.009152179	-0.014742227	-0.02047361	0.85720396	0.0077491	0.08821875	79.0	10423.876796722412
255	0.8838496	0.105708554	1.5453608	0.57775974	1.769986	-0.27872837	13.777778	1.0752987	0.24829043	1.6790788	-0.6941822	8192000	4.834123e-05	0.07421023	0.009188539	-0.015307822	-0.03166335	0.85545635	0.0068568317	0.093687505	79.0	10459.241590499878
256	0.9126016	0.08404137	1.592568	0.514238	1.7698092	-0.2891335	13.779463	1.0787535	0.23183824	1.6971875	-0.4946929	8224000	-5.4318458e-05	0.06952411	0.008949313	-0.013187314	-0.030699749	0.8379807	0.0066218018	0.08481251	79.0	10494.522366285324
257	0.8767865	0.110909104	1.5459868	0.56115764	1.7699543	-0.2588491	13.813044	1.092021	0.20317903	1.612197	-0.46472633	8256000	3.8105063e-05	0.076909885	0.009138672	-0.014747554	-0.02623922	0.85251296	0.007987435	0.09921875	79.0	10530.251454114914
258	0.9031123	0.071382344	1.5924861	0.5080842	1.7699543	-0.27623987	14.235663	1.042736	0.274875	1.6102706	-0.6639773	8288000	-1.7292798e-05	0.065738544	0.009234543	-0.014804494	-0.02487933	0.8601855	0.0075721852	0.101375	79.0	10565.949896335602
259	0.90042365	0.08383802	1.5698332	0.5547401	1.7698855	-0.43255708	13.847391	1.0617994	0.24730188	1.6434702	-0.69943815	8320000	-8.862745e-05	0.05781195	0.00910437	-0.014631303	-0.035368897	0.8493999	0.0070729395	0.093875006	79.0	10601.043751716614
260	0.84970415	0.12978087	1.48221	0.6504964	1.769986	-0.39989516	13.65952	1.052576	0.31330228	1.5471852	-0.7282927	8352000	0.00023200922	0.06579417	0.009518655	-0.015358407	-0.032615714	0.8868097	0.007832626	0.09840625	79.0	10636.503994703293
261	0.89170045	0.0977314	1.5571716	0.5654695	1.7698593	-0.28179875	13.935526	1.0631436	0.27295586	1.6676164	-0.8472653	8384000	-6.180536e-05	0.055682756	0.009319382	-0.014258992	-0.022001147	0.87035835	0.0085786665	0.08315625	79.0	10671.833582162857
262	0.9110919	0.08005495	1.590835	0.5203268	1.769986	-0.26240864	13.844241	1.0712879	0.24267122	1.6951222	-0.44065934	8416000	6.828224e-05	0.055175748	0.0091404645	-0.012975825	-0.022644745	0.8502477	0.007846448	0.0951875	79.0	10707.128850698471
263	0.91790974	0.07678202	1.607915	0.48567918	1.7699969	-0.27160355	13.914186	1.1077209	0.19280739	1.6678083	-0.4585268	8448000	-8.2926825e-05	0.061138533	0.008982198	-0.012317661	-0.025435712	0.83872616	0.0058338316	0.0830625	79.0	10742.728821992874
264	0.8796358	0.100744255	1.5500127	0.562237	1.7699543	-0.29178685	14.007067	1.0956033	0.18513288	1.5426787	-0.41483247	8480000	-0.00021097064	0.09964955	0.009216562	-0.015558489	-0.045300413	0.8595047	0.009736351	0.1110625	79.0	10778.083828687668
265	0.9010662	0.07203164	1.5859963	0.51501215	1.7699357	-0.26392508	14.028761	1.0528111	0.23712017	1.5143529	-0.7677756	8512000	8.200016e-05	0.07239808	0.009174398	-0.01506548	-0.03024146	0.85535175	0.008597493	0.09065625	79.0	10813.609931230545
266	0.873768	0.099987105	1.5293056	0.59422255	1.769986	-0.3655367	13.85708	1.0469607	0.27775294	1.6846781	-0.55577403	8544000	-3.46601e-05	0.07272648	0.009357734	-0.013194727	-0.036010318	0.87232435	0.0066155605	0.08603125	79.0	10848.994502544403
267	0.8566892	0.12053615	1.5014653	0.6219689	1.7699543	-0.29356742	13.727469	1.0371128	0.31300443	1.6394032	-0.82279336	8576000	-7.5722695e-05	0.06695609	0.009515061	-0.015383973	-0.031279925	0.88397735	0.0077886856	0.0978125	79.0	10884.095343351364
268	0.87675714	0.10539922	1.5376493	0.58672386	1.7699543	-0.29407528	13.942003	1.0466588	0.28557348	1.7284582	-0.8147531	8608000	0.00021856138	0.06830492	0.009428636	-0.017164424	-0.026382072	0.87743485	0.012313499	0.0963125	79.0	10919.530046463013
269	0.8874539	0.1020316	1.5516051	0.5684249	1.769986	-0.31961027	13.744368	1.0645758	0.23962867	1.6388887	-0.5832833	8640000	0.0001347363	0.07293231	0.009178423	-0.015557407	-0.023362217	0.8535997	0.0081998035	0.09634375	79.0	10955.013001680374
270	0.91688323	0.076015376	1.6030549	0.4948726	1.7699543	-0.25	13.861692	1.0863496	0.19783401	1.6808044	-0.23026802	8672000	1.0489486e-05	0.07163372	0.0090431115	-0.013572125	-0.032952484	0.8410612	0.006354361	0.08603125	79.0	10990.493836164474
271	0.90129626	0.09178041	1.5767188	0.5381583	1.769986	-0.29561394	13.784782	1.0958182	0.20207283	1.703281	-1.0509058	8704000	4.777126e-05	0.06312399	0.009207565	-0.014629362	-0.020629987	0.86028236	0.00838916	0.099781245	79.0	11025.806030273438
272	0.90306866	0.073890336	1.5890645	0.51221395	1.769986	-0.30692834	14.051237	1.0721577	0.2446223	1.5520842	-0.771209	8736000	-0.00013104896	0.06804985	0.009162188	-0.013410113	-0.025568258	0.8521857	0.0069378205	0.085343756	79.0	11060.986732006073
273	0.8742559	0.11008787	1.5275115	0.6010783	1.7699597	-0.29310584	13.766031	1.0561533	0.2572679	1.657983	-0.41444314	8768000	-0.00016802968	0.06760845	0.009350999	-0.013535235	-0.030805146	0.8692751	0.0077990144	0.1019375	79.0	11096.488923072815
274	0.87491465	0.111311406	1.5276067	0.60172725	1.7699543	-0.32022426	13.641081	1.0548676	0.29132748	1.6305145	-0.74246436	8800000	5.8763195e-05	0.051170874	0.009421514	-0.014494702	-0.018460017	0.8766072	0.0070016626	0.08896875	79.0	11131.55461883545
275	0.87453985	0.107818075	1.5342172	0.5866906	1.7698092	-0.29052263	13.878934	1.062419	0.2561939	1.6056099	-0.7089639	8832000	0.00014490075	0.07752821	0.009329028	-0.014971565	-0.037691385	0.8678033	0.0059995954	0.0881875	79.0	11166.47103214264
276	0.8852557	0.09327966	1.5539794	0.56239706	1.7699543	-0.29670408	14.004409	1.0555153	0.25701952	1.6787021	-0.41900557	8864000	8.5793436e-05	0.08555986	0.009453536	-0.014659727	-0.03178845	0.87084985	0.008257767	0.0945	79.0	11201.640582561493
277	0.91958857	0.060555812	1.6200382	0.4554427	1.7698092	-0.24019474	14.199463	1.0747056	0.23328467	1.6101456	-0.46437997	8896000	9.222701e-05	0.064831905	0.009105293	-0.014917368	-0.028655756	0.84674215	0.007472045	0.089156255	79.0	11237.0392100811
278	0.9122149	0.07572429	1.5979881	0.50423795	1.769986	-0.2972155	13.809131	1.0924999	0.1827634	1.5520296	-0.38100964	8928000	-9.086728e-05	0.06781608	0.009247178	-0.015464611	-0.026858557	0.859092	0.0071871006	0.092343755	79.0	11272.46654510498
279	0.89047337	0.088312715	1.5613182	0.559686	1.769986	-0.32197583	13.823479	1.0756379	0.23633684	1.515224	-0.7777602	8960000	8.8091474e-05	0.07031368	0.009283934	-0.0146712065	-0.03491508	0.8631921	0.00881026	0.0925625	79.0	11307.975615024567
280	0.8841296	0.100391276	1.541209	0.5882719	1.769986	-0.2898105	13.652921	1.0566118	0.27255034	1.5893468	-1.1400976	8992000	5.971268e-05	0.06544959	0.00941138	-0.014319172	-0.03851313	0.8732965	0.007456834	0.091	79.0	11343.584155797958
281	0.8590503	0.12009989	1.501941	0.6286106	1.769986	-0.35250926	13.667384	1.0458696	0.31530863	1.6234869	-0.8220881	9024000	4.6634814e-05	0.060294617	0.009568756	-0.01503443	-0.023951415	0.88916814	0.008706364	0.095375	79.0	11378.932424545288
282	0.87965107	0.10628602	1.5396307	0.58055985	1.7699543	-0.29618698	13.901833	1.0442009	0.27691752	1.6025193	-0.7807454	9056000	0.000120872166	0.07143146	0.009436036	-0.014644416	-0.029251115	0.8764397	0.006384412	0.08253124	79.0	11414.410517215729
283	0.9042839	0.07606383	1.5890149	0.5130174	1.7699357	-0.35442805	14.110816	1.0607016	0.25754994	1.8367891	-0.3974827	9088000	-9.349827e-05	0.07973995	0.009247776	-0.01442462	-0.031908724	0.8568913	0.008391933	0.09646875	79.0	11449.745780706406
284	0.9218942	0.058376573	1.6248229	0.4488081	1.7699543	-0.2599569	14.148757	1.0839052	0.2115167	1.5866673	-0.25804746	9120000	-1.2869015e-05	0.06389502	0.009180507	-0.014808986	-0.019584037	0.85096896	0.007909771	0.0925	79.0	11484.866873502731
285	0.91561806	0.07016952	1.6109505	0.47696164	1.7698855	-0.28506574	13.979314	1.0783238	0.21925618	1.5014254	-0.2624812	9152000	0.00031257258	0.049681984	0.009288244	-0.014403415	-0.016216334	0.8664782	0.0077362545	0.0931875	79.0	11520.191638946533
286	0.9243322	0.06135405	1.6205858	0.471688	1.7699357	-0.33187714	14.023851	1.0767151	0.23119317	1.5420439	-0.7047236	9184000	7.11875e-05	0.05846101	0.009163154	-0.015280561	-0.024719622	0.85146415	0.010249503	0.10940625	79.0	11555.536041736603
287	0.8632127	0.12102941	1.5092226	0.62017936	1.769986	-0.34855464	13.645618	1.0654337	0.24782439	1.5552042	-0.2859555	9216000	0.0001678979	0.07948686	0.009470845	-0.014478125	-0.03808194	0.87581193	0.007477075	0.09803125	79.0	11590.811292648315
288	0.852016	0.13944423	1.4858967	0.6429811	1.7699357	-0.3383956	13.182612	1.0437145	0.29048276	1.5764692	-1.002978	9248000	9.30503e-05	0.056224056	0.00920276	-0.015281044	-0.020646995	0.8546889	0.00782161	0.0951875	79.0	11626.170338392258
289	0.8642709	0.12520838	1.5095657	0.6196342	1.7699543	-0.3913067	13.649914	1.048813	0.27644467	1.7012113	-0.86030287	9280000	-9.541679e-05	0.08095846	0.009399332	-0.01476671	-0.03172555	0.8702873	0.007498362	0.09359375	79.0	11661.583711624146
290	0.9299781	0.061037906	1.6236119	0.46660736	1.76977	-0.3093154	13.909369	1.0648652	0.24069448	1.7441087	-0.5591233	9312000	-4.9097463e-05	0.058612715	0.00895052	-0.012966568	-0.028755615	0.8299724	0.0060173953	0.079500005	79.0	11697.126866579056
291	0.91750246	0.07165086	1.6104392	0.47478637	1.769986	-0.23973389	13.921191	1.1173098	0.1763289	1.6414397	-0.25870654	9344000	-5.471753e-05	0.06771634	0.008980009	-0.014449115	-0.030047849	0.8338794	0.008569853	0.10303125	79.0	11732.496989250183
292	0.88985056	0.07762197	1.5767063	0.5147395	1.7699543	-0.31249562	14.102575	1.0764153	0.24080485	1.6862121	-0.92043483	9376000	-4.101824e-05	0.079522505	0.0091753425	-0.013495257	-0.03342105	0.85489064	0.006042513	0.0958125	79.0	11767.34102511406
293	0.89320475	0.09111178	1.5645739	0.5498589	1.769986	-0.3051958	13.717185	1.0551683	0.23595306	1.5285461	-0.65957254	9408000	-1.5297905e-05	0.0710802	0.009073198	-0.015287148	-0.030202042	0.84638184	0.00858137	0.10228125	79.0	11803.217029094696
294	0.87261635	0.111897446	1.525515	0.5996168	1.7699543	-0.4109391	13.505962	1.0540137	0.27484143	1.5811751	-0.66453683	9440000	7.323548e-05	0.069432124	0.0091994805	-0.014484846	-0.032053225	0.8521087	0.006034415	0.085374996	79.0	11838.147025108337
295	0.8763858	0.11849913	1.5275977	0.60212386	1.7698964	-0.3501182	13.27592	1.0539886	0.26609114	1.6849885	-0.5901352	9472000	-2.7495436e-05	0.06670658	0.009032408	-0.016360138	-0.027752306	0.83710307	0.009797098	0.10515625	79.0	11873.603707790375
296	0.86133385	0.11775222	1.5023799	0.62805647	1.7699597	-0.29433197	13.653088	1.060264	0.25558046	1.5885239	-0.7192796	9504000	-1.041824e-05	0.08644542	0.009451244	-0.01491054	-0.03668446	0.8747711	0.007004928	0.097718745	79.0	11909.204050540924
297	0.9155566	0.07749692	1.5950938	0.5177626	1.7699357	-0.32302678	13.681465	1.073829	0.23034702	1.667463	-0.44749993	9536000	3.8985163e-06	0.058411974	0.008881725	-0.014619952	-0.022489838	0.82351327	0.0064980285	0.092437506	79.0	11944.44409441948
298	0.9260479	0.061602253	1.6238706	0.45377424	1.7698855	-0.35187677	14.011023	1.1028343	0.18202655	1.5582128	-0.32811093	9568000	0.0002161148	0.05893332	0.008935271	-0.015688892	-0.022011042	0.82856876	0.0080321785	0.09865625	79.0	11979.88387131691
299	0.89377224	0.08343687	1.5779717	0.5172811	1.7697462	-0.27030742	13.86324	1.079083	0.22955233	1.7918234	-0.63321936	9600000	-5.6198798e-05	0.064692646	0.009016184	-0.014767659	-0.023779696	0.8306266	0.007930126	0.0985	79.0	12015.05096578598
300	0.8761202	0.099399336	1.5408851	0.5734229	1.769986	-0.28889853	13.728411	1.056823	0.2684314	1.6759832	-0.7077276	9632000	7.935637e-05	0.07831668	0.009042839	-0.01452153	-0.038919467	0.83726966	0.007884145	0.098968744	79.0	12050.084796905518
301	0.8695013	0.118670076	1.5170406	0.6116596	1.7698092	-0.33918947	13.290552	1.0388752	0.30998573	1.5587019	-0.9699086	9664000	0.00010491442	0.064340934	0.009107033	-0.014726412	-0.030007767	0.84460574	0.0077695576	0.09784375	79.0	12085.308678150177
302	0.8820262	0.10084535	1.5448062	0.570959	1.7699543	-0.4557141	13.647512	1.0574583	0.29814625	1.5982468	-0.76922584	9696000	-0.00011216104	0.07957466	0.009244317	-0.014692696	-0.04004252	0.8548187	0.006596215	0.09021875	79.0	12120.913105249405
303	0.89210355	0.10092755	1.5546387	0.5728037	1.7698092	-0.36248657	13.565068	1.0460515	0.2652562	1.5996695	-0.5155187	9728000	3.566267e-05	0.07480981	0.009165278	-0.014498377	-0.034492202	0.8478497	0.0073133633	0.0944375	79.0	12156.242585659027
304	0.8962272	0.08434327	1.5752546	0.52252454	1.7699543	-0.2882257	13.822609	1.087523	0.22241364	1.8622206	-0.5859467	9760000	0.0002617836	0.08296729	0.0090557225	-0.015237134	-0.031101147	0.83951724	0.008593308	0.09396875	79.0	12191.508906841278
305	0.8963239	0.08243659	1.5805799	0.5142393	1.7698855	-0.30373132	13.987676	1.0685633	0.2146377	1.8019891	-0.4094685	9792000	0.00020185951	0.08385621	0.009228179	-0.015837466	-0.032175817	0.8564018	0.007928291	0.10753125	79.0	12226.940207481384
306	0.90486807	0.07932743	1.5859199	0.518959	1.769986	-0.3101016	13.773044	1.0476468	0.25908262	1.4802089	-0.74766207	9824000	-2.9935967e-05	0.059731577	0.009287837	-0.014358049	-0.028145427	0.85927445	0.0070676887	0.09434375	79.0	12262.24314212799
307	0.8944739	0.09341187	1.5611955	0.562798	1.7698332	-0.52328557	13.422034	1.072385	0.2500288	1.5855463	-0.52660084	9856000	8.267909e-05	0.06077639	0.009086406	-0.014738415	-0.029451733	0.84353995	0.008619949	0.09734375	79.0	12298.002093553543
308	0.8583748	0.13144192	1.4982153	0.63602555	1.7698855	-0.9267131	13.394604	1.0355949	0.32646033	1.5723441	-1.1576176	9888000	-5.972758e-05	0.065896265	0.009365109	-0.014546131	-0.030644735	0.8636803	0.0071545984	0.0904375	79.0	12333.266992092133
309	0.8653324	0.11756487	1.5078827	0.6261764	1.7699543	-0.28672278	13.543942	1.0337558	0.31285018	1.6058377	-0.9863231	9920000	-5.823793e-05	0.069038674	0.009388929	-0.015202049	-0.033675212	0.8702097	0.007925559	0.0993125	79.0	12368.772793293
310	0.9025688	0.083320126	1.583016	0.52516294	1.7698964	-0.34503847	13.7361355	1.0588611	0.27613288	1.8011488	-0.7730504	9952000	0.00022195862	0.055692643	0.009172931	-0.013730096	-0.022563148	0.8510461	0.007509629	0.08759375	79.0	12403.773955821991
311	0.9132683	0.07073355	1.6091884	0.46801242	1.7699357	-0.27697754	14.059292	1.0952417	0.20864311	1.8149902	-0.48566866	9984000	0.00013819244	0.07258216	0.008954886	-0.014171172	-0.027346592	0.82647777	0.007497931	0.089375004	79.0	12439.14703130722
312	0.91374004	0.07202163	1.6077167	0.47811478	1.7698593	-0.2749647	14.064159	1.0826211	0.21580034	1.8259248	-1.0093195	10016000	8.915365e-05	0.06841227	0.0089941425	-0.0143088875	-0.025737382	0.8333832	0.00750218	0.08778125	79.0	12474.378011703491
313	0.9172952	0.053793088	1.623586	0.4522999	1.7699543	-0.32289752	14.195886	1.0589758	0.2554934	1.6105622	-0.66534394	10048000	5.413592e-05	0.04931413	0.009139141	-0.014325986	-0.018089693	0.83884245	0.0073698647	0.08625	79.0	12509.648871660233
314	0.8940742	0.084533274	1.5658461	0.5532129	1.769986	-0.5848838	13.8962345	1.0529951	0.276857	1.7100905	-0.47674096	10080000	-0.00010822341	0.050522733	0.009061748	-0.014056631	-0.023780253	0.8391395	0.0067645367	0.09103125	79.0	12544.829837799072
315	0.88520783	0.10258645	1.5450989	0.5833566	1.7699597	-0.42806152	13.573756	1.0536084	0.30519453	1.5597426	-0.75453144	10112000	2.1466054e-05	0.04118769	0.009163227	-0.014940832	-0.01935376	0.8458106	0.007172589	0.09415625	79.0	12580.107970952988
316	0.8994274	0.09008047	1.5693372	0.55232245	1.7698224	-0.34401405	13.742201	1.0652483	0.28914952	1.5788326	-0.8308861	10144000	2.176431e-05	0.044057846	0.009040223	-0.014353998	-0.01844269	0.8386731	0.007966736	0.09078126	79.0	12615.608349084854
317	0.91403246	0.07547343	1.5994248	0.5058659	1.7699543	-0.2632905	13.688362	1.0967519	0.21915479	1.6446759	-0.5962137	10176000	5.0434843e-05	0.05980597	0.008867873	-0.015552899	-0.021991834	0.8193407	0.0073579364	0.0925625	79.0	12650.891122817993
318	0.94753236	0.050707094	1.6606197	0.39027518	1.7698593	-0.28735608	13.931261	1.1061587	0.18604359	1.9182427	-0.52445054	10208000	7.674284e-05	0.046479188	0.008543628	-0.014254056	-0.019067105	0.7922403	0.006482426	0.0958125	79.0	12686.199804544449
319	0.9425938	0.05214894	1.6521295	0.4169142	1.7699543	-0.28719354	13.924388	1.1143608	0.17276606	1.6002748	-0.44108504	10240000	-9.537302e-05	0.042342052	0.008681409	-0.01358617	-0.017463114	0.8059554	0.007686158	0.09178125	79.0	12721.255393505096
320	0.89898676	0.0816939	1.5764256	0.5351778	1.7698855	-0.29272065	13.829407	1.0904648	0.23318854	1.5328441	-0.6861051	10272000	-1.641456e-05	0.06339303	0.008834794	-0.013335735	-0.030204598	0.81889534	0.005845158	0.0845	79.0	12756.713276386261
321	0.89350796	0.094112165	1.5590672	0.5661772	1.7699543	-0.5221033	13.489407	1.0615346	0.29939336	1.5694499	-0.93336403	10304000	2.3020664e-05	0.05636045	0.008826628	-0.014905233	-0.027488213	0.8179597	0.00807639	0.09128125	79.0	12792.14816069603
322	0.90295017	0.08479451	1.581716	0.5292906	1.7699543	-0.3203341	13.790798	1.0548207	0.29180726	1.4994061	-0.95103014	10336000	6.743334e-05	0.046968374	0.008990662	-0.014089792	-0.021975685	0.83121014	0.0058320314	0.090531245	79.0	12827.344279050827
323	0.88097876	0.09550835	1.5526929	0.55585486	1.7698855	-0.44374648	13.898424	1.0685252	0.27291656	1.6114746	-1.1149724	10368000	0.00011783652	0.06869134	0.008965996	-0.015088927	-0.031171517	0.8304117	0.009612228	0.0914375	79.0	12863.084959506989
324	0.92615867	0.059599448	1.6286606	0.4456818	1.7699543	-0.40319532	13.920614	1.0730854	0.23236845	1.6604531	-0.6277833	10400000	-5.106721e-05	0.04849213	0.008614748	-0.014006548	-0.018894153	0.79801434	0.0086664315	0.08384375	79.0	12898.519277095795
325	0.93225324	0.06246503	1.629148	0.4580845	1.7698833	-0.29603812	13.799913	1.1163132	0.14485334	1.53992	-0.24532245	10432000	1.5575439e-05	0.06006922	0.008596455	-0.013906062	-0.022701291	0.79402125	0.0071965912	0.09671875	79.0	12933.623868703842
326	0.91776145	0.08052626	1.6015512	0.5012098	1.7699335	-0.30022055	13.577351	1.1005794	0.1965482	1.6064703	-0.9585488	10464000	4.9004797e-05	0.0577453	0.008739938	-0.01502808	-0.026706597	0.8083009	0.0084165605	0.10253125	79.0	12968.996350288391
327	0.89322126	0.08517803	1.5732712	0.53335845	1.7698855	-0.31879273	13.868444	1.0767623	0.24811803	1.5335044	-0.57114464	10496000	-3.6442652e-06	0.072198905	0.0089124	-0.014837703	-0.030553572	0.82151616	0.008276438	0.102093756	79.0	13004.390769720078
328	0.88673437	0.09947994	1.5497737	0.5714999	1.769986	-0.28718665	13.511905	1.0373008	0.29456016	1.5239819	-0.7476543	10528000	0.000109622255	0.05391226	0.008987557	-0.015726276	-0.0204767	0.827649	0.0089366045	0.099625	79.0	13039.83349943161
329	0.8625909	0.12553723	1.5076165	0.62183875	1.769986	-0.27222916	13.533531	1.0560693	0.28643835	1.5782589	-0.8940331	10560000	0.00016205804	0.07924281	0.009142634	-0.016006466	-0.039546415	0.84275174	0.0102494545	0.0976875	79.0	13075.482644081116
330	0.8811405	0.095966056	1.5515263	0.5612863	1.7698593	-0.26707903	13.91521	1.0402513	0.28476357	1.5654749	-1.0455859	10592000	-0.00013036188	0.07750025	0.009106326	-0.014421244	-0.034294363	0.84166294	0.007833162	0.08996875	79.0	13111.183624982834
331	0.9186613	0.07084597	1.6079879	0.48964858	1.7699357	-0.32275856	13.811198	1.0719693	0.22787112	1.6306492	-0.6311815	10624000	-0.00021562818	0.05138493	0.008883901	-0.015048649	-0.017309602	0.8195561	0.008977331	0.094000004	79.0	13147.465272426605
332	0.9314338	0.056139514	1.6363244	0.4357591	1.7699357	-0.25280264	13.973592	1.1053382	0.19212066	1.6509298	-0.5840919	10656000	-8.111633e-05	0.05581659	0.008756671	-0.015150522	-0.021765482	0.80940485	0.008269933	0.090312496	79.0	13182.63642525673
333	0.9109364	0.07858904	1.5990653	0.495364	1.7699357	-0.29025644	13.7141	1.092204	0.21343817	1.5551063	-0.4406832	10688000	0.00015732273	0.055977162	0.008846428	-0.014540297	-0.018236412	0.8161148	0.007064414	0.09468751	79.0	13218.342386960983
334	0.9142019	0.07351416	1.598981	0.5060381	1.7699543	-0.24823597	13.792027	1.0713187	0.25178844	1.7358168	-0.57969666	10720000	0.00011260621	0.04843096	0.008925976	-0.014175856	-0.02135373	0.8251803	0.0064948173	0.0941875	79.0	13253.757269382477
335	0.88720495	0.10413431	1.5512364	0.5710441	1.7698855	-0.29494688	13.417373	1.0840344	0.25588536	1.5539055	-0.8807529	10752000	8.527562e-05	0.054876793	0.008999916	-0.014450592	-0.02329559	0.8318839	0.0072041526	0.09325001	79.0	13289.086016893387
336	0.89245903	0.10061246	1.559223	0.56216407	1.7699543	-0.36599514	13.588035	1.0680864	0.2752471	1.71238	-0.9588286	10784000	-0.00022866763	0.050816737	0.00883591	-0.014887541	-0.019989688	0.8178328	0.0070756273	0.09775	79.0	13324.650376081467
337	0.8986002	0.09075888	1.5700965	0.5482408	1.769986	-0.27383757	13.661942	1.0712497	0.26130795	1.6205676	-0.67381686	10816000	-3.9623585e-05	0.0589981	0.008928003	-0.015599614	-0.02302165	0.8251698	0.009567438	0.09478125	79.0	13359.89021229744
338	0.9179623	0.06625976	1.610836	0.48232862	1.7699597	-0.28532726	13.859947	1.0959282	0.19619815	1.6035079	-0.7824029	10848000	-9.4408635e-05	0.06624493	0.00869093	-0.015369318	-0.02713107	0.80382204	0.008911784	0.09315625	79.0	13394.913106918335
339	0.9315723	0.059622843	1.6341709	0.44080904	1.7698855	-0.28849232	13.96529	1.0936929	0.20061375	1.6863055	-0.36176586	10880000	-0.00014999742	0.06333896	0.008661589	-0.014305811	-0.025491165	0.80306953	0.007153783	0.08625001	79.0	13430.20919919014
340	0.9031954	0.08095607	1.5894006	0.5099886	1.7699357	-0.26419646	13.8276615	1.0694518	0.24978556	1.5437056	-1.1372143	10912000	4.363712e-05	0.06648973	0.008883808	-0.014068775	-0.025420615	0.81805795	0.007669155	0.098343745	79.0	13465.553495168686
341	0.88890004	0.093532965	1.5610678	0.55281067	1.7698092	-0.33450842	13.634648	1.049616	0.28368577	1.6978607	-1.2419317	10944000	5.4501463e-05	0.05984386	0.008760978	-0.016213018	-0.025562081	0.81067735	0.012070319	0.10525	79.0	13500.887427568436
342	0.87149656	0.116577774	1.5180447	0.61171716	1.7699543	-0.3825895	13.328152	1.0640858	0.2780869	1.5912203	-0.64980865	10976000	6.4706896e-05	0.061551664	0.009095322	-0.0150829125	-0.026894568	0.8399063	0.008506209	0.091	79.0	13536.424702882767
343	0.8787398	0.112591386	1.5317783	0.5973955	1.7698332	-0.3789201	13.461148	1.0570879	0.2848508	1.513204	-0.82841396	11008000	-0.00013206713	0.06184998	0.009016944	-0.015541998	-0.025576964	0.8368667	0.009402276	0.09575	79.0	13571.395490646362
344	0.9079621	0.08139484	1.589327	0.5209208	1.7698855	-0.2509077	13.806858	1.0774424	0.23300952	1.6790432	-0.53104657	11040000	0.00019102241	0.056729026	0.008858369	-0.016516712	-0.022039725	0.8185555	0.009826686	0.097312495	79.0	13606.877058267593
345	0.9049144	0.084690675	1.5867716	0.5190831	1.7699357	-0.23973389	13.792461	1.0940088	0.20706466	1.7746396	-0.50774324	11072000	-9.957701e-05	0.0676333	0.008809522	-0.015927628	-0.02352903	0.81393635	0.008439536	0.098124996	79.0	13642.353980064392
346	0.91660297	0.06908396	1.6140795	0.46948898	1.7699543	-0.29289854	14.050975	1.0713967	0.24474451	1.6557661	-1.1488758	11104000	-4.639849e-06	0.06273215	0.008811267	-0.014611531	-0.02772088	0.8142036	0.0091720205	0.0980625	79.0	13677.71282362938
347	0.92663145	0.061015226	1.6253723	0.45934448	1.7698855	-0.33775002	13.897986	1.0780063	0.23573932	1.8068082	-0.76714015	11136000	7.143989e-05	0.054093827	0.008826833	-0.014279207	-0.026942868	0.81482536	0.0075439187	0.0945625	79.0	13713.208158016205
348	0.88346577	0.1061374	1.5434368	0.58363867	1.7699357	-0.30707493	13.508064	1.0656943	0.2878841	1.7744015	-0.68252826	11168000	-2.0373613e-05	0.061721463	0.00891262	-0.013566437	-0.026386283	0.82438326	0.0074932864	0.092499994	79.0	13748.439791679382
349	0.8833222	0.095720254	1.5554286	0.55634415	1.7699543	-0.25937957	13.851739	1.0591109	0.28184968	1.5523444	-0.6165295	11200000	2.72654e-05	0.06398611	0.009159096	-0.01583606	-0.030513503	0.84218836	0.007737873	0.1009375	79.0	13783.857625722885
350	0.864498	0.123383306	1.512054	0.61574954	1.7698092	-0.33295646	13.503389	1.0700512	0.26510066	1.6847107	-0.9205191	11232000	0.000111036934	0.0755625	0.009083594	-0.016235236	-0.036536314	0.8367065	0.008882507	0.1050625	79.0	13819.325805902481
351	0.90589833	0.07639401	1.5845544	0.5256259	1.7698855	-0.37257057	13.859075	1.0635833	0.26147547	1.7274001	-0.8289172	11264000	0.00011309981	0.06997249	0.008874356	-0.017521324	-0.033182368	0.81862384	0.010249893	0.106562495	79.0	13854.66304397583
352	0.9264494	0.06283631	1.6240232	0.4617541	1.7697961	-0.43807504	13.9455185	1.0939159	0.20484011	1.5182902	-0.47884697	11296000	-4.8714923e-05	0.06786548	0.008694742	-0.014902309	-0.027673295	0.80165946	0.0076166354	0.0926875	79.0	13890.014781475067
353	0.9368515	0.052556403	1.646456	0.41582993	1.7698855	-0.29781106	14.050443	1.0834609	0.2172465	1.5961633	-0.45573	11328000	-6.20354e-05	0.05001794	0.008693261	-0.014670773	-0.024324974	0.80163074	0.0068177907	0.089	79.0	13925.129781961441
354	0.90917456	0.07318977	1.602984	0.48757783	1.7699543	-0.29807344	13.862522	1.0806836	0.23174292	1.5883265	-0.6675777	11360000	-6.11078e-05	0.063718736	0.008825241	-0.013488224	-0.027256051	0.81128204	0.0063722623	0.08	79.0	13960.37206029892
355	0.8935584	0.089024015	1.5662425	0.54894274	1.7699543	-0.47118747	13.69646	1.0737822	0.23318373	1.6253495	-0.66219896	11392000	0.00014310703	0.068049744	0.009012319	-0.016227197	-0.039242506	0.822997	0.010386371	0.10528125	79.0	13995.619144916534
356	0.86651635	0.10511088	1.5253581	0.5925918	1.7699357	-0.34920084	13.7915945	1.0457358	0.31761286	1.5484676	-0.9163087	11424000	-3.8428232e-05	0.063072465	0.009316594	-0.016332053	-0.02689597	0.85206187	0.007954456	0.099843755	79.0	14031.065279960632
357	0.8649647	0.12277336	1.512772	0.62104225	1.7698224	-0.2662032	13.415963	1.0496519	0.2974377	1.7040827	-1.8139772	11456000	-0.00023403391	0.07460103	0.008977428	-0.016038826	-0.03431549	0.8266587	0.008956925	0.09859375	79.0	14066.26077580452
358	0.9205924	0.07251068	1.6043768	0.5061425	1.769986	-0.27468577	13.718858	1.078083	0.2367721	1.7911195	-0.69219196	11488000	-0.000110220164	0.056704678	0.008656622	-0.014923556	-0.021219097	0.7950655	0.007246565	0.08646875	79.0	14101.58368897438
359	0.94162995	0.047625497	1.6543131	0.39954394	1.7699543	-0.33136526	14.081859	1.1081121	0.1798727	1.6554612	-0.5176474	11520000	-0.00014394522	0.05273007	0.008602984	-0.014631284	-0.023959208	0.79205585	0.00771124	0.085656255	79.0	14137.331797599792
360	0.9225764	0.065133005	1.6228943	0.45031512	1.769986	-0.31484023	13.84	1.1025082	0.19677746	1.5692029	-0.52195716	11552000	-0.00019418634	0.06061787	0.0086594075	-0.014627017	-0.019678995	0.7974193	0.007408624	0.100906245	79.0	14172.502112150192
361	0.92215466	0.06558909	1.6125921	0.48932502	1.7699357	-0.34766442	13.817826	1.075443	0.2165824	1.6268133	-0.6485051	11584000	0.0002880767	0.05131595	0.00877042	-0.015448121	-0.024321984	0.8102583	0.0072819646	0.09534375	79.0	14208.154848098755
362	0.8905983	0.09369676	1.5584785	0.56364167	1.7699543	-0.30307028	13.517887	1.0783459	0.26689047	1.5428075	-0.8002628	11616000	-6.579561e-05	0.052455682	0.008923735	-0.015722986	-0.024960455	0.8222655	0.00794577	0.0993125	79.0	14243.13674235344
363	0.89232725	0.09729706	1.5634338	0.55184984	1.7698855	-0.27657402	13.575213	1.0616058	0.29644692	1.6172003	-0.9729862	11648000	3.540609e-05	0.049153157	0.008980543	-0.01564471	-0.021288807	0.8285319	0.007566505	0.10103125	79.0	14278.415485858917
364	0.87782764	0.11184705	1.5332092	0.59507126	1.769986	-0.27313948	13.504677	1.0704437	0.27527478	1.5771358	-0.81017476	11680000	0.00015041884	0.061688207	0.008943481	-0.01591341	-0.023732707	0.8234509	0.007920191	0.09809375	79.0	14313.96375632286
365	0.91093326	0.08211637	1.5950114	0.50722545	1.7699019	-0.28371516	13.703799	1.0920748	0.22135097	1.5614173	-0.53560865	11712000	6.9315545e-05	0.0704699	0.008660732	-0.014119364	-0.029070888	0.7990791	0.006964037	0.088281244	79.0	14349.269845962524
366	0.9340036	0.05548192	1.6384101	0.4314759	1.769986	-0.2858217	13.847561	1.0793364	0.23395105	1.6893653	-0.6178459	11744000	-8.687051e-05	0.06564738	0.008598201	-0.014577514	-0.028804548	0.79487824	0.008156658	0.096906245	79.0	14384.640676498413
367	0.91413176	0.07546866	1.6022447	0.49944565	1.7698092	-0.3000145	13.714594	1.0905703	0.20083746	1.5362506	-0.34192783	11776000	2.270937e-05	0.0661197	0.008816987	-0.015766498	-0.02547171	0.8121923	0.007694696	0.09509374	79.0	14420.354377508163
368	0.91648257	0.06779255	1.6063528	0.4960357	1.7698855	-0.31121513	13.777826	1.0651401	0.2579327	1.4843513	-0.68225384	11808000	4.6676956e-05	0.048113555	0.008901704	-0.015584517	-0.023651145	0.82004344	0.01091682	0.10515625	79.0	14455.738789081573
369	0.87477636	0.11452822	1.5261436	0.6023379	1.7698332	-0.40928978	13.377525	1.0650722	0.28812158	1.5410452	-0.7646326	11840000	9.280443e-05	0.07140041	0.00901855	-0.015093292	-0.036151435	0.8291453	0.0071558496	0.0895	79.0	14491.060985326767
370	0.877172	0.10724798	1.5362359	0.5908845	1.7698964	-0.34604838	13.521684	1.0438328	0.31717592	1.5432662	-0.6627606	11872000	-2.24635e-06	0.05531754	0.009094876	-0.015778357	-0.023894813	0.8388032	0.0060474603	0.09746875	79.0	14526.446631669998
371	0.9119004	0.07939462	1.6000067	0.5008866	1.7698092	-0.28911498	13.750432	1.0740598	0.26260224	1.7796177	-0.9132353	11904000	-0.00014787819	0.05727662	0.008809518	-0.015804006	-0.026598595	0.8129285	0.008204127	0.0984375	79.0	14561.322084903717
372	0.9406924	0.047006056	1.6519661	0.40460408	1.7699543	-0.2411524	13.911997	1.0984119	0.22229822	1.6826731	-0.726797	11936000	-5.4067e-05	0.054220658	0.008707661	-0.013385818	-0.025093032	0.79958725	0.007084525	0.08768751	79.0	14597.204908370972
373	0.93403125	0.057033658	1.6379547	0.4391532	1.7698593	-0.27557302	13.801483	1.1049078	0.19742912	1.6533183	-0.57609195	11968000	3.2512937e-05	0.053046867	0.008646269	-0.013781952	-0.016908178	0.7969928	0.007305163	0.09171875	79.0	14632.256162643433
374	0.92210174	0.06030404	1.6215563	0.46563396	1.7699969	-0.30616698	13.844077	1.0868171	0.22477312	1.6072805	-0.7069876	12000000	0.00012662262	0.055513646	0.008888071	-0.015748698	-0.019469693	0.8141635	0.009398969	0.1125	79.0	14668.1248524189
375	0.9128053	0.06764744	1.6020797	0.49880043	1.7699543	-0.27857342	13.880245	1.066106	0.2684324	1.5597773	-0.7771909	12032000	0.00018724427	0.05021234	0.008968202	-0.014386734	-0.025058966	0.82460314	0.007932178	0.09659375	79.0	14703.957390785217
376	0.8881925	0.09925358	1.5550423	0.56459534	1.7698593	-0.35761848	13.516638	1.0617603	0.29581994	1.6677597	-0.7839969	12064000	3.2437034e-05	0.0523846	0.008973917	-0.014302654	-0.0140161505	0.8248782	0.007233785	0.091125	79.0	14739.191610336304
377	0.8878077	0.10341186	1.554448	0.5620584	1.7699357	-0.27438596	13.541809	1.0618252	0.2759464	1.5749433	-1.4579318	12096000	0.00012938213	0.060211644	0.008864092	-0.015543516	-0.023062129	0.8146079	0.008444088	0.098375	79.0	14774.738254785538
378	0.9115758	0.076070204	1.5968515	0.5065208	1.7697961	-0.27597606	13.813044	1.0648938	0.27339703	1.5981674	-0.76698256	12128000	8.3462335e-05	0.0612218	0.008818485	-0.01609058	-0.02623694	0.8112385	0.008579407	0.10928124	79.0	14809.80040192604
379	0.9333736	0.04890891	1.6382637	0.43153104	1.7699969	-0.31235313	14.016785	1.1042113	0.1906958	1.8046551	-0.44510502	12160000	4.490139e-05	0.065272965	0.008694786	-0.015326005	-0.028423917	0.79717237	0.008138431	0.094906256	79.0	14844.786300897598
380	0.9328087	0.049383022	1.6417944	0.4183934	1.7699543	-0.2660191	14.094248	1.0978879	0.20804426	1.5096123	-1.1906726	12192000	-8.347444e-06	0.058293	0.00872336	-0.013773151	-0.021783864	0.80083394	0.006506362	0.085062504	79.0	14880.61756181717
381	0.9203681	0.06387705	1.61435	0.48165983	1.769986	-0.3084949	13.792101	1.0677087	0.24437283	1.6527548	-0.64404964	12224000	-0.00010022987	0.0519972	0.008813836	-0.01479244	-0.02062645	0.80625	0.007766398	0.09953125	79.0	14915.90999007225
382	0.90367377	0.08228721	1.5803925	0.5330479	1.7699357	-0.3389858	13.5566435	1.0673445	0.27900815	1.6020666	-0.639082	12256000	8.120155e-05	0.049179316	0.008666761	-0.015670199	-0.023047458	0.79813206	0.008746389	0.104718745	79.0	14950.838072538376
383	0.87705684	0.11275867	1.5320902	0.5944258	1.7697961	-0.26978025	13.246667	1.0455899	0.32894957	1.6535032	-0.8217557	12288000	0.0001941137	0.057867564	0.00884733	-0.015010063	-0.028163446	0.81441724	0.0085860435	0.09578125	79.0	14986.566656589508
384	0.9082468	0.08484842	1.5887792	0.5201704	1.7699543	-0.25009766	13.541738	1.0687647	0.27495012	1.7134964	-1.1667566	12320000	-9.664055e-05	0.05907645	0.008801177	-0.014749518	-0.030563682	0.81208587	0.0069211535	0.09446875	79.0	15021.982734680176
385	0.9076915	0.08027077	1.5895993	0.5155296	1.7698593	-0.32847548	13.622642	1.0973562	0.22056805	1.6701447	-0.49474102	12352000	9.391457e-06	0.06551361	0.008575419	-0.0152804	-0.027881907	0.78959507	0.009223482	0.0985	79.0	15057.48101758957
386	0.933238	0.058027092	1.6348444	0.43834397	1.7698855	-0.30279487	13.759516	1.0964043	0.20583872	1.8021168	-0.4614029	12384000	-1.5079044e-05	0.055067394	0.00863974	-0.014962442	-0.021650385	0.7968334	0.007764174	0.097	79.0	15092.831399202347
387	0.9327209	0.0567339	1.6361775	0.4377169	1.7698224	-0.25299102	13.7890625	1.1038823	0.19493717	1.5772126	-0.803079	12416000	-7.7479985e-05	0.05365237	0.008635834	-0.014908964	-0.019477636	0.79382515	0.007586523	0.092781246	79.0	15127.849952697754
388	0.91914713	0.061472315	1.6116624	0.48282292	1.7699543	-0.29067817	13.7786455	1.0818549	0.24232255	1.5466228	-0.67764246	12448000	-1.6191974e-05	0.05303695	0.00877885	-0.015438581	-0.021894354	0.8047997	0.007799291	0.105406255	79.0	15163.137175559998
389	0.8846411	0.098061115	1.5506002	0.56783223	1.7699357	-0.32445976	13.482568	1.0497329	0.30422306	1.6328781	-0.6135323	12480000	9.312481e-05	0.059241284	0.008820267	-0.015265812	-0.024501381	0.8113715	0.009341747	0.095375	79.0	15198.43971824646
390	0.87000096	0.12310216	1.5215487	0.6023351	1.7699543	-0.3228408	13.194445	1.0656066	0.2828905	1.5878304	-0.9443301	12512000	7.588696e-05	0.06366282	0.008771288	-0.015384128	-0.022865321	0.8081245	0.006783919	0.09303126	79.0	15233.964349031448
391	0.8687905	0.115800776	1.5195203	0.60720205	1.7698593	-0.3015945	13.40683	1.0555513	0.27019957	1.5943589	-1.4371264	12544000	-1.1758879e-05	0.07941028	0.008921012	-0.017368885	-0.040884133	0.8186904	0.008869272	0.106	79.0	15269.038429260254
392	0.9173356	0.0740757	1.6028298	0.5008956	1.769986	-0.31735343	13.51233	1.0678077	0.25957817	1.7185541	-0.6301254	12576000	-0.00013698917	0.0627059	0.008360494	-0.014140101	-0.029396735	0.76906806	0.008109118	0.08925	79.0	15304.339492559433
393	0.9208211	0.066834256	1.6142788	0.47296768	1.7698593	-0.2529177	13.759948	1.0998253	0.20010222	1.7142692	-0.42700976	12608000	7.1456656e-05	0.060426626	0.008607047	-0.015139075	-0.021802835	0.7897657	0.006949846	0.09365625	79.0	15340.004256486893
394	0.88834643	0.079469144	1.5700289	0.52952075	1.7698855	-0.26363102	13.75087	1.0688801	0.23683481	1.5291066	-0.58652914	12640000	-0.0001620017	0.07461856	0.008842077	-0.015415722	-0.026767664	0.80932844	0.009162342	0.10009375	79.0	15375.650301933289
395	0.91517663	0.06902512	1.6077284	0.48698315	1.769986	-0.33605823	13.787327	1.0482872	0.27878842	1.6143767	-0.9683604	12672000	-0.00016173907	0.05503896	0.008538492	-0.014048591	-0.022727942	0.7872546	0.0071267067	0.088874996	79.0	15410.709001779556
396	0.8869625	0.08876203	1.5625955	0.5445794	1.7699357	-0.31899667	13.649914	1.0651311	0.26911077	1.7144839	-0.5903108	12704000	0.000110801775	0.062968016	0.008873016	-0.01646152	-0.03212104	0.8100562	0.009903055	0.1031875	79.0	15445.905935764313
397	0.87733185	0.117667526	1.5314187	0.5956431	1.7698855	-0.29727423	13.194445	1.059871	0.28948826	1.6427386	-1.0021603	12736000	5.0168484e-05	0.050015803	0.008816065	-0.015032352	-0.022217926	0.81339216	0.007797239	0.089	79.0	15481.12509393692
398	0.90027773	0.09279959	1.5711066	0.5460425	1.7699543	-0.30292213	13.436865	1.0697461	0.2664992	1.6745977	-0.6992719	12768000	-6.000325e-05	0.051331118	0.008688742	-0.015740681	-0.020214342	0.7984252	0.007901691	0.088375	79.0	15516.392934560776
399	0.9128357	0.075077064	1.59917	0.50023186	1.7698855	-0.25955963	13.641509	1.0959487	0.21765357	1.541369	-0.5394995	12800000	-3.9838254e-05	0.070926234	0.008542706	-0.015775423	-0.027773725	0.78194374	0.0077456096	0.096906245	79.0	15551.719398736954
