Epoch	SuccessRate	CollRate	AverageEpRet	StdEpRet	MaxEpRet	MinEpRet	EpLen	AverageVVals	StdVVals	MaxVVals	MinVVals	TotalEnvInteracts	LossPi	LossV	DeltaLossPi	DeltaLossV	Entropy	KL	ClipFrac	StopIter	Time
0	0.0	0.12222222	-0.69758064	0.19360961	-0.24745207	-1.0719018	26.739286	-0.049188823	0.13180804	0.34961206	-0.35474682	8000	-2.7939677e-08	0.080722466	-0.027861636	-0.06706852	2.797196	0.013569383	0.2815	79.0	1.276242733001709
1	0.0	0.23535353	-0.4715432	0.17148672	-0.1266514	-0.95372933	24.301283	-0.27710584	0.10375904	-0.055967882	-0.5939275	16000	1.1175871e-08	0.031373084	-0.02854829	-0.022308804	2.7965086	0.014497009	0.256625	79.0	2.4475409984588623
2	0.0	0.32246503	-0.28334367	0.14747617	0.0084436	-0.80983424	22.620588	-0.20693947	0.11474775	0.086067125	-0.53982705	24000	9.313226e-10	0.028015126	-0.019320378	-0.02063145	2.7717056	0.015650032	0.46537498	13.0	3.3439459800720215
3	0.029220778	0.45078462	-0.0814647	0.26332542	1.2325298	-0.4104641	19.734375	-0.1333426	0.08090119	0.14294378	-0.3280987	32000	-1.7695129e-08	0.043445013	-0.016130446	-0.024588851	2.706355	0.016744453	0.410875	12.0	4.26848578453064
4	0.038753137	0.61133873	-0.06324176	0.29959667	1.3356025	-0.34024236	16.07773	-0.074141905	0.12588252	0.2709059	-0.47563094	40000	7.450581e-09	0.05117064	-0.012220142	-0.02388388	2.6488805	0.016724149	0.31362498	10.0	5.149766445159912
5	0.09349111	0.6656677	0.006438717	0.40345284	1.3678968	-0.2739443	13.464539	0.0074160732	0.14695354	0.5266901	-0.38885885	48000	0.0	0.112679824	-0.019490896	-0.0611041	2.5557842	0.008059353	0.11812501	79.0	6.327289819717407
6	0.13525	0.7061783	0.060162343	0.4877402	1.3664603	-0.32002053	12.296357	0.042238027	0.2646953	1.0556198	-0.77475464	56000	0.0	0.19205879	-0.021869104	-0.1269502	2.5130813	0.010938266	0.11925	79.0	7.451139450073242
7	0.15652958	0.6255321	0.098919176	0.52428293	1.4095285	-0.31316087	14.051785	0.2175025	0.2866499	1.1336706	-0.38226557	64000	-1.8626451e-08	0.21684271	-0.02474102	-0.12673667	2.507289	0.01156919	0.14575	79.0	8.622443914413452
8	0.10915965	0.7195833	0.026782298	0.4545613	1.4158894	-0.39111653	11.722727	0.14169608	0.2612134	1.0198138	-0.6398315	72000	5.5879354e-09	0.194697	-0.026142105	-0.12925813	2.4985552	0.013854907	0.16062501	79.0	9.754536628723145
9	0.15152472	0.68034244	0.081506655	0.5298234	1.401481	-0.30652398	12.367647	0.11993093	0.31594735	1.2702304	-0.8088448	80000	1.4901161e-08	0.25030094	-0.028674848	-0.16162658	2.4799824	0.015015006	0.1415	75.0	10.97195291519165
10	0.24492994	0.56694007	0.27303806	0.62641567	1.4492525	-0.2869752	15.139764	0.0375351	0.360199	1.098268	-1.1222976	88000	4.656613e-09	0.3360237	-0.018532615	-0.21568047	2.467402	0.015063519	0.16675001	33.0	12.037784099578857
11	0.1630428	0.68624127	0.11462853	0.540592	1.430218	-0.2874023	11.283626	0.15352942	0.26079696	1.074219	-0.46756023	96000	-5.5879354e-09	0.22024374	-0.028070375	-0.14272039	2.4372597	0.01223318	0.16575	79.0	13.217919111251831
12	0.15707767	0.7061291	0.10315002	0.538364	1.473669	-0.29976395	10.831461	0.10082286	0.2796502	1.0323637	-0.6055553	104000	1.1175871e-08	0.21138334	-0.029396337	-0.12443154	2.421725	0.014695517	0.17012501	79.0	14.454769134521484
13	0.10641797	0.75104374	0.036332987	0.47234625	1.4253503	-0.36699167	10.966292	0.09594438	0.2736384	1.0318905	-0.7959955	112000	7.450581e-09	0.1828227	-0.026772706	-0.091616355	2.4054027	0.008804119	0.15125	79.0	15.606943845748901
14	0.16420144	0.7546673	0.12085578	0.55291766	1.4798594	-0.3011634	9.330144	0.16331229	0.3509206	1.3471802	-0.9183932	120000	3.7252903e-09	0.24606836	-0.02953656	-0.17187852	2.3337831	0.015034286	0.157625	78.0	16.82918906211853
15	0.23070738	0.63901293	0.20293215	0.625149	1.5206763	-0.3823715	11.502958	0.21704803	0.37159616	1.2033625	-0.5693	128000	-1.5832484e-08	0.27964675	-0.032629184	-0.18047552	2.3453012	0.012214538	0.17612499	79.0	17.96418857574463
16	0.2301011	0.59613895	0.20656197	0.60555613	1.457496	-0.26857167	11.8885355	0.24298029	0.3837641	1.1829871	-0.615969	136000	-1.46683306e-08	0.23800075	-0.032618683	-0.13362408	2.3377972	0.01167095	0.1795	79.0	19.189388036727905
17	0.22119534	0.6460591	0.20684655	0.61732984	1.4715706	-0.32033575	11.654908	0.1465705	0.33149126	1.2052051	-0.67299783	144000	-9.313226e-09	0.24693549	-0.026328422	-0.14238289	2.3400187	0.015140092	0.16262501	45.0	20.19399857521057
18	0.37304676	0.5000844	0.4286968	0.7051807	1.4734899	-0.2771974	14.385036	0.26797017	0.30396128	1.1874367	-0.639083	152000	-3.7252903e-09	0.25205687	-0.03298869	-0.1373548	2.3639507	0.011152104	0.193375	79.0	21.368375301361084
19	0.30847198	0.59329987	0.3334877	0.6843723	1.4928842	-0.2737386	12.490322	0.34702563	0.33080235	1.4275184	-0.5143143	160000	3.7252903e-09	0.26962247	-0.03560797	-0.16989401	2.3424535	0.014864167	0.18437499	79.0	22.4983811378479
20	0.40148568	0.42946428	0.47635588	0.72345585	1.4728574	-0.29921433	14.583969	0.43456122	0.35055265	1.4113088	-0.6027453	168000	3.7252903e-09	0.24620628	-0.034988023	-0.12516809	2.335977	0.011518026	0.20212501	79.0	23.670793056488037
21	0.40940297	0.4864422	0.46734223	0.74795395	1.483534	-0.30733147	13.208333	0.42683387	0.31770474	1.2554551	-0.4016693	176000	-1.8626451e-09	0.23160174	-0.028585557	-0.13768938	2.310742	0.015007637	0.1875	45.0	24.681360483169556
22	0.41125265	0.45567518	0.48590726	0.76102966	1.4969957	-0.3970832	13.693262	0.5100667	0.3177725	1.2429795	-0.4802384	184000	-7.450581e-09	0.29182678	-0.021840686	-0.17041725	2.2991176	0.015010081	0.15062499	26.0	25.665881872177124
23	0.45405543	0.42569774	0.539237	0.7668881	1.4969618	-0.33631876	14.519231	0.41578278	0.36005625	1.1627903	-0.7492272	192000	1.1175871e-08	0.21713632	-0.032218367	-0.118709594	2.3219388	0.015041885	0.20075	78.0	26.803627014160156
24	0.4943394	0.37581432	0.6122014	0.74066377	1.483658	-0.305589	16.047916	0.498804	0.36576602	1.5215849	-0.5688515	200000	0.0	0.23157224	-0.030230593	-0.15003148	2.3023953	0.015010265	0.17175	54.0	27.9235200881958
25	0.5802484	0.3238439	0.7328658	0.742299	1.469073	-0.36502776	16.685345	0.55721915	0.34338167	1.4768133	-0.5872538	208000	-7.450581e-09	0.19208819	-0.033027742	-0.12190539	2.2683167	0.015071357	0.19025001	67.0	29.010380744934082
26	0.47113004	0.40635663	0.5657121	0.7620264	1.4898497	-0.46588036	15.091085	0.5526221	0.35266995	1.434707	-0.6461423	216000	-1.4901161e-08	0.23868366	-0.03541507	-0.13961577	2.2539809	0.015026053	0.18875	71.0	30.146076440811157
27	0.53870803	0.4251809	0.6525714	0.77794814	1.5010245	-0.3863647	13.487847	0.520005	0.35579583	1.4169377	-0.6276003	224000	1.8626451e-09	0.21011582	-0.02713706	-0.14478889	2.18919	0.015074193	0.173875	42.0	31.147268056869507
28	0.4831052	0.46951497	0.5728221	0.79524136	1.5123631	-0.38107753	12.626645	0.6512266	0.39500144	1.5519123	-0.52845716	232000	1.8626451e-08	0.26582226	-0.036967676	-0.16608408	2.1886861	0.01337625	0.20012501	79.0	32.36158776283264
29	0.5487683	0.355227	0.68902785	0.7642826	1.4931651	-0.37027493	15.404762	0.58805054	0.35933915	1.4059415	-0.63887143	240000	1.4901161e-08	0.2535255	-0.034700003	-0.1473623	2.1894813	0.01209129	0.196125	79.0	33.524585485458374
30	0.48748067	0.42842007	0.5858959	0.7917775	1.5032629	-0.39329204	14.166059	0.45222083	0.39128628	1.5117273	-0.5632737	248000	0.0	0.26596403	-0.03717449	-0.16178745	2.1709557	0.014181618	0.244875	79.0	34.69724416732788
31	0.49519724	0.43663788	0.5987833	0.79029864	1.4856763	-0.43425402	13.780357	0.5327823	0.36270994	1.2679151	-0.6048262	256000	8.381903e-09	0.23922607	-0.033275694	-0.1408265	2.1394231	0.015004627	0.19575	58.0	35.80633997917175
32	0.50345504	0.4221049	0.62470776	0.7810372	1.512902	-0.35132813	13.263986	0.5657689	0.37496394	1.5826396	-0.54214674	264000	1.0244548e-08	0.22172424	-0.037461046	-0.120104894	2.1074963	0.014672452	0.2035	79.0	36.98115253448486
33	0.5647993	0.3764589	0.7024079	0.7823587	1.528401	-0.40404043	13.9375	0.5631114	0.39408928	1.7250497	-0.7105697	272000	-1.3038516e-08	0.21089813	-0.033064507	-0.12510218	2.100524	0.015100868	0.19312501	54.0	38.14103102684021
34	0.40526396	0.55989325	0.40598214	0.795632	1.5182855	-0.47018185	11.191521	0.6152662	0.3423841	1.4219353	-0.7104037	280000	-7.450581e-09	0.22316062	-0.035337776	-0.123190194	2.130816	0.013512272	0.191	79.0	39.300782203674316
35	0.6106667	0.33497182	0.7299121	0.7995263	1.505643	-0.49998876	14.194445	0.65538687	0.36890304	1.4085419	-0.5587642	288000	-6.519258e-09	0.177609	-0.030161923	-0.10930264	2.0647793	0.015044406	0.183625	52.0	40.42702770233154
36	0.71937007	0.22103176	0.94793886	0.7299068	1.5367256	-0.42272818	15.54878	0.70671034	0.34156346	1.3351811	-0.5015988	296000	7.450581e-09	0.16828308	-0.035264485	-0.08383726	1.9852607	0.015019635	0.207625	77.0	41.55421543121338
37	0.57318544	0.35481703	0.7059425	0.8089629	1.5227295	-0.41586226	13.960821	0.7390216	0.2903908	1.4633863	-0.24274568	304000	1.6763806e-08	0.23196888	-0.032857284	-0.13459046	2.0304759	0.015057972	0.206	67.0	42.68485140800476
38	0.6935224	0.2911998	0.8777786	0.74392045	1.5327138	-0.4250462	14.535448	0.62387806	0.35627505	1.4186704	-0.5131883	312000	1.8859282e-08	0.22125076	-0.03337116	-0.1509468	2.0042238	0.01509076	0.19975	62.0	43.761895418167114
39	0.5042268	0.44966385	0.6113433	0.81455415	1.5393428	-0.38738826	11.813637	0.7424017	0.32446992	1.4170364	-0.31661218	320000	9.313226e-09	0.26902846	-0.023668977	-0.13857335	1.956351	0.0153185995	0.163625	24.0	44.79319906234741
40	0.5328624	0.43798918	0.6603029	0.8113124	1.5242721	-0.45621273	12.519231	0.59633446	0.35848638	1.2494776	-0.565153	328000	-1.4901161e-08	0.2019591	-0.03688184	-0.09399949	1.9330604	0.013166975	0.1965	79.0	46.217246294021606
41	0.6105997	0.3506748	0.7844855	0.77666193	1.525008	-0.3252585	13.561189	0.66895765	0.3740661	1.385679	-0.6731695	336000	0.0	0.19304624	-0.036750484	-0.09544189	1.9651464	0.014905927	0.19062501	79.0	47.411381006240845
42	0.6349398	0.3255093	0.80495274	0.7688943	1.5319619	-0.40048033	14.1029415	0.72876596	0.2910379	1.357907	-0.38570756	344000	-1.8626451e-09	0.18945372	-0.032722447	-0.09741764	1.9737524	0.015030778	0.176875	47.0	48.4377326965332
43	0.6897978	0.2862439	0.8885628	0.754446	1.535008	-0.55197674	15.128906	0.64094436	0.35974315	1.3103969	-0.6358386	352000	-1.1175871e-08	0.17261755	-0.022580633	-0.09505412	1.9868864	0.015025864	0.15287499	22.0	49.41215372085571
44	0.68762255	0.26393998	0.9053124	0.7398263	1.5128999	-0.4230937	14.9765625	0.7427757	0.31401554	1.3941053	-0.4137654	360000	7.450581e-09	0.14419521	-0.035923548	-0.0783291	1.9295077	0.013647216	0.201625	79.0	50.55718660354614
45	0.66571695	0.28578433	0.8595337	0.7741411	1.5215586	-0.61440116	15.397637	0.73207957	0.3208781	1.4224799	-0.42620772	368000	-3.7252903e-09	0.21434039	-0.027666423	-0.12918204	1.9197536	0.015184839	0.16600001	39.0	51.5960214138031
46	0.64227676	0.33515382	0.82996416	0.7943712	1.5074117	-0.48437104	13.908274	0.66762966	0.34804344	1.308402	-0.46125793	376000	-5.5879354e-09	0.19148111	-0.034251217	-0.104279816	1.8656175	0.015078965	0.194	66.0	52.68461346626282
47	0.6953689	0.28200036	0.9159559	0.76546663	1.5428673	-0.47904336	14.018116	0.7163927	0.32591298	1.4988577	-0.47281936	384000	9.313226e-09	0.17618689	-0.028591838	-0.109954774	1.8072236	0.015064145	0.174875	43.0	53.73047351837158
48	0.73725885	0.2194908	1.0000006	0.7135446	1.5406721	-0.44476518	14.891473	0.746575	0.35886842	1.4963759	-0.785253	392000	-3.7252903e-09	0.15722796	-0.036509626	-0.08324305	1.818914	0.014271368	0.216625	79.0	54.86840295791626
49	0.76265264	0.22999442	1.0504586	0.7034007	1.5282263	-0.36074176	13.510489	0.806593	0.31326112	1.4108061	-0.5111451	400000	7.450581e-09	0.07375325	-0.03079443	-0.037401	1.7507192	0.015014038	0.18200001	57.0	55.969292640686035
50	0.69260323	0.27006018	0.9251652	0.77508795	1.5380542	-0.49758646	13.388889	0.8695022	0.3175986	1.5438714	-0.27475074	408000	1.8626451e-08	0.18000746	-0.03638627	-0.11034078	1.7473395	0.0145109985	0.21425	79.0	57.111713886260986
51	0.6833192	0.3088683	0.9103119	0.775888	1.5376316	-0.5176495	12.923333	0.8317555	0.30451238	1.4896234	-0.5087925	416000	2.7939677e-09	0.13798437	-0.034343924	-0.07766021	1.7258527	0.013276245	0.195375	79.0	58.28831720352173
52	0.73754895	0.20321274	1.003495	0.7197921	1.5389212	-0.48044658	14.657895	0.7918221	0.34630558	1.4488076	-0.5709867	424000	-1.4901161e-08	0.18157953	-0.026578281	-0.10775451	1.7201862	0.015079999	0.152875	34.0	59.291977882385254
53	0.76460373	0.2046058	1.0615857	0.6772803	1.5141281	-0.5323507	14.415414	0.77011436	0.35055527	1.6017531	-0.4875577	432000	-5.5879354e-09	0.18716913	-0.031655855	-0.1105975	1.6755389	0.0151223205	0.19174999	52.0	60.37290573120117
54	0.6806835	0.29329312	0.8916587	0.7852892	1.5142124	-0.4261485	12.968333	0.80238324	0.28475708	1.6485001	-0.39528462	440000	1.8626451e-09	0.1822089	-0.03674928	-0.10032351	1.701688	0.0127770305	0.19975	79.0	61.63174653053284
55	0.73677224	0.23197776	0.99722755	0.74200535	1.5258894	-0.56037533	14.0127735	0.77433753	0.31851375	1.4843978	-0.37379968	448000	-3.7252903e-09	0.1556974	-0.038323373	-0.09056221	1.6801034	0.014832631	0.20525	79.0	62.78767967224121
56	0.6804712	0.303383	0.89805895	0.779614	1.5122643	-0.70949817	14.131481	0.70836204	0.42345974	1.4875662	-0.83760107	456000	9.313226e-10	0.19657049	-0.036643397	-0.13597274	1.7039893	0.014914993	0.224	79.0	64.0376808643341
57	0.6395527	0.33185256	0.81461424	0.7922547	1.4934673	-0.5786548	13.98913	0.76645845	0.33358797	1.3858435	-0.524847	464000	3.7252903e-09	0.18358746	-0.034449603	-0.12175982	1.7268859	0.015099845	0.21437499	55.0	65.09495425224304
58	0.6659266	0.30648756	0.8833765	0.78281903	1.5097961	-0.44717628	13.173986	0.72379994	0.3634663	1.4325111	-0.67151296	472000	-1.3038516e-08	0.19201158	-0.035520107	-0.13105829	1.6351442	0.011720041	0.18737501	79.0	66.31245493888855
59	0.6257423	0.33349705	0.8223265	0.8026542	1.5181301	-0.6703338	12.804636	0.7527611	0.38562626	1.618219	-0.4051605	480000	-3.7252903e-09	0.22827047	-0.036584575	-0.1324783	1.624212	0.015092342	0.20975	78.0	67.44214987754822
60	0.7334064	0.24437135	0.9860528	0.7592065	1.5413764	-0.5292303	13.642606	0.79027325	0.33966643	1.4625844	-0.58689696	488000	-9.313226e-09	0.15718028	-0.037774004	-0.10263296	1.5829237	0.012438317	0.18325	79.0	68.63524913787842
61	0.5798553	0.35997623	0.7182553	0.860523	1.5379512	-0.73453915	12.861842	0.7324038	0.38292232	1.5082476	-0.5968541	496000	1.1175871e-08	0.2607382	-0.03195688	-0.18382125	1.677629	0.015025125	0.18162501	46.0	69.65723967552185
62	0.69923675	0.27196205	0.92111486	0.7880503	1.5361742	-0.53149873	13.566434	0.75161815	0.40598696	1.5032976	-0.6030185	504000	0.0	0.14373992	-0.03631604	-0.081569776	1.5777329	0.015085882	0.17925	73.0	70.81899881362915
63	0.78010356	0.14783765	1.0846745	0.6984294	1.5427245	-0.58921427	15.112403	0.80934095	0.39679876	1.5243162	-0.8498037	512000	0.0	0.1486025	-0.038019866	-0.082642086	1.5577214	0.014945756	0.206	79.0	71.96308851242065
64	0.7114917	0.25256062	0.9506009	0.76659006	1.5293812	-0.49322245	13.804964	0.77765864	0.36609358	1.4750203	-0.63521415	520000	-6.519258e-09	0.17331	-0.035241447	-0.08909422	1.5736871	0.015029275	0.21325	64.0	73.09151697158813
65	0.74613094	0.23824406	0.99837154	0.7482199	1.5332263	-0.5055558	13.675532	0.7876243	0.35732844	1.5130415	-0.45820266	528000	-7.450581e-09	0.13369119	-0.039246567	-0.08157687	1.5581872	0.015034662	0.206	72.0	74.19584631919861
66	0.7060085	0.28704703	0.946917	0.75808144	1.5522642	-0.42652446	12.881667	0.8546661	0.32004306	1.5214934	-0.5182891	536000	2.0489097e-08	0.14240256	-0.035909936	-0.08099584	1.5146583	0.010801821	0.19174999	79.0	75.40505194664001
67	0.71311396	0.27295417	0.9602958	0.7550045	1.5498593	-0.3861407	12.9366665	0.82475495	0.33498296	1.3362379	-0.8038615	544000	-3.7252903e-09	0.13732594	-0.036844995	-0.07804337	1.5080649	0.01347554	0.18637499	79.0	76.63505959510803
68	0.69510233	0.28475878	0.94929665	0.7655558	1.5184828	-0.5056927	12.89404	0.8083948	0.32624048	1.4166589	-0.50711006	552000	-7.450581e-09	0.17767844	-0.037104636	-0.11106509	1.541026	0.012545262	0.19799998	79.0	77.76711440086365
69	0.7276729	0.2370228	1.0018044	0.7364791	1.5499761	-0.46970147	12.971854	0.8394691	0.33729473	1.560412	-0.6216142	560000	4.656613e-09	0.18962607	-0.026037276	-0.12244357	1.5249923	0.015173312	0.17275	26.0	78.82472801208496
70	0.74956036	0.15781888	1.0272642	0.7475549	1.5422947	-0.82105374	15.228516	0.7869467	0.37995413	1.5100425	-0.5224467	568000	-3.7252903e-09	0.17467374	-0.03630182	-0.108611256	1.5447537	0.011240186	0.195125	79.0	79.96925926208496
71	0.73228943	0.26076612	0.99850184	0.74318975	1.5296255	-0.5417978	12.759804	0.80732936	0.3206955	1.55648	-0.6558756	576000	3.7252903e-09	0.1663219	-0.029199788	-0.09971509	1.4869003	0.0151048135	0.15474999	35.0	81.04238390922546
72	0.7056854	0.28181463	0.9700868	0.7599656	1.5508014	-0.4325353	12.508013	0.78404725	0.40685815	1.4856126	-0.7108608	584000	0.0	0.1625933	-0.03472475	-0.103156306	1.4929293	0.015071588	0.18237501	71.0	82.15331673622131
73	0.70788914	0.277405	0.9674842	0.77061194	1.5351223	-0.7947509	12.540064	0.78123206	0.38932142	1.5625437	-0.9397442	592000	-1.8626451e-09	0.15856345	-0.03455276	-0.11421333	1.4821305	0.015046885	0.18275	63.0	83.32572436332703
74	0.7447003	0.24872077	1.0422317	0.72464424	1.5366964	-0.5503269	12.533654	0.8827158	0.3327544	1.6564146	-0.49526936	600000	-7.450581e-09	0.09819794	-0.029204184	-0.052276693	1.4668746	0.015089242	0.1655	33.0	84.31519722938538
75	0.7682985	0.2119281	1.0809346	0.7050264	1.5372235	-0.51309437	12.954698	0.8728996	0.32724926	1.5089077	-0.67708546	608000	3.7252903e-09	0.121166274	-0.037324138	-0.07496626	1.4765618	0.015044623	0.19675	75.0	85.52021837234497
76	0.73482144	0.2651786	1.0083824	0.7548843	1.5348092	-0.5780821	12.4145565	0.8664266	0.3040214	1.4350344	-0.9912214	616000	3.7252903e-09	0.114224076	-0.037706666	-0.07857382	1.4620917	0.0114287175	0.195375	79.0	86.65840721130371
77	0.7438102	0.24924535	1.0120815	0.7467225	1.5263067	-0.5125836	12.981788	0.8376883	0.3836241	1.584706	-0.91233754	624000	-3.7252903e-09	0.09178458	-0.03684382	-0.056768734	1.4733208	0.015017014	0.178375	62.0	87.79931163787842
78	0.7591922	0.21910636	1.0542635	0.7277221	1.5245376	-0.7276951	12.996622	0.8757565	0.3414762	1.4917896	-0.74564976	632000	-3.7252903e-09	0.0943855	-0.04018277	-0.059451774	1.4444184	0.013073772	0.196375	79.0	88.94774270057678
79	0.8501935	0.13587461	1.2031093	0.61883694	1.5326633	-0.43007416	13.655595	0.8871298	0.32756597	1.4980893	-1.0211799	640000	4.656613e-09	0.106054276	-0.03831762	-0.063075066	1.3898509	0.01315897	0.188375	79.0	90.14137101173401
80	0.731109	0.25635967	1.011849	0.7595888	1.5413197	-0.76665866	12.29088	0.88726133	0.3269882	1.4671407	-0.52118695	648000	-5.5879354e-09	0.14125074	-0.03930895	-0.09350079	1.4075607	0.014115782	0.212	79.0	91.3376235961914
81	0.75942457	0.21302605	1.0600145	0.71531403	1.543934	-0.50313944	13.10473	0.8469153	0.40204623	1.4662645	-0.9507307	656000	-1.1175871e-08	0.18971223	-0.031612158	-0.1299108	1.3996685	0.015209772	0.18387501	43.0	92.38034987449646
82	0.810514	0.17478016	1.1228992	0.6864986	1.5274674	-0.78882915	13.790493	0.8436147	0.344671	1.7609413	-0.62373793	664000	3.7252903e-09	0.17003348	-0.0320789	-0.110747226	1.3996818	0.015253674	0.167125	56.0	93.4402379989624
83	0.7238046	0.24911204	0.98370796	0.75076777	1.5144684	-0.4098673	13.194257	0.8766358	0.3106392	1.4767808	-0.5122458	672000	9.313226e-09	0.16835843	-0.036811456	-0.11462272	1.424052	0.01500784	0.193625	73.0	94.60103869438171
84	0.82715803	0.16502947	1.1601691	0.6664753	1.5353998	-0.9079505	13.550347	0.8120138	0.39858773	1.5815339	-0.5052779	680000	2.3283064e-09	0.1315454	-0.035563942	-0.08908167	1.3638732	0.015000328	0.17675	76.0	95.88716053962708
85	0.7229854	0.25531325	0.9876261	0.7576167	1.5126569	-0.4022485	13.142858	0.90026623	0.3238122	1.4187741	-0.6650622	688000	-7.450581e-09	0.16518933	-0.022999004	-0.1030617	1.3976736	0.015106214	0.165375	21.0	96.87665677070618
86	0.735194	0.25855595	0.9987503	0.7574378	1.5289466	-0.44224054	12.524194	0.7753341	0.40602952	1.4169885	-0.60930526	696000	-4.1909516e-09	0.16708854	-0.037919685	-0.113773376	1.4056735	0.01221462	0.188375	79.0	98.11921238899231
87	0.6625549	0.32384217	0.8575619	0.8218484	1.533263	-0.42530426	12.227848	0.78417003	0.41379675	1.6728506	-0.5686761	704000	6.519258e-09	0.1464522	-0.034641333	-0.07244267	1.4537141	0.015107316	0.194875	53.0	99.16945147514343
88	0.69719887	0.2965511	0.94113195	0.8031724	1.5288944	-0.7335981	12.0859375	0.8612891	0.34397128	1.5406827	-0.5797062	712000	-1.8626451e-09	0.16153947	-0.034322128	-0.11253902	1.4128213	0.0151601415	0.165375	53.0	100.33577108383179
89	0.75108606	0.24891396	1.0402082	0.73297995	1.5271014	-0.4858016	12.402244	0.8288063	0.42600894	1.6016932	-1.2873213	720000	1.1175871e-08	0.10933482	-0.0409232	-0.07463728	1.3758376	0.013660906	0.199875	79.0	101.47274923324585
90	0.6853918	0.31460825	0.9172569	0.79319984	1.5544279	-0.46259934	11.805723	0.8467244	0.37180632	1.6230292	-0.6322634	728000	1.0244548e-08	0.120517835	-0.03760636	-0.07498707	1.4089975	0.012013918	0.21037501	79.0	102.68298888206482
91	0.6814129	0.31200814	0.91157246	0.80125165	1.5440252	-0.502365	11.763555	0.8722076	0.36564386	1.6675587	-0.46035546	736000	-5.5879354e-09	0.15742786	-0.03864248	-0.10269258	1.4271309	0.015013432	0.203125	69.0	103.79032182693481
92	0.7176848	0.27606517	0.99532056	0.75036633	1.5350612	-0.3753501	12.198113	0.8363232	0.36140472	1.7313248	-0.6698464	744000	6.519258e-09	0.1598734	-0.037970014	-0.11454046	1.3626151	0.012723003	0.172625	79.0	104.9700083732605
93	0.8040153	0.19598475	1.1286405	0.67412543	1.5268587	-0.39679918	12.839404	0.8546205	0.39704603	1.754063	-1.0170381	752000	7.450581e-09	0.14783847	-0.02152108	-0.1127207	1.3547835	0.01501465	0.15275	23.0	105.91782093048096
94	0.7766273	0.19316438	1.0834441	0.7093169	1.5433255	-0.7742734	12.978188	0.9292439	0.273807	1.3913869	-0.54338914	760000	3.7252903e-09	0.17092744	-0.027584966	-0.119151145	1.3878906	0.015060382	0.18062499	30.0	106.91262793540955
95	0.85346204	0.11459355	1.1880713	0.65337527	1.5459872	-0.84881276	14.356343	0.81395155	0.4016755	1.4742657	-0.7870302	768000	3.259629e-09	0.11054794	-0.032769635	-0.0656154	1.3733383	0.015007855	0.167	52.0	107.94802331924438
96	0.80190057	0.18282163	1.1253457	0.6784008	1.5329512	-0.76136214	13.443104	0.9118518	0.2842458	1.4989455	-0.6594707	776000	-1.1175871e-08	0.11031543	-0.03316229	-0.069331564	1.3280544	0.015040904	0.176	49.0	109.0361487865448
97	0.71688074	0.28311926	0.9821985	0.76445794	1.5311272	-0.42968634	12.300632	0.88370186	0.32331124	1.639756	-0.7415881	784000	-1.8626451e-09	0.14731865	-0.035342626	-0.08388817	1.3439283	0.015117139	0.19212501	67.0	110.18054389953613
98	0.7790113	0.20623173	1.0886481	0.71617514	1.5376633	-0.81045055	12.989933	0.84862095	0.3479562	1.6629295	-0.46947172	792000	-5.5879354e-09	0.103861414	-0.036098696	-0.067789875	1.324189	0.01042072	0.171875	79.0	111.39024686813354
99	0.7560257	0.20867	1.0570407	0.72868174	1.530548	-0.44071513	12.946667	0.8859278	0.33444002	1.5041069	-0.5851793	800000	9.313226e-09	0.14720246	-0.037376784	-0.10039525	1.316376	0.014218067	0.186625	79.0	112.54189538955688
100	0.8245523	0.15374634	1.1735443	0.6473267	1.5373566	-0.42332703	13.20548	0.8799857	0.33287627	1.6029189	-0.43497187	808000	0.0	0.10827599	-0.036217358	-0.06805374	1.2921805	0.011669416	0.1695	79.0	113.72526717185974
101	0.7637925	0.23620747	1.0501051	0.76152074	1.528934	-0.9945628	12.561291	0.8958929	0.34763625	1.548098	-0.5457404	816000	3.7252903e-09	0.13451171	-0.0382313	-0.08720201	1.2897677	0.013105012	0.20025	79.0	114.9019627571106
102	0.7824875	0.21751255	1.08419	0.7381814	1.5350664	-0.8215756	12.850993	0.8717882	0.3654801	1.4849405	-0.96536696	824000	-5.5879354e-09	0.11650726	-0.036452673	-0.076704636	1.2902741	0.011150232	0.18149999	79.0	116.08877205848694
103	0.8164123	0.16790137	1.1466737	0.6675826	1.5302671	-0.42431816	12.962585	0.8795193	0.35683298	1.5228556	-0.6546931	832000	4.1909516e-09	0.09673111	-0.034716588	-0.050540343	1.267869	0.015082812	0.16775	69.0	117.29959344863892
104	0.8566115	0.13557595	1.2159877	0.6186898	1.5278257	-0.7208802	13.260204	0.884846	0.3239252	1.4253381	-0.9031643	840000	3.7252903e-09	0.13823177	-0.037559662	-0.09443198	1.2649024	0.013596006	0.18037501	79.0	118.43954944610596
105	0.7751775	0.21857247	1.0816134	0.72077394	1.5429809	-0.4862233	12.303798	0.91476333	0.3052868	1.547415	-0.79514456	848000	9.313226e-09	0.09660688	-0.0345696	-0.049656574	1.2754548	0.011647295	0.167875	79.0	119.66771626472473
106	0.7564983	0.22920434	1.050763	0.73030967	1.5409689	-0.39048153	12.443911	0.9094474	0.30451813	1.4436413	-0.6439749	856000	1.8626451e-09	0.13796018	-0.038506206	-0.07413818	1.2652991	0.015076101	0.17925	63.0	120.76299238204956
107	0.72184426	0.25604585	0.9873357	0.75977904	1.5229317	-0.42050818	12.504839	0.83489233	0.38900524	1.5019737	-0.7041923	864000	-9.313226e-09	0.17905353	-0.034118615	-0.12234511	1.2457271	0.015248847	0.181375	44.0	121.8454897403717
108	0.7021147	0.27847743	0.9656948	0.77598155	1.5308571	-0.5174104	12.242088	0.8286841	0.37037006	1.4655704	-0.7903451	872000	1.8626451e-09	0.14200117	-0.037405696	-0.092896685	1.2432995	0.012676332	0.19412501	79.0	122.98939800262451
109	0.79670554	0.19548196	1.1080883	0.6955025	1.5326655	-0.3885139	12.930921	0.86650425	0.36942855	1.6614848	-0.63622355	880000	-7.450581e-09	0.10464312	-0.031019125	-0.077158935	1.226296	0.015001746	0.16887501	45.0	124.06629467010498
110	0.7835161	0.20953949	1.0801634	0.7245107	1.5217774	-0.7565956	13.144296	0.8947072	0.3381677	1.5330845	-1.0501533	888000	4.656613e-09	0.15359867	-0.040307414	-0.1111511	1.2299814	0.015030704	0.19150001	79.0	125.20737910270691
111	0.7047929	0.2952071	0.95117944	0.798842	1.5370713	-0.6136666	11.613905	0.87607217	0.36402428	1.4684156	-0.9437157	896000	5.5879354e-09	0.15021804	-0.037543222	-0.105529636	1.2287104	0.014201384	0.185125	79.0	126.40800881385803
112	0.72408265	0.26933843	0.9911934	0.7774057	1.5336518	-0.45985043	12.169254	0.83830285	0.4156035	1.5707679	-0.8155569	904000	-1.8626451e-09	0.13869253	-0.038685154	-0.081340745	1.2285312	0.015006591	0.19425	71.0	127.51609396934509
113	0.8083035	0.18475214	1.1343043	0.6925956	1.5356323	-0.7612586	12.472756	0.90284127	0.36597988	1.5091228	-0.6491837	912000	0.0	0.10832222	-0.038747802	-0.0712091	1.1828921	0.013565062	0.19275	79.0	128.7030074596405
114	0.6765206	0.3234794	0.91012204	0.81082153	1.5380456	-0.46989602	11.385294	0.8888244	0.39817294	1.6099244	-0.6649729	920000	-3.7252903e-09	0.1548019	-0.039036084	-0.097838044	1.2167325	0.014900612	0.201	79.0	129.84570360183716
115	0.63814694	0.34274277	0.8512254	0.83581024	1.563934	-1.0416061	11.641369	0.7858816	0.43599674	1.5832115	-0.8605579	928000	9.313226e-10	0.2053116	-0.020966016	-0.115514055	1.2196138	0.015168127	0.14937499	17.0	130.80719876289368
116	0.75335735	0.2400637	1.041057	0.74975663	1.5439312	-0.78777426	12.286624	0.8595285	0.36823216	1.6289121	-0.58181196	936000	-5.5879354e-09	0.1282752	-0.038125947	-0.080038235	1.2014267	0.010896323	0.172875	79.0	131.97298789024353
117	0.765779	0.23422097	1.0761511	0.7169188	1.5248796	-0.36393458	12.232813	0.86458784	0.39155975	1.8255459	-0.48350233	944000	7.450581e-09	0.10747238	-0.03412502	-0.075196885	1.1489685	0.015049534	0.17337501	64.0	133.11403846740723
118	0.7413641	0.2467311	1.0327832	0.7420155	1.53313	-0.77579427	12.459936	0.89211154	0.37640387	1.4896375	-0.963681	952000	3.7252903e-09	0.14552297	-0.027144004	-0.10928942	1.1906908	0.015741296	0.165625	27.0	134.0638301372528
119	0.87331223	0.11887524	1.2501849	0.57411	1.5457107	-0.80375886	13.592198	0.87494123	0.3755581	1.6931937	-0.77865034	960000	-2.2351742e-08	0.08199744	-0.039819755	-0.05900716	1.1773204	0.014404438	0.19625	79.0	135.23735308647156
120	0.8493722	0.15062779	1.2068692	0.6206508	1.5438042	-0.52290535	13.355172	0.96078867	0.29646263	1.622019	-0.75011396	968000	1.1175871e-08	0.09330647	-0.03709368	-0.058034457	1.1459953	0.011991092	0.19275	79.0	136.603045463562
121	0.8327851	0.16027047	1.1880294	0.63716257	1.533997	-0.4534625	13.107383	0.938136	0.29272434	1.4818603	-0.67731345	976000	0.0	0.10512866	-0.023976969	-0.060473967	1.1487128	0.015365589	0.152	28.0	137.5841908454895
122	0.7890074	0.21099257	1.098869	0.7039179	1.5334487	-0.4330971	12.569355	0.90485424	0.32095554	1.5305986	-0.49348363	984000	-7.450581e-09	0.11367126	-0.038247034	-0.07723798	1.1760416	0.014175011	0.175875	79.0	138.84592413902283
123	0.7742345	0.2184126	1.0726159	0.7250682	1.5342807	-0.52224416	12.1328125	0.9117884	0.36148712	1.6221219	-0.70270675	992000	1.8626451e-09	0.10159634	-0.03739669	-0.053984396	1.1533065	0.015066108	0.17287499	69.0	139.97248315811157
124	0.8379687	0.1557813	1.1911511	0.6390702	1.5392187	-0.508384	12.899007	0.9232188	0.30784094	1.6057345	-0.45432767	1000000	-5.5879354e-09	0.10416746	-0.033020414	-0.06661339	1.1387928	0.015058947	0.17074999	52.0	141.13075375556946
125	0.8327799	0.16097012	1.1862022	0.64775044	1.5317202	-0.5523332	12.795752	0.9698151	0.2850006	1.6444132	-0.51764977	1008000	1.1175871e-08	0.108317226	-0.037585773	-0.06994783	1.1298963	0.011562991	0.17925	79.0	142.2822675704956
126	0.7535819	0.24641812	1.0307702	0.7672793	1.5371014	-0.5699529	12.457006	0.890987	0.35687092	1.5297295	-0.7153767	1016000	-9.313226e-09	0.1217895	-0.031731494	-0.0740587	1.142807	0.01500136	0.16575	40.0	143.33423233032227
127	0.76578283	0.22826478	1.0587034	0.73788106	1.5307417	-0.48539457	12.20095	0.86630076	0.3893859	1.4979727	-1.2779893	1024000	3.7252903e-09	0.10874185	-0.038764037	-0.07651082	1.1676027	0.011732973	0.171875	79.0	144.47851634025574
128	0.8043028	0.19569719	1.1290203	0.68630123	1.5375508	-0.541148	12.63961	0.9410259	0.30140394	1.5577497	-0.5000329	1032000	-1.21071935e-08	0.11747366	-0.023720054	-0.08978206	1.1399877	0.015473727	0.16274999	22.0	145.51442408561707
129	0.7442707	0.24184039	1.0331908	0.7602488	1.5270714	-0.52237505	12.352201	0.8995662	0.3949584	1.628906	-0.6530286	1040000	-1.8626451e-09	0.1256539	-0.010035741	-0.08086711	1.1423407	0.01732421	0.142625	6.0	146.4807994365692
130	0.76699233	0.22606327	1.0762347	0.72854346	1.543021	-0.51110506	12.259554	0.83948547	0.39195913	1.5985299	-0.52542436	1048000	5.5879354e-09	0.1395627	-0.036636695	-0.10005601	1.1261319	0.014279798	0.179625	79.0	147.7108805179596
131	0.7284689	0.26495215	1.0086949	0.76500326	1.5338353	-0.43354616	12.110249	0.86619407	0.38093555	1.6932025	-0.61099416	1056000	-1.8626451e-09	0.13246746	-0.036917794	-0.09979895	1.1681514	0.015197253	0.18474999	72.0	148.83205556869507
132	0.68318844	0.31681156	0.91556233	0.80192363	1.5242172	-0.48596153	11.820122	0.8449451	0.3980675	1.7147163	-0.4796516	1064000	0.0	0.13974068	-0.03859273	-0.09744156	1.1605663	0.014242387	0.18537499	79.0	150.02863001823425
133	0.82568276	0.17431724	1.164871	0.6564795	1.5294415	-0.42293882	13.018333	0.85715306	0.4278437	1.9825454	-1.3725537	1072000	-8.381903e-09	0.1232384	-0.036030367	-0.09808895	1.1129243	0.015082264	0.17125	62.0	151.10751748085022
134	0.83928573	0.1607143	1.1769409	0.66619796	1.5407894	-0.678489	13.005068	0.9377389	0.3513014	1.691869	-1.0185978	1080000	0.0	0.091077685	-0.03289674	-0.069690235	1.0998398	0.015294117	0.1585	44.0	152.15139317512512
135	0.73571426	0.2642857	0.99284035	0.7781988	1.6	-0.46154353	12.00463	0.8723999	0.40941787	1.5712935	-0.80570495	1088000	7.450581e-09	0.12632322	-0.0382965	-0.085180975	1.1385001	0.011240303	0.178875	79.0	153.3435673713684
136	0.6868606	0.31313938	0.93194175	0.801025	1.5358608	-0.5060195	11.929012	0.8377655	0.4280185	1.7698716	-0.7161534	1096000	7.450581e-09	0.11207425	-0.040340774	-0.08307856	1.1495869	0.013016734	0.179625	79.0	154.5222942829132
137	0.77077067	0.22327694	1.0635568	0.7424907	1.5331594	-0.44706312	12.392629	0.8617507	0.40746528	1.7522062	-0.95704883	1104000	7.450581e-09	0.13707364	-0.039102167	-0.10407072	1.1094972	0.012629639	0.18924999	79.0	155.70680618286133
138	0.765419	0.23458101	1.0618964	0.7405423	1.5420964	-0.4508907	11.9861965	0.88381785	0.39213204	2.0295594	-0.77984947	1112000	0.0	0.10178318	-0.037065364	-0.06716962	1.0786132	0.013199151	0.1855	79.0	156.89593505859375
139	0.6646416	0.33535838	0.8833285	0.8202457	1.5493814	-0.48290506	11.292857	0.82474905	0.46180215	1.6313034	-1.0455586	1120000	0.0	0.1208844	-0.03563816	-0.08262091	1.1116827	0.015053773	0.177875	55.0	158.0514154434204
140	0.7626045	0.23739558	1.0641974	0.73447376	1.5449969	-0.5577709	12.031055	0.8351665	0.413353	1.5776145	-0.7243736	1128000	1.4901161e-08	0.0991685	-0.029960763	-0.069647774	1.0720739	0.015028905	0.157875	44.0	159.0707347393036
141	0.8588647	0.1411353	1.2257725	0.60373783	1.5361272	-0.39437637	12.893092	0.92140937	0.33621353	1.8925512	-0.7580131	1136000	-7.450581e-09	0.08144963	-0.03620821	-0.05594892	1.0547047	0.015075339	0.171125	77.0	160.3259472846985
142	0.8382941	0.16170596	1.1881143	0.64546883	1.5394824	-0.4663282	12.699676	0.9692655	0.28825587	1.5265226	-0.4562632	1144000	1.8626451e-09	0.088483736	-0.033697814	-0.061432816	1.0388993	0.015177922	0.16274999	62.0	161.4017367362976
143	0.84390736	0.13480783	1.1951411	0.64033276	1.5443814	-0.68136084	13.295918	0.9141237	0.34639776	1.669924	-0.8793865	1152000	7.450581e-09	0.10250184	-0.033699818	-0.057466242	1.0627439	0.015029915	0.182	56.0	162.57453322410583
144	0.8896177	0.095676385	1.2946972	0.52187055	1.5431594	-0.39943594	13.45548	0.9493346	0.28914458	1.7530897	-0.40595186	1160000	1.3038516e-08	0.08765167	-0.035425484	-0.06090191	1.0545447	0.011877884	0.171875	79.0	163.72713160514832
145	0.82210594	0.17164408	1.1504704	0.66928786	1.5360594	-0.46343613	13.13255	0.90929663	0.33383608	1.5927625	-0.7243987	1168000	-3.7252903e-09	0.12142461	-0.035372283	-0.0819463	1.0586325	0.015045206	0.177875	73.0	164.8993148803711
146	0.8525468	0.14050874	1.2180567	0.6200556	1.5466964	-0.41422644	12.929276	0.8982291	0.35778648	1.5516659	-0.8317313	1176000	1.21071935e-08	0.0961737	-0.031557783	-0.06588311	1.0512587	0.015218396	0.1745	71.0	166.0170075893402
147	0.7568543	0.2223124	1.0592917	0.7333603	1.5339212	-0.623425	12.466346	0.92636853	0.3411994	1.7286341	-0.48094082	1184000	-1.3038516e-08	0.15287027	-0.03778734	-0.10147417	1.07017	0.013900259	0.19025	79.0	167.2144012451172
148	0.8166719	0.18332812	1.1701797	0.65795547	1.5372642	-0.36242053	12.176562	0.9092915	0.34824666	1.791089	-0.7112335	1192000	0.0	0.10566139	-0.038025662	-0.07425508	1.033009	0.013877499	0.174125	79.0	168.37534165382385
149	0.80769265	0.17914946	1.1516209	0.67965734	1.5372555	-0.86843455	12.76	0.9545144	0.2911874	1.9449321	-0.40095252	1200000	-1.8626451e-09	0.1471419	-0.027400974	-0.09550278	1.0381126	0.015500528	0.15799999	27.0	169.36206197738647
150	0.79903924	0.1940163	1.1318425	0.70006424	1.534872	-0.5566988	12.61039	0.8487152	0.38817024	1.5356914	-0.7934111	1208000	3.7252903e-09	0.16279969	-0.038931705	-0.12487883	1.0364383	0.014991322	0.177375	79.0	170.5028781890869
151	0.7885334	0.19584164	1.1099958	0.71035975	1.5434647	-0.7094016	12.466129	0.94046706	0.317118	1.706222	-0.74527377	1216000	-1.1175871e-08	0.11181381	-0.038157735	-0.08626546	1.0288862	0.013870197	0.16775	79.0	171.69263291358948
152	0.82459974	0.15329039	1.1604704	0.6773399	1.5294751	-0.8000459	13.074325	0.88241637	0.38131475	1.7806182	-0.727556	1224000	2.7939677e-09	0.08159375	-0.030423062	-0.060753964	1.0418952	0.015002813	0.1595	39.0	172.6959466934204
153	0.82189476	0.17075226	1.1655052	0.676758	1.5315895	-0.8830708	12.545455	0.8889296	0.39223638	1.610555	-0.7570489	1232000	-3.7252903e-09	0.079745665	-0.02998158	-0.058207057	1.022485	0.01535629	0.159125	44.0	173.74917078018188
154	0.80715066	0.19284935	1.1318554	0.68345547	1.548566	-0.49132177	12.464516	0.9227092	0.3608042	1.6404228	-0.7499362	1240000	-1.6763806e-08	0.120439455	-0.036728464	-0.08504562	1.0364442	0.014652012	0.18562499	79.0	174.89089512825012
155	0.79820216	0.19444492	1.1206745	0.6992323	1.5388341	-0.60874194	12.536859	0.9137706	0.34421077	1.7129033	-0.5913911	1248000	9.313226e-09	0.09120231	-0.033538334	-0.06895901	1.018624	0.015057572	0.16375	49.0	175.95882511138916
156	0.79652256	0.20347744	1.1263812	0.68574744	1.52993	-0.4197957	12.411859	0.92052686	0.3420447	1.7859108	-0.93523824	1256000	7.450581e-09	0.10924384	-0.037705235	-0.08164195	1.007477	0.011593137	0.1735	79.0	177.10494184494019
157	0.7859819	0.19277626	1.0969284	0.7190047	1.5324165	-0.82965654	12.902318	0.9033991	0.36149427	1.6685947	-0.8207447	1264000	-7.450581e-09	0.12965544	-0.036599234	-0.08739989	1.0228086	0.014029019	0.17475	79.0	178.29364609718323
158	0.849699	0.14294806	1.2088716	0.6223273	1.5294931	-0.66079444	13.2327585	0.8991848	0.3656109	1.6268704	-0.53451884	1272000	-3.7252903e-09	0.11981128	-0.03577394	-0.08661503	1.0132511	0.0150528755	0.17225	60.0	179.4580614566803
159	0.8167217	0.1763339	1.1421686	0.6966321	1.5365419	-0.88793916	12.96	0.9103618	0.38311684	1.734602	-0.89158106	1280000	0.0	0.096167326	-0.027071858	-0.074191205	1.0251074	0.01518813	0.1455	30.0	180.431156873703
160	0.7666147	0.22557281	1.0591159	0.74627066	1.5339466	-0.55264384	12.2674055	0.91293454	0.3647456	1.7114074	-0.6048273	1288000	-5.5879354e-09	0.114728674	-0.039097294	-0.08049606	1.0361581	0.015022291	0.19150001	69.0	181.69255137443542
161	0.78149354	0.21156207	1.0853432	0.73920494	1.5449598	-0.7759884	12.449044	0.89332956	0.37257487	1.4992473	-0.8963425	1296000	-7.450581e-09	0.13386099	-0.033276357	-0.096821584	0.99934083	0.015156679	0.1645	46.0	182.72519779205322
162	0.7783469	0.22165309	1.0867164	0.72168446	1.5380951	-0.3827941	12.414516	0.90747464	0.39231217	1.7187732	-0.99851066	1304000	1.8626451e-09	0.1285901	-0.038216766	-0.10332114	0.9821409	0.014906133	0.18237501	79.0	183.97133374214172
163	0.8036759	0.19632414	1.1376834	0.68922025	1.5401462	-0.31904158	12.242138	0.911007	0.38340017	1.8489299	-0.55897206	1312000	-1.8626451e-08	0.08436756	-0.036080744	-0.06234909	0.96147144	0.015134566	0.17425	73.0	185.10574007034302
164	0.7632203	0.23677969	1.068333	0.72879004	1.5350803	-0.38075283	11.944445	0.8989664	0.39149588	1.7371659	-0.7769464	1320000	2.7939677e-09	0.10947891	-0.032140233	-0.07525987	0.9798263	0.015039098	0.159125	54.0	186.23618268966675
165	0.73847663	0.26152337	1.01387	0.7651016	1.5396788	-0.37970987	12.001553	0.8827473	0.38142696	1.543967	-0.670697	1328000	-3.7252903e-09	0.089765646	-0.036005415	-0.06454226	0.9859005	0.011392906	0.16325	79.0	187.39204049110413
166	0.8692617	0.13073832	1.2529243	0.57684	1.5336528	-0.28776136	12.885761	0.8909203	0.36324233	1.7135127	-0.523089	1336000	1.8626451e-08	0.09033076	-0.028585866	-0.07391079	0.96050584	0.015050325	0.137375	39.0	188.43860173225403
167	0.8601805	0.13981952	1.2284036	0.6055328	1.5443791	-0.3821066	12.8116665	0.9707426	0.2699464	1.8359002	-0.49019596	1344000	5.5879354e-09	0.060914665	-0.036652617	-0.04116428	0.9563447	0.013476687	0.167	79.0	189.60364437103271
168	0.8803363	0.119663745	1.2684835	0.57544035	1.5483723	-0.44774097	13.214527	0.96718407	0.26107314	1.7062961	-0.6391623	1352000	9.313226e-10	0.08858446	-0.03735749	-0.063926265	0.9768393	0.012795804	0.17675	79.0	190.77942562103271
169	0.8638784	0.12296366	1.238466	0.6026399	1.5361252	-0.7471393	13.08557	0.9741609	0.2597844	1.7003661	-0.5044968	1360000	0.0	0.13234603	-0.036921483	-0.10454521	0.985715	0.014789714	0.17625001	79.0	191.9222912788391
170	0.8439458	0.118225254	1.192889	0.6672846	1.5482748	-0.8047555	13.439655	0.8765557	0.38942137	1.606353	-0.6432972	1368000	3.7252903e-09	0.097855054	-0.03724921	-0.07835048	1.0112945	0.013491419	0.17725	79.0	193.0957646369934
171	0.81899923	0.17405635	1.1582506	0.6788549	1.5467317	-0.7567814	12.554839	0.9251998	0.36414847	1.777102	-0.7130103	1376000	-1.1175871e-08	0.09479535	-0.03531094	-0.06393425	0.97869945	0.012276458	0.177	79.0	194.245450258255
172	0.8541851	0.14581491	1.2300982	0.6095659	1.5322535	-0.63407356	12.689935	0.92191213	0.33892715	1.5212349	-0.7582357	1384000	0.0	0.08043661	-0.036612064	-0.05146256	0.9784441	0.015001174	0.16912499	68.0	195.39376258850098
173	0.8105942	0.1894058	1.1504312	0.6861664	1.5342807	-0.49997053	12.397436	0.95509315	0.32329777	1.6729226	-0.9509975	1392000	-1.1175871e-08	0.09461904	-0.031026166	-0.07430601	0.9705126	0.015001458	0.14649999	39.0	196.38256430625916
174	0.78677946	0.21322057	1.1151901	0.7088868	1.5393064	-0.4354385	12.152778	0.9108354	0.36424217	1.5375645	-0.51700234	1400000	0.0	0.09549728	-0.038935944	-0.064155124	0.97318625	0.013808067	0.18474999	79.0	197.56049036979675
175	0.78737104	0.20527607	1.1127368	0.7167803	1.5431594	-0.7495097	12.327532	0.87782985	0.3926558	1.8476055	-0.7634089	1408000	5.5879354e-09	0.12998828	-0.033822574	-0.11034226	0.9606449	0.015175611	0.1655	65.0	198.77605199813843
176	0.7707132	0.22270781	1.0766146	0.73924613	1.5341042	-0.87527514	12.18868	0.8884335	0.3924999	1.7825726	-0.5533825	1416000	9.313226e-09	0.093298	-0.034604978	-0.07113695	0.9527895	0.01505931	0.15450001	63.0	199.85629224777222
177	0.8300648	0.16993526	1.1812358	0.67048377	1.5349989	-0.7622353	12.451612	0.8901523	0.41048893	1.5289032	-0.98405826	1424000	9.313226e-09	0.08244766	-0.035092972	-0.051528685	0.92616963	0.013672904	0.153875	79.0	201.1284623146057
178	0.8218503	0.17079678	1.1734363	0.66271436	1.5410477	-0.41878298	12.348102	0.94223183	0.35299617	1.6904266	-0.63706344	1432000	7.450581e-09	0.080039695	-0.029509481	-0.062348954	0.9254594	0.015047366	0.157125	50.0	202.22974753379822
179	0.7625299	0.21773323	1.0655684	0.74309194	1.5331957	-0.93455285	12.264151	0.8862364	0.3867737	1.6170832	-0.880885	1440000	-7.450581e-09	0.16677445	-0.036099277	-0.12214393	0.95515686	0.015009932	0.146375	49.0	203.38292121887207
180	0.78836805	0.1890625	1.1105628	0.7093002	1.5448593	-0.7782139	12.6	0.8721152	0.41088778	1.8121789	-0.5643364	1448000	1.1175871e-08	0.11992399	-0.021941664	-0.07757946	0.95372546	0.015038247	0.13662499	21.0	204.36654591560364
181	0.8281537	0.17184629	1.1774858	0.6530669	1.5310565	-0.4300291	12.730519	0.9213748	0.33053723	1.8570926	-0.65863836	1456000	0.0	0.09238687	-0.035563715	-0.06393296	0.92522883	0.014585822	0.16925001	79.0	205.6517972946167
182	0.8429384	0.13495173	1.2004536	0.638519	1.5375555	-0.8464214	13.394097	0.9461262	0.30743548	1.7943846	-0.44110724	1464000	3.7252903e-09	0.09897947	-0.036358513	-0.07496127	0.9620679	0.015193074	0.1605	64.0	206.7821238040924
183	0.803112	0.17803885	1.1319634	0.68494153	1.5408846	-0.49935853	12.78268	0.91488	0.37033573	1.6542232	-0.8579421	1472000	-1.21071935e-08	0.10590771	-0.035189766	-0.07433632	0.95318395	0.015021767	0.1665	50.0	207.86838746070862
184	0.78273165	0.21726835	1.0866681	0.7258774	1.5331879	-0.4743539	12.409236	0.88971156	0.37719518	1.5644689	-0.6164087	1480000	1.3969839e-08	0.116224356	-0.037984926	-0.08709055	0.95718765	0.013045259	0.177875	79.0	209.0284285545349
185	0.76712614	0.21971595	1.0754344	0.7278292	1.5389466	-0.42985463	12.374204	0.92858464	0.35425186	1.7070272	-0.702978	1488000	7.450581e-09	0.13198069	-0.037876856	-0.0992441	0.93575	0.015061184	0.183875	76.0	210.19194149971008
186	0.76885444	0.20857613	1.0869058	0.72324824	1.5372655	-0.6675505	12.530645	0.9046448	0.36526537	1.72971	-0.5743984	1496000	1.3038516e-08	0.16425633	-0.036147196	-0.13191672	0.9499296	0.015099524	0.16875	68.0	211.31260633468628
187	0.81073	0.1826911	1.1473303	0.69038796	1.5418587	-0.3912905	12.474359	0.8835602	0.4029269	1.676347	-0.8639583	1504000	-9.313226e-09	0.10053079	-0.03231624	-0.07428191	0.9131446	0.01500863	0.153375	66.0	212.44374012947083
188	0.80167764	0.19832234	1.1307697	0.6911926	1.5388906	-0.44047534	12.215625	0.9209739	0.39723584	1.6971166	-0.7720335	1512000	-1.4901161e-08	0.10354264	-0.03311073	-0.0700618	0.9065925	0.015092639	0.160875	58.0	213.54458904266357
189	0.7853725	0.20768303	1.0982361	0.7190122	1.5299873	-0.64480287	12.240566	0.93698466	0.33894178	1.721241	-1.3481147	1520000	0.0	0.10236183	-0.036391217	-0.07675635	0.9230319	0.012682414	0.156875	79.0	214.74055576324463
190	0.79178697	0.19468963	1.1132698	0.71633196	1.5420146	-0.69758725	12.253125	0.890268	0.40624124	1.5784143	-0.651379	1528000	-3.7252903e-09	0.060781635	-0.033528823	-0.037062496	0.9131607	0.015022324	0.164	66.0	215.95270013809204
191	0.85380113	0.12609649	1.2316912	0.61604923	1.5345148	-0.7069983	13.051666	0.92267394	0.37198034	1.5621094	-0.65111804	1536000	-1.8626451e-09	0.06580087	-0.035190284	-0.042193346	0.90855163	0.01362296	0.157875	79.0	217.0896556377411
192	0.88512427	0.10098684	1.2741175	0.57786584	1.5446359	-0.9083696	13.229452	0.93377393	0.34646025	1.6813825	-0.5234792	1544000	0.0	0.08057871	-0.029777773	-0.054808058	0.90826523	0.015081435	0.14825001	53.0	218.25220155715942
193	0.8308716	0.14788657	1.1762762	0.678428	1.5387038	-1.0958172	12.831126	0.9382082	0.33090252	1.5594293	-0.79388595	1552000	-1.4901161e-08	0.15903583	-0.038153887	-0.10711547	0.9104228	0.01470744	0.18675	79.0	219.40737509727478
194	0.8652251	0.120069	1.2367617	0.60745335	1.5449761	-0.7709053	12.94702	0.9215341	0.33553675	1.7822382	-0.94959974	1560000	2.7939677e-09	0.08701963	-0.035389237	-0.06300834	0.8891616	0.013218605	0.166875	79.0	220.62515950202942
195	0.8378659	0.13431334	1.1897714	0.65220785	1.5455331	-0.77920574	13.107383	0.91145885	0.3826362	1.6579771	-0.6485253	1568000	-1.8626451e-09	0.10950134	-0.034629963	-0.07165027	0.889825	0.015026466	0.16912499	66.0	221.70799207687378
196	0.8210095	0.164599	1.1715859	0.6603029	1.5415419	-0.69150394	12.641233	0.9080079	0.34371543	1.4638244	-0.6931124	1576000	0.0	0.10102492	-0.030399797	-0.07407784	0.89304054	0.01511575	0.15975	51.0	222.79966688156128
197	0.7828373	0.20426589	1.1123699	0.72035	1.5394279	-0.88309157	12.169254	0.89553934	0.3699187	1.677708	-0.7429868	1584000	7.450581e-09	0.10769904	-0.028869685	-0.07520735	0.9199386	0.015032228	0.14950001	41.0	223.80378198623657
198	0.801251	0.17840518	1.1197016	0.72981566	1.5444932	-1.0533775	12.45032	0.87831104	0.42199695	1.6322794	-0.76147974	1592000	0.0	0.14245102	-0.03057976	-0.09347406	0.879622	0.015151952	0.15125	54.0	224.90460419654846
199	0.8239881	0.16208	1.1697704	0.6823165	1.5441701	-1.2383897	12.490446	0.89060855	0.37077838	1.5717266	-0.72973025	1600000	-6.519258e-09	0.15361379	-0.035188496	-0.11209531	0.88890755	0.015047	0.156875	63.0	225.98543524742126
200	0.80325294	0.16966374	1.1367694	0.71782875	1.5444673	-0.9352997	12.705882	0.8684256	0.41773707	1.4621903	-0.9325175	1608000	4.656613e-09	0.14894965	-0.03213274	-0.096822694	0.87624	0.015017521	0.160125	51.0	227.11618900299072
201	0.85578406	0.136863	1.2290754	0.62260026	1.5448608	-1.1385359	12.633871	0.92649114	0.35793808	1.6373006	-0.58318865	1616000	3.7252903e-09	0.1062122	-0.019237377	-0.075903736	0.8689323	0.0151297	0.107125	20.0	228.04230952262878
202	0.80401003	0.19598998	1.1521559	0.6812387	1.5429006	-0.34058908	12.041667	0.94799536	0.3026412	1.5228347	-0.52873886	1624000	3.7252903e-09	0.10018496	-0.031185996	-0.06853978	0.8790399	0.01515648	0.155875	56.0	229.18164372444153
203	0.78658056	0.200225	1.1126125	0.7201786	1.5391569	-1.2968894	12.088957	0.89409333	0.37313738	1.6948322	-0.5653981	1632000	-5.5879354e-09	0.14710906	-0.022585727	-0.092922024	0.8436668	0.015348131	0.13499999	24.0	230.1612949371338
204	0.84236586	0.15763414	1.1985421	0.6328434	1.5381594	-0.36797878	12.38535	0.93471885	0.32903555	1.811981	-0.6608596	1640000	0.0	0.10822415	-0.03411852	-0.082567036	0.8461578	0.0150746405	0.155375	75.0	231.32846212387085
205	0.83331245	0.15279867	1.179117	0.6736043	1.534011	-1.2094712	12.754902	0.9156939	0.3750508	1.9145316	-0.6079438	1648000	1.4901161e-08	0.12128139	-0.024749326	-0.06933741	0.86754656	0.015387885	0.15100001	26.0	232.2730360031128
206	0.81519425	0.18480577	1.1586859	0.6711457	1.5349334	-0.4412446	12.453226	0.9542405	0.3035963	1.7583783	-0.6000931	1656000	4.656613e-09	0.08773741	-0.032124408	-0.07097775	0.8937254	0.01511456	0.166125	62.0	233.4263300895691
207	0.80277115	0.19028443	1.1326636	0.69125986	1.5416093	-1.0928469	12.617742	0.9239246	0.37446424	1.5602789	-0.8084917	1664000	4.656613e-10	0.10655299	-0.03181218	-0.08016999	0.8830486	0.015106216	0.15625	64.0	234.52398467063904
208	0.8626671	0.13038847	1.2343047	0.6154387	1.5429512	-1.2919083	12.754934	0.9324079	0.32717294	1.7569087	-0.62009925	1672000	-1.1175871e-08	0.12361566	-0.01798732	-0.084305614	0.8702698	0.015037295	0.126625	12.0	235.47593235969543
209	0.73808813	0.25533295	1.0147101	0.7720838	1.5450258	-1.0870142	11.935583	0.92155784	0.33921522	1.686851	-0.7664948	1680000	-1.0244548e-08	0.1272897	-0.036527287	-0.08354515	0.9274131	0.015045965	0.171125	64.0	236.59020733833313
210	0.7923037	0.20075189	1.1247747	0.70375943	1.5411272	-0.401096	12.384494	0.8908241	0.38956586	1.690807	-1.0123844	1688000	9.313226e-09	0.12220521	-0.033519015	-0.08596487	0.8989786	0.0150150675	0.15799999	54.0	237.68743085861206
211	0.842746	0.15030949	1.1957908	0.65761405	1.5396698	-1.2012076	12.640523	0.9340433	0.361111	1.7390698	-0.98733735	1696000	-1.8626451e-09	0.08855156	-0.029271618	-0.05773684	0.8741416	0.015011913	0.1485	45.0	238.73225331306458
212	0.8394946	0.153561	1.2031252	0.6337122	1.5403553	-0.8265749	12.623398	0.91038454	0.37170497	1.4169812	-0.7917296	1704000	-1.8626451e-08	0.093697205	-0.028127449	-0.068901956	0.89263415	0.015165372	0.145625	37.0	239.7760512828827
213	0.8157738	0.17728175	1.1519032	0.68227834	1.5420146	-0.68250036	12.612013	0.9355758	0.34977475	1.5864971	-0.64073724	1712000	9.313226e-10	0.09243493	-0.028314587	-0.06370306	0.89473826	0.015132662	0.157125	41.0	240.7882478237152
214	0.79934734	0.18845029	1.1174357	0.71724474	1.5303553	-1.2647449	12.390127	0.9102717	0.3603977	1.4280919	-0.6528703	1720000	1.1175871e-08	0.12812403	-0.031765748	-0.07656701	0.8808858	0.015204082	0.157	48.0	241.90409970283508
215	0.84462714	0.1553728	1.2101319	0.6187731	1.5339774	-0.33986923	12.697712	0.93624735	0.3086481	1.5856721	-0.72325605	1728000	1.4901161e-08	0.06871557	-0.036752384	-0.044999525	0.89215136	0.0151099935	0.17712499	75.0	243.03456592559814
216	0.868891	0.12416458	1.2438358	0.6005285	1.5437863	-1.0487018	13.080537	0.96956104	0.28007522	1.5752187	-0.5188183	1736000	5.5879354e-09	0.10391423	-0.030990832	-0.06114762	0.87573034	0.015075487	0.155375	48.0	244.1028974056244
217	0.8666734	0.119029194	1.2459025	0.5939294	1.5384929	-1.095042	13.239796	0.9307611	0.32361728	1.4102185	-0.65776	1744000	-1.4901161e-08	0.096101485	-0.021206018	-0.054048486	0.8580143	0.015054321	0.12349999	20.0	245.05092597007751
218	0.88249266	0.11750731	1.2745997	0.55905104	1.5483991	-0.53157187	13.028146	0.94902647	0.2757084	1.4807119	-0.4374894	1752000	-3.7252903e-09	0.08414763	-0.036219746	-0.052001067	0.8757062	0.015069729	0.183	73.0	246.25456070899963
219	0.8543494	0.116502196	1.2236835	0.63648045	1.5391793	-1.1971796	13.363793	0.9470139	0.31977564	1.4679416	-0.61589277	1760000	0.0	0.1062426	-0.020054866	-0.07048196	0.8634181	0.0151231885	0.130875	24.0	247.1948585510254
220	0.8152125	0.17697498	1.1567345	0.6725168	1.5450664	-0.46027276	12.71732	0.8909486	0.36968333	1.7895539	-1.0404994	1768000	-9.313226e-10	0.11828828	-0.027295947	-0.09727364	0.8570664	0.015227608	0.14525	36.0	248.28323435783386
221	0.8940295	0.09861756	1.2924938	0.5530382	1.5486518	-0.842803	13.1097975	0.9222507	0.36484808	1.5444268	-0.9290279	1776000	-1.5832484e-08	0.07665205	-0.0307744	-0.06110768	0.85013735	0.015142389	0.13350001	51.0	249.32423186302185
222	0.8435855	0.14860198	1.2058794	0.6518035	1.543263	-0.76654685	12.764803	0.9388984	0.31914982	1.6498239	-0.82857966	1784000	7.450581e-09	0.08847724	-0.035321336	-0.067046	0.8485099	0.012048377	0.1735	79.0	250.56059002876282
223	0.83683044	0.16316956	1.1987027	0.63714534	1.5388906	-0.35701594	12.419354	0.96967906	0.2794044	1.4369445	-0.9218943	1792000	8.381903e-09	0.10731135	-0.035763763	-0.08453564	0.8418208	0.012463667	0.16225	79.0	251.70936012268066
224	0.7933323	0.20008877	1.1161171	0.72524035	1.5475357	-0.8627462	12.300632	0.91990393	0.343145	1.4856616	-0.8906461	1800000	1.3038516e-08	0.12988801	-0.03566214	-0.090615764	0.84597695	0.011110568	0.1585	79.0	252.9721338748932
225	0.7676169	0.19945176	1.0710343	0.7695887	1.5422657	-1.3370045	12.654839	0.90604335	0.36686122	1.426443	-0.635705	1808000	-7.450581e-09	0.15006332	-0.035015784	-0.104596294	0.8408693	0.015279769	0.16175	59.0	254.06225180625916
226	0.8406798	0.13848685	1.1999353	0.6646279	1.5475357	-0.83490556	12.903334	0.8137882	0.46606418	1.5531397	-0.99495536	1816000	1.3038516e-08	0.09902322	-0.034390096	-0.081569314	0.83035505	0.015151353	0.151875	67.0	255.20749855041504
227	0.80590016	0.18752089	1.1484127	0.6872988	1.5395796	-0.73979753	12.310126	0.9596553	0.32713577	1.5535151	-1.03322	1824000	0.0	0.10803242	-0.024081577	-0.07880452	0.8348818	0.015038107	0.13462499	22.0	256.1668803691864
228	0.7875949	0.1693904	1.1028943	0.7510874	1.5393814	-1.1637496	12.872517	0.86255836	0.3868132	1.4016944	-0.68861103	1832000	-4.656613e-10	0.14690301	-0.027495675	-0.1078725	0.8520396	0.015019827	0.149125	30.0	257.17834305763245
229	0.79594976	0.17622948	1.1156085	0.7330149	1.5430951	-1.0650355	12.80298	0.87237656	0.42415005	1.8787189	-0.98395795	1840000	1.8626451e-09	0.17156343	-0.027740892	-0.12370736	0.8461915	0.015079064	0.15175	39.0	258.1880991458893
230	0.7711159	0.22153118	1.0886476	0.72041136	1.5425	-0.41212207	12.146875	0.88902515	0.37337756	1.7909398	-0.89730406	1848000	-1.21071935e-08	0.097077	-0.03559471	-0.06314707	0.86213833	0.010489088	0.162875	79.0	259.3741955757141
231	0.77649856	0.20405701	1.0919583	0.73187715	1.533589	-0.81201005	12.572115	0.8791256	0.39347163	1.8368	-0.85446846	1856000	-3.7252903e-09	0.0906262	-0.0378	-0.060923107	0.8472038	0.015068457	0.179375	73.0	260.50408601760864
232	0.77721244	0.20962965	1.087978	0.7199637	1.543934	-0.7317889	12.275157	0.8836239	0.40416053	1.4520152	-1.5581448	1864000	3.7252903e-09	0.1356952	-0.031427603	-0.11180554	0.8655418	0.015077483	0.15975	44.0	261.56006383895874
233	0.75751513	0.20910856	1.0556191	0.7568248	1.5461718	-0.7659667	12.520833	0.856704	0.43466756	1.8740441	-0.63984966	1872000	8.381903e-09	0.14592706	-0.0391535	-0.093811646	0.8983828	0.014943507	0.17775	79.0	262.71243166923523
234	0.75793415	0.22923693	1.0533575	0.7474351	1.5500258	-0.73714167	12.295597	0.8369321	0.44021678	1.6287847	-1.0676507	1880000	-1.1175871e-08	0.106741905	-0.03519954	-0.07371351	0.86440873	0.015201009	0.160375	63.0	263.839546918869
235	0.79007936	0.1904762	1.124926	0.7031402	1.5443814	-0.41755018	12.41879	0.865314	0.41756144	1.4992937	-0.9000354	1888000	1.1175871e-08	0.14021859	-0.03470873	-0.09952655	0.8335741	0.015066336	0.15737501	66.0	264.94978070259094
236	0.8308793	0.15559733	1.1830821	0.65832543	1.5417418	-0.7369736	12.855263	0.9127845	0.3504717	1.6889589	-0.5886713	1896000	7.450581e-09	0.09741675	-0.030018382	-0.077833906	0.82498395	0.015025005	0.13749999	38.0	265.9925639629364
237	0.7648862	0.22221701	1.0679177	0.75901276	1.5435863	-1.1509012	12.156833	0.911272	0.39690655	1.8152542	-1.0072908	1904000	0.0	0.1368163	-0.0347045	-0.088911414	0.8339604	0.010317817	0.18187499	79.0	267.14184641838074
238	0.7853013	0.2011753	1.1027856	0.7219416	1.5415468	-0.7213394	12.447453	0.87996763	0.40718377	1.7045274	-0.6689389	1912000	-1.4901161e-08	0.141653	-0.030642824	-0.10756403	0.84660596	0.015184001	0.14725	58.0	268.3124153614044
239	0.76089084	0.23285913	1.0640306	0.7542432	1.5422657	-1.246508	11.769578	0.86877996	0.39929464	1.7635561	-0.8020705	1920000	-9.313226e-09	0.11403182	-0.028263373	-0.06734328	0.81390196	0.015034044	0.14050001	35.0	269.3476333618164
240	0.8347158	0.1579313	1.1964267	0.6320153	1.5356667	-0.37775147	12.684641	0.9268283	0.3478904	1.5714241	-0.9682131	1928000	-1.4901161e-08	0.13295817	-0.031976074	-0.08946194	0.81515247	0.01504335	0.15274999	63.0	270.54909467697144
241	0.8809676	0.11903243	1.2782799	0.56456834	1.5483472	-0.4819392	12.6	0.9617709	0.22445464	1.5961785	-0.6377476	1936000	-4.656613e-09	0.090954274	-0.030540917	-0.062179394	0.81354684	0.015036154	0.147	51.0	271.6871235370636
242	0.8090539	0.18436716	1.1597806	0.66104734	1.5526776	-0.47783566	12.613782	0.9344809	0.3161484	1.718286	-1.1183803	1944000	-2.7939677e-09	0.1349423	-0.034476526	-0.08756015	0.79785836	0.013528893	0.15437499	79.0	272.8351912498474
243	0.8957764	0.10422363	1.3010763	0.535781	1.5441569	-0.43551275	12.626623	0.9518571	0.25875056	1.6999896	-0.62379164	1952000	0.0	0.0949764	-0.028486483	-0.07650916	0.82251865	0.015306173	0.14825	34.0	273.93102526664734
244	0.82476485	0.16788219	1.1673783	0.6781525	1.5447017	-0.82428825	12.866776	0.927447	0.34600356	1.714745	-0.7451882	1960000	9.313226e-10	0.10134917	-0.02467892	-0.068799175	0.8334584	0.015132293	0.12875	28.0	274.8921332359314
245	0.87103176	0.12896825	1.2584788	0.59335357	1.5547206	-0.36333525	12.440705	0.9303927	0.34899688	1.6316508	-0.63217604	1968000	1.6763806e-08	0.055526815	-0.027966343	-0.041137066	0.81083786	0.015231283	0.13675	38.0	275.9905879497528
246	0.7817613	0.21823879	1.1160979	0.7115186	1.5493108	-0.6154258	11.984756	0.9546454	0.30334026	1.5001152	-0.6256323	1976000	3.7252903e-09	0.13675678	-0.0364262	-0.10195751	0.8434844	0.012218832	0.15762499	79.0	277.1274936199188
247	0.8401506	0.15984942	1.2041093	0.6352438	1.535492	-0.37172958	12.128086	0.92530894	0.3615594	1.7609093	-0.9907638	1984000	-3.7252903e-09	0.093764186	-0.031199973	-0.059540264	0.8018965	0.015096277	0.154125	52.0	278.2637221813202
248	0.8289208	0.16450027	1.1772808	0.6696959	1.542902	-0.86711025	12.556452	0.9556724	0.2708187	1.486522	-0.5258201	1992000	-7.450581e-09	0.111075655	-0.031260036	-0.071639575	0.8391959	0.015059686	0.157125	47.0	279.2795522212982
249	0.80419356	0.15785496	1.1379837	0.72123796	1.5462847	-1.1571317	12.71732	0.92762065	0.32072794	1.7599051	-0.7883695	2000000	3.7252903e-09	0.18488856	-0.025808485	-0.1238274	0.8116215	0.015136964	0.12200001	26.0	280.35654640197754
250	0.7863039	0.18770933	1.1146319	0.72516555	1.557215	-0.8624098	12.311708	0.8387144	0.43974036	1.6360595	-1.198756	2008000	1.2456439e-08	0.123124555	-0.035167955	-0.08275693	0.8040735	0.015162243	0.1675	72.0	281.481929063797
251	0.7958103	0.18393995	1.1179941	0.73214865	1.5475	-0.9172129	12.16149	0.9188802	0.32418722	1.7655789	-0.53313005	2016000	-1.1175871e-08	0.15314543	-0.03562799	-0.10834978	0.80343676	0.01397886	0.16025001	79.0	282.7910213470459
252	0.8192678	0.17378777	1.1719042	0.66944724	1.5460246	-0.86539346	11.981482	0.876814	0.3924604	1.7088244	-0.7653335	2024000	-1.8626451e-08	0.08729887	-0.03753269	-0.06596421	0.8016219	0.014683045	0.16862501	79.0	283.99694538116455
253	0.81920457	0.15914512	1.1617949	0.69093597	1.5502719	-0.87615484	12.719156	0.9457493	0.3501601	1.6593418	-0.7259643	2032000	0.0	0.10896144	-0.02982404	-0.07348185	0.7933885	0.01522829	0.15612501	52.0	285.1247236728668
254	0.7714528	0.22196826	1.0857849	0.73952144	1.54813	-0.93353224	11.919697	0.94065607	0.3521164	1.637317	-0.6319393	2040000	7.450581e-09	0.16973212	-0.026625786	-0.12227009	0.81884867	0.015198876	0.145	32.0	286.1273195743561
255	0.782908	0.19698963	1.0986811	0.73292613	1.5431403	-0.86887544	12.541936	0.86266124	0.4164931	1.664533	-1.3072999	2048000	-7.450581e-09	0.15825674	-0.0281764	-0.10124394	0.83163476	0.015024189	0.14825	43.0	287.1892366409302
256	0.75357145	0.22698414	1.0489093	0.76862276	1.5421693	-1.0974112	12.267296	0.87749815	0.3846885	1.5729854	-0.90312827	2056000	0.0	0.16221145	-0.034829453	-0.11456162	0.8147975	0.015137121	0.15875	68.0	288.3282194137573
257	0.8256422	0.17435777	1.1780767	0.6601138	1.5441569	-0.37539536	12.349056	0.88724256	0.37131912	1.6890165	-0.6195301	2064000	0.0	0.14030467	-0.029801738	-0.10560737	0.81976473	0.015044166	0.14825001	52.0	289.42087388038635
258	0.766258	0.23374203	1.0767425	0.7209204	1.5400258	-0.372074	12.076087	0.93311363	0.34015223	1.6071918	-0.80452394	2072000	1.8626451e-09	0.09458686	-0.031284213	-0.065524414	0.83881915	0.015080487	0.148375	44.0	290.44365787506104
259	0.8238821	0.17611785	1.1856866	0.65356916	1.5446447	-0.43796697	12.052147	0.9585436	0.32039684	1.6179332	-0.75193286	2080000	9.313226e-09	0.072375104	-0.031328127	-0.04822518	0.78216636	0.015045707	0.153125	53.0	291.54206705093384
260	0.8169246	0.16988096	1.1378928	0.6977559	1.5427468	-0.7001321	12.451923	0.94297004	0.34047657	1.4200319	-0.718582	2088000	0.0	0.116291985	-0.031672165	-0.08881498	0.8415489	0.0150212515	0.14324999	42.0	292.5527937412262
261	0.85536754	0.13768798	1.226959	0.62147754	1.5401462	-0.697545	12.245283	0.91154104	0.3744281	1.451881	-0.73493505	2096000	1.3038516e-08	0.095557764	-0.029394295	-0.069693506	0.80419046	0.015129245	0.143125	42.0	293.599081993103
262	0.79143584	0.20261183	1.1209943	0.7109651	1.5509636	-0.6609762	11.822289	0.99009424	0.2637796	1.5091339	-0.8506321	2104000	-2.6077032e-08	0.10214888	-0.02300358	-0.06575717	0.79512775	0.01539612	0.14425	20.0	294.53002882003784
263	0.79551435	0.18573564	1.131654	0.7009815	1.5458121	-1.2219324	12.2125	0.89325947	0.39130315	1.459334	-1.1944768	2112000	5.5879354e-09	0.13079922	-0.03497973	-0.09421521	0.79767585	0.015071869	0.17525	72.0	295.69957852363586
264	0.7860316	0.20702398	1.121394	0.6912039	1.5372094	-0.32368758	11.935976	0.9277042	0.3156269	1.6087523	-0.54626656	2120000	9.313226e-09	0.10042068	-0.038450956	-0.07230263	0.8182657	0.014450726	0.17412499	79.0	296.84088134765625
265	0.8772296	0.115826026	1.2713141	0.59050053	1.545	-1.0392045	12.496754	0.95877886	0.28494462	1.5892318	-0.5044327	2128000	-1.21071935e-08	0.11154628	-0.035014246	-0.07404206	0.79016316	0.01262201	0.17462501	79.0	298.0182251930237
266	0.80495155	0.1876955	1.134766	0.7051191	1.5504715	-0.9370126	12.295313	0.9192272	0.35634875	1.5541991	-0.80105495	2136000	1.3969839e-08	0.12969385	-0.03353662	-0.08479669	0.79223585	0.015058104	0.15599999	53.0	299.0731928348541
267	0.87215054	0.12784946	1.2578416	0.5870728	1.5506468	-0.46920133	12.33386	0.98233587	0.24947304	1.7243803	-0.918956	2144000	3.7252903e-09	0.09766405	-0.03418537	-0.07118985	0.8032402	0.010949764	0.160625	79.0	300.25816440582275
268	0.7741324	0.22586769	1.0961988	0.70787936	1.5472656	-0.47937176	11.92378	0.9145381	0.34418452	1.5397525	-0.6479346	2152000	-9.313226e-10	0.12288218	-0.034193344	-0.0779117	0.82179725	0.015129641	0.1555	69.0	301.36609840393066
269	0.8075013	0.19249865	1.1532251	0.6844791	1.5441569	-0.6329153	12.119427	0.902055	0.34347662	1.6728845	-0.6396019	2160000	-3.7252903e-09	0.115481526	-0.032734636	-0.078473106	0.8141423	0.015003686	0.155625	46.0	302.4321336746216
270	0.838241	0.16175905	1.2066354	0.6378291	1.5472656	-0.42703462	12.254777	0.9343502	0.31027713	1.5683708	-0.6046703	2168000	-9.313226e-10	0.10373703	-0.033384766	-0.07032136	0.77373636	0.015128311	0.15825	70.0	303.5513925552368
271	0.82881165	0.16424394	1.1956695	0.6447728	1.5450258	-0.4535502	12.373398	0.9459083	0.32299724	1.7833233	-0.6173553	2176000	1.0244548e-08	0.10403085	-0.034624755	-0.07024227	0.79585356	0.015037181	0.15262501	68.0	304.72591495513916
272	0.7938696	0.19988039	1.1258278	0.7057272	1.5461485	-0.77018124	12.2688675	0.9097909	0.36399293	1.5531214	-0.6183759	2184000	-1.8626451e-08	0.10570426	-0.027371895	-0.07675855	0.81779164	0.015073828	0.130375	40.0	305.7248647212982
273	0.7991283	0.1817928	1.1313199	0.7140895	1.5548722	-0.840779	12.145963	0.9255732	0.37346572	1.5791714	-0.65625584	2192000	-3.7252903e-09	0.12573838	-0.036506467	-0.09625094	0.8132887	0.0144646	0.169875	79.0	306.90934920310974
274	0.8447697	0.12521385	1.1939442	0.6799602	1.5445815	-0.8844127	12.637255	0.8937312	0.4117476	1.6433754	-1.0369301	2200000	7.450581e-09	0.090115994	-0.033201195	-0.0738575	0.82288486	0.01504191	0.14525	53.0	308.09339594841003
275	0.8238247	0.16298084	1.1811196	0.6772248	1.5526633	-0.83044076	12.199044	0.91186196	0.3753718	1.5654593	-0.7868383	2208000	-7.450581e-09	0.13033167	-0.029776087	-0.10598318	0.810377	0.015126593	0.1415	36.0	309.08670377731323
276	0.81223464	0.1808209	1.1644218	0.6796923	1.5569956	-0.92282337	11.953988	0.9147444	0.3843585	1.6488781	-0.71889275	2216000	7.450581e-09	0.11253008	-0.034218222	-0.08201076	0.8203665	0.015095742	0.17225	61.0	310.2950322628021
277	0.7760652	0.21735589	1.1053362	0.7161378	1.5475	-0.8843688	11.813637	0.91982436	0.35777238	1.5919187	-0.7093639	2224000	1.8626451e-09	0.09732009	-0.0360479	-0.06358959	0.7998452	0.014576774	0.15762499	79.0	311.43458819389343
278	0.7958476	0.19720799	1.1397198	0.68131673	1.5526776	-0.42506498	12.15625	0.9248246	0.3490379	1.5335459	-0.6786952	2232000	1.8626451e-08	0.11679515	-0.031186124	-0.08670585	0.8109343	0.015167766	0.1635	34.0	312.53128123283386
279	0.8117168	0.18133876	1.1579114	0.68070936	1.5546551	-0.9000825	12.295886	0.9039394	0.38237518	1.5899434	-1.125555	2240000	-1.1175871e-08	0.09244701	-0.03325438	-0.07228811	0.82770944	0.01510816	0.15037501	49.0	313.6333112716675
280	0.82533896	0.17466109	1.1762997	0.66027415	1.5468502	-0.4139125	12.353503	0.94775695	0.3207858	1.5621231	-0.4893085	2248000	1.1175871e-08	0.050368853	-0.027378138	-0.0391886	0.80248	0.015216982	0.146125	33.0	314.72557163238525
281	0.7953898	0.1980313	1.1247638	0.7071265	1.5447462	-1.0036637	12.082822	0.9688873	0.32231873	1.795949	-0.8354652	2256000	2.7939677e-09	0.14474523	-0.035936125	-0.10943554	0.8114462	0.013360388	0.17037499	79.0	315.88075733184814
282	0.80585825	0.16591251	1.1431057	0.6967558	1.5426776	-0.66211176	12.614379	0.91653806	0.34617913	1.6332262	-0.73872817	2264000	1.8626451e-08	0.13663383	-0.031759374	-0.092675306	0.82258916	0.015054246	0.151125	59.0	317.0541377067566
283	0.85189533	0.14810464	1.2314467	0.61505556	1.5389466	-0.4452278	12.325472	0.9145064	0.34004295	1.4497011	-0.668059	2272000	-1.8626451e-08	0.07645613	-0.027715933	-0.051498413	0.76804405	0.015214029	0.13512501	40.0	318.0821542739868
284	0.84448576	0.14893529	1.2125146	0.6281199	1.5425357	-0.43995658	12.479167	0.96299934	0.31716934	1.5327901	-0.8335484	2280000	-1.3038516e-08	0.07885021	-0.035795618	-0.052080356	0.7811245	0.014777567	0.1695	79.0	319.26775574684143
285	0.8081849	0.18446216	1.1483494	0.6865658	1.546591	-1.1677052	12.02454	0.93539333	0.33992973	1.5770273	-0.48197475	2288000	-1.3038516e-08	0.12644249	-0.031156119	-0.085027315	0.793766	0.015025764	0.152625	41.0	320.27327275276184
286	0.80880165	0.19119835	1.1551985	0.67805445	1.5435511	-0.42178106	11.89939	0.92874235	0.3056273	1.5938245	-0.5318345	2296000	7.450581e-09	0.09209946	-0.028736161	-0.06404265	0.79195106	0.015145111	0.154375	35.0	321.3175365924835
287	0.82135737	0.17169818	1.179019	0.6510328	1.5475	-0.31117862	12.054348	0.9487915	0.30012846	1.4955512	-0.54239655	2304000	1.4901161e-08	0.117664635	-0.0322558	-0.084287986	0.7883501	0.0150023885	0.155375	48.0	322.37100887298584
288	0.8127042	0.1725899	1.1714045	0.65993536	1.5440186	-0.37376237	12.049383	0.90776414	0.37688488	1.542173	-1.0948995	2312000	-1.3038516e-08	0.119926676	-0.029088449	-0.08458623	0.79403734	0.0150730545	0.139125	50.0	323.4631943702698
289	0.9038168	0.096183166	1.3243552	0.50524384	1.5439467	-0.46867445	12.681818	0.9986097	0.20219372	1.438308	-0.20664176	2320000	3.7252903e-09	0.07189948	-0.033779684	-0.048158295	0.79593563	0.015165306	0.155375	66.0	324.55162167549133
290	0.81773615	0.18226391	1.1595043	0.67726994	1.5869884	-0.60540336	12.278125	0.94067687	0.3199471	1.4552623	-0.69511974	2328000	3.7252903e-09	0.11473401	-0.036007565	-0.08117298	0.8048595	0.015037186	0.16749999	78.0	325.72100806236267
291	0.81233037	0.17451175	1.1644497	0.6769257	1.5869884	-1.2031808	12.017187	0.9208866	0.33588335	1.4414575	-1.2060778	2336000	-1.1175871e-08	0.15350115	-0.025705583	-0.10066422	0.78558564	0.015066618	0.133625	27.0	326.68130826950073
292	0.83157897	0.15526316	1.2036337	0.63486755	1.5518587	-0.53793347	12.673701	0.8944456	0.3487864	1.5336559	-0.7470472	2344000	1.3038516e-08	0.14308165	-0.030629868	-0.08862469	0.81133026	0.015133639	0.14500001	40.0	327.7256488800049
293	0.8127074	0.17409813	1.1773752	0.6475635	1.5442721	-0.4372397	12.082298	0.9092931	0.30942452	1.4371206	-0.5251918	2352000	-1.0244548e-08	0.116500154	-0.024359934	-0.08693037	0.79530036	0.01515245	0.137125	26.0	328.72134232521057
294	0.8374113	0.14906538	1.2053654	0.64482933	1.5547206	-0.883962	12.404459	0.9242614	0.34429055	1.4907684	-0.97247297	2360000	-3.7252903e-09	0.14177416	-0.030193336	-0.090114355	0.8093449	0.015040822	0.139625	49.0	329.7973849773407
295	0.8172349	0.18276516	1.1773406	0.6560548	1.5472656	-0.4422507	11.865151	0.9240576	0.3103819	1.4935914	-0.682974	2368000	-1.1175871e-08	0.07632963	-0.026174042	-0.058997646	0.80683047	0.015163815	0.139875	29.0	330.76950430870056
296	0.7808441	0.20522405	1.109656	0.7114758	1.5568587	-0.8184592	11.964286	0.9189254	0.3504659	1.4639951	-0.75046957	2376000	9.313226e-10	0.13895677	-0.03180755	-0.10941483	0.7987182	0.015009191	0.14699998	50.0	331.9020583629608
297	0.79279447	0.20095553	1.1324195	0.6970965	1.5570964	-0.76996994	11.88497	0.899417	0.381735	1.4501054	-0.7346808	2384000	1.5832484e-08	0.11042869	-0.02862766	-0.08293748	0.808893	0.015213709	0.145125	38.0	332.9213197231293
298	0.7910961	0.18843605	1.1251936	0.7106698	1.5500258	-0.84220064	12.267516	0.8709986	0.4082925	1.3879359	-1.4225014	2392000	9.778887e-09	0.14562087	-0.026370943	-0.11526553	0.8296752	0.01530287	0.136375	32.0	333.97313928604126
299	0.7590655	0.22803771	1.0644186	0.7470622	1.5501462	-0.63367534	11.734848	0.88509285	0.3804163	1.4348716	-1.2742192	2400000	1.1175871e-08	0.13152254	-0.032058917	-0.080839336	0.8059143	0.015072135	0.145125	47.0	335.01716709136963
300	0.7766247	0.18728246	1.1091269	0.71536803	1.5494543	-0.7958688	12.359873	0.87626636	0.38124976	1.5757078	-0.6410898	2408000	3.7252903e-09	0.13799843	-0.031288527	-0.104445666	0.8213761	0.0150052	0.16800001	48.0	336.13946557044983
301	0.77065533	0.21651572	1.0816927	0.72913265	1.5500258	-0.78555954	12.296875	0.82199687	0.43778744	1.5583019	-1.1786113	2416000	-4.656613e-09	0.14535314	-0.031755574	-0.11423549	0.83980376	0.015026754	0.14625	47.0	337.1719732284546
302	0.7817131	0.21828692	1.109782	0.7108253	1.5568467	-0.40619376	11.92378	0.89398426	0.347647	1.7772905	-0.7537135	2424000	2.6077032e-08	0.12696849	-0.03527618	-0.092067465	0.8098577	0.0150667615	0.17212501	78.0	338.41461205482483
303	0.81538737	0.17766812	1.1623863	0.6816211	1.5489212	-0.8825594	12.370193	0.9064825	0.35150996	1.540045	-1.029669	2432000	1.8626451e-09	0.08818388	-0.03818918	-0.058338616	0.8100831	0.014196449	0.165875	79.0	339.5592031478882
304	0.8049608	0.19503921	1.1409317	0.6863759	1.5473392	-0.37168944	12.326433	0.9452355	0.32890132	1.50192	-0.88400084	2440000	1.3038516e-08	0.08977401	-0.031116849	-0.06399191	0.811015	0.01505905	0.1575	42.0	340.61283826828003
305	0.8086053	0.19139469	1.1520169	0.68786573	1.5446551	-0.47392637	12.015528	0.8954251	0.37090346	1.4860561	-0.8872729	2448000	-1.8626451e-08	0.095744796	-0.032613806	-0.06918277	0.8017162	0.015007008	0.158375	54.0	341.66187739372253
306	0.798429	0.20157096	1.1225615	0.6942004	1.5473038	-0.40767872	12.207278	0.91992	0.34820235	1.6871914	-1.0732481	2456000	6.519258e-09	0.09838335	-0.0355525	-0.06582171	0.8101965	0.015125571	0.164375	72.0	342.8510477542877
307	0.8314275	0.16199353	1.2040343	0.64182204	1.5538601	-0.41741776	12.205975	0.94021696	0.29943585	1.3934286	-0.6024849	2464000	-1.8626451e-08	0.10933254	-0.037200034	-0.07464952	0.7702267	0.013507867	0.168625	79.0	344.00180983543396
308	0.80237454	0.19027255	1.148477	0.6761637	1.5471529	-0.36652282	12.027607	0.9372806	0.33254287	1.6414993	-0.65730786	2472000	1.3038516e-08	0.08492755	-0.027228909	-0.05315991	0.7948028	0.015028289	0.145	33.0	345.025155544281
309	0.80884004	0.19115996	1.1580034	0.6787072	1.5511718	-0.39882886	11.873476	0.94678223	0.29552454	1.5911596	-0.48968852	2480000	-3.7252903e-09	0.08791107	-0.03214194	-0.06327594	0.7756268	0.015123362	0.16387501	49.0	346.0635166168213
310	0.826697	0.16672412	1.1959074	0.631564	1.5414996	-0.5170719	12.159375	0.93090343	0.3462916	1.4453923	-0.94237876	2488000	1.1175871e-08	0.11055757	-0.031839706	-0.08728885	0.74959886	0.015063562	0.14937499	56.0	347.2035422325134
311	0.8069829	0.17871976	1.1428294	0.68531185	1.5518587	-0.3682449	11.93865	0.931719	0.32971784	1.4193649	-0.61737245	2496000	1.8626451e-09	0.11325024	-0.033870485	-0.07844305	0.7912519	0.015073143	0.162375	62.0	348.3951246738434
312	0.82850873	0.17149124	1.1876303	0.6539978	1.5496112	-0.47965184	12.04375	0.92815244	0.3109531	1.4036916	-0.6200377	2504000	-9.313226e-09	0.106987126	-0.03477819	-0.08238453	0.78157353	0.015076135	0.1635	65.0	349.548805475235
313	0.8662426	0.1337574	1.2567035	0.5717062	1.5550258	-0.40054572	12.292722	0.950777	0.27669024	1.3764662	-0.7116567	2512000	-1.071021e-08	0.13468929	-0.029386591	-0.09661074	0.768937	0.015142249	0.14700001	38.0	350.54296040534973
314	0.8253709	0.17462906	1.1741806	0.6551122	1.5547206	-0.534427	12.192187	0.98137987	0.23770605	1.4341336	-0.6706675	2520000	1.8626451e-09	0.11003042	-0.018057987	-0.067847334	0.7706576	0.01518533	0.13475	14.0	351.50666546821594
315	0.8384745	0.1615255	1.2133884	0.6230243	1.5869884	-0.39303932	12.194099	0.95594275	0.25145635	1.3459742	-0.698709	2528000	7.450581e-09	0.10806078	-0.024440743	-0.06582548	0.7784319	0.015093807	0.14912501	28.0	352.4924147129059
316	0.7913681	0.20863189	1.1224707	0.7053297	1.5511272	-0.4753323	11.890909	0.93096447	0.30211163	1.4142649	-0.5748992	2536000	5.5879354e-09	0.11900374	-0.020396378	-0.07718682	0.7744726	0.01543466	0.14275	19.0	353.46335649490356
317	0.85823935	0.14176065	1.2506813	0.59668624	1.5951478	-0.36365458	12.142187	0.94995904	0.31039962	1.3760287	-1.2941302	2544000	-3.7252903e-09	0.078863	-0.032986104	-0.056211974	0.7544397	0.015032776	0.1615	69.0	354.58330607414246
318	0.83054984	0.1694501	1.1912743	0.65766364	1.5534753	-0.43065795	12.063664	0.9396101	0.3281833	1.3028531	-0.8844521	2552000	1.4901161e-08	0.07030304	-0.029247567	-0.045008603	0.7748972	0.015062049	0.142625	43.0	355.64199018478394
319	0.75778437	0.24221563	1.0622747	0.7441421	1.5595816	-0.5131954	11.528107	0.9443544	0.3240953	1.3594699	-0.80034167	2560000	1.1175871e-08	0.13792375	-0.038215183	-0.108651996	0.7854609	0.015046017	0.16462499	78.0	356.79380559921265
320	0.8381009	0.15532011	1.2064816	0.65437603	1.5547206	-0.8050523	12.174528	0.9104165	0.33533183	1.5008048	-0.772189	2568000	1.1175871e-08	0.12444629	-0.035919845	-0.09212616	0.76464	0.014978112	0.17025	79.0	358.0561327934265
321	0.8229798	0.17007576	1.1809264	0.6643255	1.5497962	-0.79770404	12.119565	0.92521805	0.35379216	1.6061944	-0.7670059	2576000	-2.7939677e-09	0.07173752	-0.032035522	-0.050561827	0.7810442	0.015136918	0.148375	52.0	359.1180908679962
322	0.7960582	0.19769186	1.1434609	0.6973615	1.5600258	-0.34638152	11.75753	0.89397585	0.38379338	1.4692771	-0.98670655	2584000	-9.313226e-10	0.14313206	-0.03281631	-0.095635146	0.75946414	0.015007924	0.15312499	50.0	360.21239972114563
323	0.7389357	0.2610643	1.0501426	0.745595	1.5522656	-0.39685717	11.4590645	0.93487656	0.34375212	1.3841507	-0.9766291	2592000	-5.355105e-09	0.12044199	-0.037108596	-0.08254021	0.7753186	0.014464934	0.17774999	79.0	361.3783071041107
324	0.7986883	0.18778831	1.1536894	0.6720831	1.5508572	-0.30695087	12.0	0.90812963	0.34739646	1.5657884	-0.80404794	2600000	-7.450581e-09	0.15268037	-0.03072148	-0.1039951	0.74957645	0.015014036	0.15850002	37.0	362.3987100124359
325	0.8200501	0.17994988	1.178987	0.6557559	1.5613198	-0.3330962	12.178125	0.8899118	0.34739575	1.5234531	-0.68888223	2608000	-1.4901161e-08	0.11135498	-0.03164663	-0.08254076	0.765834	0.015102907	0.138	49.0	363.4360523223877
326	0.8025163	0.19748378	1.1542203	0.68238074	1.5532748	-0.3737298	11.746988	0.9518679	0.29726678	1.5005915	-0.7856249	2616000	-6.519258e-09	0.12308827	-0.029098393	-0.08045855	0.7548493	0.015004871	0.149125	37.0	364.4773015975952
327	0.8651211	0.12793443	1.2422715	0.60289454	1.561737	-0.664046	12.772727	0.889925	0.37933108	1.4586906	-1.0360426	2624000	-1.3969839e-09	0.09997749	-0.031325914	-0.079318576	0.77659464	0.015113212	0.133625	47.0	365.51097536087036
328	0.7474104	0.23248726	1.0310066	0.76607305	1.5541569	-0.70039004	11.75	0.9413186	0.30790463	1.5254133	-0.56455004	2632000	-1.4901161e-08	0.12958726	-0.02518029	-0.09969428	0.8257545	0.015038906	0.13100001	21.0	366.5674386024475
329	0.8316314	0.16178967	1.1906254	0.6534795	1.5520146	-0.7163785	12.111111	0.8573224	0.40961015	1.7308602	-1.2122855	2640000	-3.7252903e-09	0.10919142	-0.029157504	-0.08576169	0.78080964	0.015047291	0.12975	37.0	367.6115024089813
330	0.8333661	0.16038391	1.1996877	0.6473837	1.5568587	-0.34759563	12.171875	0.9387594	0.33045512	1.4192362	-0.96564126	2648000	-1.9208528e-08	0.08256385	-0.027255036	-0.0581017	0.7882006	0.015325947	0.13675	30.0	368.6195116043091
331	0.789047	0.19805622	1.1171082	0.7125755	1.5560517	-0.68377465	11.973765	0.92085844	0.3523651	1.6356018	-0.80046684	2656000	-3.7252903e-09	0.11790851	-0.034313433	-0.08410984	0.7851951	0.013414122	0.154875	79.0	369.76307702064514
332	0.7374753	0.26252472	1.0277616	0.7555381	1.5573288	-0.38729128	11.09233	0.91958684	0.3488003	1.4964756	-0.94827664	2664000	-6.519258e-09	0.12671143	-0.033149753	-0.077350475	0.7811671	0.015013212	0.150625	41.0	370.80634021759033
333	0.7878814	0.20553967	1.130715	0.6923084	1.55676	-0.32766983	11.91311	0.9482789	0.31820235	1.7516627	-0.4958864	2672000	8.381903e-09	0.108140536	-0.038222894	-0.08125627	0.7625087	0.015119333	0.168625	69.0	371.91051864624023
334	0.86970294	0.1302971	1.251234	0.5832893	1.5576776	-0.29106003	12.34019	0.9529827	0.2955922	1.6108555	-0.59982944	2680000	7.450581e-09	0.074565254	-0.035457596	-0.048642255	0.7654599	0.013325926	0.15450001	79.0	373.0954089164734
335	0.7840638	0.19649172	1.1215388	0.7031297	1.5473038	-0.7186491	12.071428	0.9339831	0.34126085	1.5345544	-0.5084413	2688000	0.0	0.13174714	-0.035172217	-0.083005875	0.79234713	0.015013615	0.15425	61.0	374.17438673973083
336	0.83587	0.16413	1.2154598	0.6262642	1.5547206	-0.29504764	11.7740965	0.9450275	0.2825372	1.6893667	-0.67586553	2696000	-1.6298145e-09	0.14131546	-0.033221748	-0.10032247	0.76748204	0.015119618	0.1585	62.0	375.3350281715393
337	0.8006508	0.19934922	1.1403916	0.6950453	1.5583884	-0.63053614	11.990798	0.94896114	0.2732639	1.5949489	-0.60364676	2704000	9.546056e-09	0.12677363	-0.03941013	-0.091567144	0.7939147	0.015041948	0.169375	72.0	376.55180263519287
338	0.84353137	0.14911568	1.2144442	0.64570385	1.5602671	-0.6893598	12.027778	0.89682513	0.34315363	1.4891611	-0.83563054	2712000	-1.8626451e-08	0.10828273	-0.037227374	-0.08027879	0.7967025	0.015137401	0.155875	76.0	377.7041018009186
339	0.812537	0.18088403	1.1813284	0.6635234	1.5599948	-0.42693162	11.915152	0.96586025	0.30867583	1.5414057	-0.6994564	2720000	-7.450581e-09	0.13429785	-0.03200078	-0.07449584	0.79168403	0.015155876	0.150125	44.0	378.83644556999207
340	0.77751744	0.22248259	1.1162122	0.70503396	1.5575356	-0.42339173	11.468935	0.92877823	0.33043972	1.2861468	-0.8729502	2728000	-3.7252903e-09	0.111073084	-0.034566395	-0.07725299	0.79585856	0.015187592	0.15375	70.0	379.965487241745
341	0.83919173	0.16080827	1.2107271	0.64311785	1.5869884	-0.4144849	12.160937	0.9064323	0.34476364	1.4567854	-0.5828069	2736000	-9.313226e-09	0.09785062	-0.03325154	-0.07000758	0.8213173	0.015190028	0.15675001	51.0	381.1023178100586
342	0.7849102	0.2150898	1.1151454	0.7134658	1.5543814	-0.44682357	11.439706	0.94965184	0.3191427	1.4801902	-0.5552423	2744000	-2.0489097e-08	0.089991085	-0.036137607	-0.068839595	0.81359017	0.015060901	0.16637501	76.0	382.24047446250916
343	0.8532164	0.14020467	1.2391592	0.6039696	1.5547206	-0.46638948	12.469551	0.9409767	0.32654732	1.4550859	-0.71136177	2752000	-1.4901161e-08	0.12756804	-0.020845283	-0.090110466	0.7901721	0.015203791	0.1325	19.0	383.1963562965393
344	0.76441014	0.2355899	1.0844959	0.7313207	1.5509636	-0.4237771	11.581845	0.93152297	0.34366113	1.4496181	-0.70796144	2760000	-2.0489097e-08	0.13827479	-0.033104308	-0.11510213	0.8274636	0.015079139	0.17137499	50.0	384.2482452392578
345	0.8243625	0.17563745	1.1810144	0.66563475	1.5481594	-0.3270701	11.763555	0.897192	0.34248516	1.3990192	-0.64474297	2768000	3.7252903e-09	0.10631024	-0.03476989	-0.071098246	0.810398	0.015131101	0.162375	58.0	385.4267716407776
346	0.78105634	0.21894367	1.1149939	0.7048843	1.5488307	-0.38309252	11.787425	0.9340195	0.3228833	1.5327804	-0.8804906	2776000	-2.0489097e-08	0.11458987	-0.034926545	-0.07913263	0.8061737	0.015077122	0.159125	60.0	386.5116925239563
347	0.8170549	0.17600061	1.1782482	0.65674573	1.5508846	-0.3279888	11.813253	0.93352735	0.32675916	1.8952426	-0.82480943	2784000	1.1175871e-08	0.1211922	-0.029240396	-0.09033555	0.79490364	0.015041487	0.133625	35.0	387.53513288497925
348	0.8360812	0.15697435	1.1972752	0.6477026	1.5479512	-0.8057478	12.286624	0.91871756	0.34690282	1.5674021	-1.1072693	2792000	-1.4901161e-08	0.121463515	-0.030344278	-0.09771824	0.7972145	0.0150497	0.13749999	41.0	388.5377552509308
349	0.8265664	0.16685465	1.1893249	0.64367425	1.5508863	-0.3340064	12.246856	0.9568201	0.2824816	1.5580082	-0.8027545	2800000	-2.6077032e-08	0.10928075	-0.026092002	-0.0815511	0.79667175	0.015068386	0.15037501	26.0	389.5904629230499
350	0.7897874	0.2036336	1.1269711	0.70741445	1.5476776	-0.4602329	12.057098	0.90540016	0.33979902	1.6327296	-0.73292387	2808000	-5.355105e-09	0.13887571	-0.03596159	-0.103448056	0.83065563	0.015001892	0.16762501	55.0	390.6544020175934
351	0.79918003	0.19424105	1.1372296	0.69292456	1.5447809	-0.41846398	11.806061	0.90951484	0.33843365	1.5226593	-0.5144506	2816000	7.450581e-09	0.13255306	-0.028528515	-0.10438186	0.8012296	0.015037487	0.138625	32.0	391.71968388557434
352	0.86551225	0.12754329	1.2507331	0.6133956	1.5452394	-0.61325115	12.331761	0.9521299	0.29395887	1.5644478	-0.6816546	2824000	-1.4901161e-08	0.110586755	-0.029580085	-0.08086176	0.7789384	0.015123066	0.143875	33.0	392.6916379928589
353	0.8071883	0.19281176	1.148681	0.6945304	1.5403221	-0.8271875	11.875767	0.9631234	0.29292172	1.7576137	-1.030134	2832000	6.519258e-09	0.094664045	-0.035413966	-0.060288217	0.80110425	0.015186622	0.162375	69.0	393.8969233036041
354	0.8141291	0.17962094	1.1691328	0.66355264	1.5479512	-0.4203616	12.146875	0.9440125	0.31817698	1.3510894	-0.85230803	2840000	-7.450581e-09	0.117894806	-0.020280689	-0.081323594	0.7861556	0.015110528	0.1155	17.0	394.8241424560547
355	0.8094659	0.17733966	1.1598952	0.6689757	1.5455974	-0.37557903	12.302795	0.9083451	0.36941063	1.70457	-1.2921832	2848000	1.4901161e-08	0.12745646	-0.038288895	-0.08660473	0.78994983	0.015180816	0.173625	75.0	396.04352378845215
356	0.83347434	0.16057332	1.2037479	0.6339888	1.5490441	-0.30163085	12.257862	0.9535912	0.2804365	1.7131363	-0.84298694	2856000	-3.7252903e-09	0.107347876	-0.03585539	-0.07493575	0.77631533	0.01422012	0.155375	79.0	397.1769003868103
357	0.8197421	0.18025795	1.1786346	0.6536115	1.5489317	-0.40028334	11.914634	0.98584634	0.2819606	1.6631036	-0.7308108	2864000	3.7252903e-09	0.10501311	-0.023480523	-0.062900335	0.7772764	0.01511555	0.143875	22.0	398.17217445373535
358	0.79041356	0.20333648	1.1308148	0.6884666	1.5500258	-0.44691634	12.187888	0.9164872	0.3257934	1.5795871	-0.8117534	2872000	-1.8626451e-08	0.12966326	-0.03582383	-0.086092785	0.7876301	0.0150436405	0.156625	71.0	399.3581428527832
359	0.90429074	0.0825148	1.3166347	0.5197644	1.548934	-0.69421285	12.796053	0.96013314	0.24489148	1.5040323	-0.38594282	2880000	0.0	0.10025622	-0.028880468	-0.06329645	0.7712842	0.015009712	0.139	37.0	400.4326956272125
360	0.8560938	0.14390616	1.2415434	0.60724926	1.5523772	-0.57248765	12.2977705	0.9870095	0.2335719	1.4279908	-0.46701777	2888000	7.450581e-09	0.10276507	-0.035660043	-0.06592465	0.80389595	0.015001237	0.1635	71.0	401.59688448905945
361	0.81226337	0.18773663	1.1612433	0.67403597	1.5391569	-0.32323277	11.883435	0.9375543	0.29943883	1.474714	-0.94951797	2896000	-1.1175871e-08	0.086364284	-0.028291486	-0.05262713	0.7799897	0.01513403	0.140625	32.0	402.62378573417664
362	0.8861062	0.08489054	1.2894284	0.54793036	1.5462849	-0.758618	13.217905	0.94342303	0.2812009	1.3231826	-0.6098209	2904000	1.8626451e-09	0.11233318	-0.027091771	-0.07083379	0.8212779	0.015274211	0.143	28.0	403.62522768974304
363	0.8073916	0.18602946	1.1519036	0.7014206	1.553934	-1.0896189	11.9984665	0.9459756	0.30090633	1.4199767	-0.546721	2912000	3.7252903e-09	0.13114078	-0.030137967	-0.105989	0.81437564	0.015063601	0.159125	50.0	404.71585631370544
364	0.8838659	0.1022452	1.2913549	0.5462718	1.5600146	-0.2919275	12.710784	0.95898926	0.30754504	1.4006882	-1.0527072	2920000	1.7695129e-08	0.06963676	-0.028420331	-0.041558787	0.7931663	0.015190854	0.13675	37.0	405.7325382232666
365	0.80835426	0.17881683	1.1549718	0.6903556	1.5559636	-0.8466124	12.467742	0.89210755	0.36292502	1.5976068	-1.2542211	2928000	2.7939677e-09	0.13707206	-0.034366973	-0.10936946	0.8278503	0.015340703	0.163375	53.0	406.856648683548
366	0.8331885	0.15945858	1.1881276	0.66564196	1.5593814	-0.74453807	12.152866	0.9443026	0.3220674	1.4417487	-0.60015035	2936000	0.0	0.09456873	-0.03116504	-0.07021582	0.8373718	0.015105798	0.14750001	51.0	407.89714765548706
367	0.8716636	0.12833647	1.2701366	0.58396	1.5507191	-0.36333498	12.2109375	0.96697026	0.2735458	1.4837998	-0.94339323	2944000	-3.7252903e-09	0.08039093	-0.032307405	-0.057559926	0.7660626	0.015069356	0.156875	73.0	409.0612497329712
368	0.7675695	0.23243052	1.0858699	0.74888617	1.5570835	-1.2622509	11.570359	0.95031065	0.3338797	1.3313587	-0.8782347	2952000	-3.7252903e-09	0.0880795	-0.037890337	-0.055510208	0.83180696	0.01502342	0.15425	68.0	410.1674282550812
369	0.85800445	0.14199561	1.2417922	0.62181044	1.5500258	-0.34832346	11.9	0.924817	0.34666073	1.406743	-0.7202256	2960000	-3.5390258e-08	0.10186562	-0.028318046	-0.08616121	0.77870905	0.015080079	0.130375	45.0	411.2628502845764
370	0.7683767	0.21872652	1.080355	0.72919047	1.5573224	-0.41986772	11.952161	0.9772241	0.26458606	1.3427104	-0.7580291	2968000	5.5879354e-09	0.15427887	-0.038133852	-0.10535569	0.7939979	0.015006088	0.16800001	72.0	412.3657567501068
371	0.8107661	0.18923396	1.1590029	0.6759634	1.5525	-0.335	11.804878	0.90586257	0.36176953	1.4756045	-0.7747352	2976000	-5.5879354e-09	0.12950349	-0.033403546	-0.09935729	0.7841065	0.015084385	0.155	48.0	413.42195558547974
372	0.8325397	0.16746032	1.1984968	0.6424723	1.5531594	-0.34052977	12.2578125	0.90830725	0.34653965	1.844677	-0.7127114	2984000	0.0	0.116047025	-0.03967069	-0.090760455	0.80436933	0.015001879	0.18325	73.0	414.5431635379791
373	0.7429023	0.25084776	1.0439271	0.74550015	1.554986	-0.3253135	11.683333	0.9472846	0.32716438	1.4483154	-0.52291083	2992000	-7.450581e-09	0.15207118	-0.027085582	-0.09249808	0.8166512	0.015253347	0.142	26.0	415.5484163761139
374	0.79041874	0.19010547	1.1149333	0.73088884	1.5508105	-0.856492	12.245313	0.88243604	0.3339691	1.564065	-0.7742145	3000000	1.3038516e-08	0.16857672	-0.025707975	-0.13210782	0.8136598	0.015197903	0.13962501	24.0	416.49842524528503
375	0.83911484	0.16088517	1.2160292	0.63272375	1.5488061	-0.3906506	12.034162	0.9295195	0.33009437	1.8506234	-0.79111	3008000	-1.8626451e-09	0.09099172	-0.030586567	-0.0667029	0.80521894	0.015070132	0.148875	43.0	417.5575158596039
376	0.8568557	0.12962092	1.2347647	0.6189816	1.5508778	-0.66043806	12.78268	0.94936633	0.31862962	1.5504307	-0.81373465	3016000	-1.4901161e-08	0.07200884	-0.024152193	-0.045414712	0.7925152	0.015542362	0.1245	24.0	418.5005304813385
377	0.7887734	0.18916777	1.1256102	0.695825	1.5494932	-0.38825	12.524194	0.94085103	0.33819452	1.3906856	-0.94289535	3024000	2.142042e-08	0.13350317	-0.038135402	-0.082888216	0.8128636	0.008476109	0.17825001	79.0	419.73914337158203
378	0.81561196	0.18438807	1.1609575	0.674206	1.5476826	-0.47146067	12.19375	0.9149023	0.328072	1.5115274	-1.7812446	3032000	9.313226e-10	0.13761622	-0.029582703	-0.10429238	0.8095579	0.015061863	0.1515	38.0	420.7748908996582
379	0.7755796	0.21126252	1.1011828	0.7237458	1.5489774	-0.93924576	12.097826	0.9222673	0.3329454	1.5661583	-1.0353801	3040000	-7.450581e-09	0.15182637	-0.040392667	-0.100171685	0.82181084	0.015219303	0.17975	64.0	421.8925099372864
380	0.8218434	0.1708037	1.1747814	0.66242176	1.5467256	-0.37348148	12.132075	0.9554108	0.2812154	1.8697809	-0.54814756	3048000	-2.9802322e-08	0.08942426	-0.036083378	-0.05278102	0.77498394	0.01508772	0.15349999	66.0	422.98375368118286
381	0.89648473	0.09616228	1.3044494	0.52641195	1.5468587	-0.37403932	12.9366665	0.9473229	0.28997862	1.6817715	-0.6135999	3056000	1.8626451e-08	0.055895448	-0.028255897	-0.03225901	0.79163074	0.015184764	0.13174999	40.0	424.0144727230072
382	0.8343624	0.15938759	1.1958653	0.6424059	1.5507798	-0.3446149	12.286392	0.9517248	0.31605262	1.453645	-0.48088294	3064000	1.0244548e-08	0.07365702	-0.022215737	-0.04110398	0.79366505	0.015022074	0.142	22.0	424.96219420433044
383	0.8627867	0.13721329	1.244741	0.59077257	1.5501462	-0.35296133	12.28481	0.99185985	0.22852197	1.6142496	-0.48729658	3072000	-8.381903e-09	0.07222831	-0.03808786	-0.034779042	0.79636204	0.014340492	0.177625	79.0	426.1858446598053
384	0.80718416	0.18656585	1.1565529	0.6627975	1.5547206	-0.43348807	12.152174	0.9614091	0.26503193	1.7367892	-0.81815886	3080000	5.5879354e-09	0.119292326	-0.03965422	-0.06564602	0.78982484	0.015018323	0.19075	77.0	427.31296610832214
385	0.84001625	0.1540314	1.1993704	0.63601977	1.5547206	-0.32216552	12.257862	0.9218132	0.3098224	1.7968944	-0.65321326	3088000	0.0	0.055997312	-0.038106285	-0.032491956	0.79059064	0.014299277	0.160375	79.0	428.49449849128723
386	0.8570437	0.12212302	1.2502884	0.5989818	1.5589467	-0.6702728	12.577922	0.9784107	0.25157022	1.5640833	-0.97643083	3096000	-1.4901161e-08	0.098735854	-0.03671495	-0.066375434	0.8082308	0.015010772	0.164875	60.0	429.567964553833
387	0.8253446	0.16807644	1.1873076	0.6719778	1.5550258	-0.7548078	11.85061	0.93219507	0.3243526	1.4807591	-0.7565053	3104000	-9.313226e-09	0.10761772	-0.035727587	-0.08774077	0.78855133	0.015161021	0.17737499	60.0	430.6677596569061
388	0.8792763	0.11477131	1.2814101	0.558338	1.5555054	-0.42476743	12.541119	0.9467436	0.3440986	1.4554825	-1.3044913	3112000	3.7252903e-09	0.10349253	-0.022342842	-0.07157797	0.79459286	0.015175208	0.14575002	17.0	431.6123061180115
389	0.7853496	0.20869803	1.120543	0.7093714	1.5518587	-0.76013124	11.684524	0.9168512	0.34848985	1.4547254	-0.860083	3120000	7.450581e-09	0.081457525	-0.02895532	-0.056056075	0.83795726	0.01508196	0.16312501	34.0	432.6479618549347
390	0.79048663	0.18316104	1.1326759	0.70282114	1.5581594	-0.7140066	12.111801	0.90350205	0.38448966	1.4687316	-0.85643977	3128000	1.3038516e-08	0.10962868	-0.024095919	-0.08285859	0.83821094	0.015158329	0.1315	21.0	433.58178424835205
391	0.82464397	0.16216156	1.1925159	0.6592214	1.5531594	-0.7511565	12.054012	0.9325928	0.35216755	1.7917681	-0.92909485	3136000	7.450581e-09	0.10072185	-0.023001254	-0.07340272	0.79784995	0.015064952	0.145375	26.0	434.57176542282104
392	0.80805135	0.17911968	1.1736639	0.6686827	1.5545796	-0.77914625	11.9799385	0.9089043	0.37546784	1.422339	-0.94354147	3144000	-1.6763806e-08	0.09493056	-0.027502846	-0.06868219	0.80610216	0.015073988	0.14525001	36.0	435.5500798225403
393	0.76339287	0.23035714	1.0883943	0.7354807	1.5529512	-0.36709884	11.592424	0.9137875	0.35003513	1.3935051	-0.548023	3152000	-2.4214387e-08	0.14258969	-0.022824168	-0.08615665	0.7955421	0.015258966	0.15262501	20.0	436.5688486099243
394	0.7787998	0.21462129	1.1089247	0.7210568	1.5529512	-0.7565339	11.494118	0.9029699	0.36189365	1.4821854	-0.8345773	3160000	1.1175871e-08	0.077304	-0.036730785	-0.053416066	0.7905297	0.015056191	0.17075	66.0	437.65592098236084
395	0.76742065	0.23257937	1.0861688	0.7310671	1.5525	-0.3875077	11.413743	0.94756675	0.31737915	1.627327	-0.7819353	3168000	2.2351742e-08	0.12547387	-0.034773547	-0.07986434	0.7985898	0.015084568	0.178	55.0	438.81386709213257
396	0.8055608	0.19443923	1.1571215	0.67277133	1.5503324	-0.34399125	11.694611	0.93183	0.34366342	1.5210478	-0.86597556	3176000	-3.7252903e-09	0.094793834	-0.037999853	-0.065384805	0.76650673	0.013951369	0.17	79.0	439.96395802497864
397	0.7444986	0.248557	1.0505791	0.7546421	1.5440803	-0.5553096	11.561012	0.9215935	0.36225924	1.746632	-0.55635345	3184000	5.5879354e-09	0.15386921	-0.03711707	-0.112934515	0.8055637	0.0150238965	0.172375	51.0	441.07383704185486
398	0.7404332	0.25298786	1.0505815	0.7403232	1.5512398	-0.51331234	11.513392	0.8857651	0.38592	1.6947706	-0.9447717	3192000	4.656613e-09	0.1223738	-0.0378026	-0.08906676	0.7883179	0.013388034	0.16337499	79.0	442.2131836414337
399	0.79791665	0.20208333	1.1423954	0.69207823	1.5416987	-0.50770885	11.741018	0.8916748	0.38325027	1.6172441	-0.74464905	3200000	4.656613e-09	0.11369022	-0.030785237	-0.08458211	0.76931334	0.015204512	0.13925001	38.0	443.36967253685
