Epoch	SuccessRate	CollRate	AverageEpRet	StdEpRet	MaxEpRet	MinEpRet	EpLen	AverageVVals	StdVVals	MaxVVals	MinVVals	TotalEnvInteracts	LossPi	LossV	DeltaLossPi	DeltaLossV	Entropy	KL	ClipFrac	StopIter	Time
0	0.0	0.2839962	-0.5705916	0.17232923	-0.23	-1.0142797	24.419872	0.06577602	0.06684678	0.23304796	-0.14200765	8000	-4.0978193e-08	0.10360074	-0.024017245	-0.091924235	2.8159513	0.015060524	0.33875	13.0	1.1820714473724365
1	0.0	0.39090908	-0.34660357	0.14859714	-0.036320448	-0.7647974	21.125	-0.2135593	0.097365476	0.21549375	-0.41090524	16000	-2.3283064e-08	0.020522807	-0.024228789	-0.013671862	2.798289	0.01566875	0.48725	17.0	2.2582321166992188
2	0.0	0.3332168	-0.17109758	0.12832338	0.055818103	-0.6177686	22.15	-0.12822922	0.071695074	0.12846246	-0.32816365	24000	5.122274e-09	0.013333615	-0.025020085	-0.0084423525	2.7604754	0.015662692	0.295125	14.0	3.3752596378326416
3	0.037087914	0.49240452	-0.068647586	0.28679594	1.3064429	-0.3325508	18.334135	-0.09777806	0.059003342	0.0697146	-0.3605069	32000	-3.7252903e-09	0.04287846	-0.014542491	-0.016453337	2.7073295	0.016274365	0.346625	15.0	4.485972166061401
4	0.08153012	0.6851803	-0.005842564	0.39675903	1.3772806	-0.30554658	13.264184	-0.05341382	0.08061845	0.20548117	-0.39129552	40000	-1.4901161e-08	0.10059489	-0.01809017	-0.049237683	2.6337523	0.010590725	0.13024999	79.0	5.690648317337036
5	0.09591806	0.6444558	0.03032392	0.44312042	1.3967754	-0.295521	13.755435	0.08355158	0.19424798	0.7614922	-0.35671648	48000	-9.313226e-10	0.1428176	-0.02167695	-0.08449641	2.572579	0.010195507	0.105625	79.0	6.8164660930633545
6	0.111083515	0.72229236	0.030645385	0.45952037	1.425817	-0.29755107	11.691617	0.0878119	0.2728714	0.99764246	-0.5646351	56000	1.1175871e-08	0.19132641	-0.024867155	-0.124510765	2.5556412	0.011745203	0.164375	79.0	7.993185520172119
7	0.13686952	0.69028693	0.07311284	0.49253574	1.3901538	-0.29182526	13.003378	0.14179713	0.36155167	1.0704467	-0.6344246	64000	1.4901161e-08	0.25657642	-0.025456566	-0.16589767	2.53593	0.014651152	0.14412501	79.0	9.121827125549316
8	0.14413147	0.70153964	0.05594919	0.49839377	1.4238235	-0.3157248	11.207353	0.041048713	0.215082	0.7946509	-0.5213777	72000	0.0	0.19597295	-0.026894145	-0.11652211	2.5276208	0.012359696	0.152375	79.0	10.306293249130249
9	0.23327033	0.63616467	0.21246162	0.6229327	1.462765	-0.29197502	12.725	0.17590055	0.30390528	1.0591688	-0.6546818	80000	3.7252903e-09	0.2819314	-0.024964076	-0.19328243	2.50554	0.009601983	0.139875	79.0	11.438619613647461
10	0.23935439	0.53745425	0.24298011	0.62629706	1.4625578	-0.29486975	15.565041	0.30497247	0.3867057	1.3897216	-0.6591243	88000	-1.4901161e-08	0.32915908	-0.029758293	-0.21597013	2.4972262	0.015054164	0.1725	78.0	12.622485160827637
11	0.22560307	0.54273576	0.20807317	0.61091864	1.4363486	-0.32360867	15.005905	0.19147697	0.23804955	0.86263156	-0.36955127	96000	-1.8626451e-08	0.22042641	-0.02515877	-0.1266166	2.5020847	0.015013638	0.163625	59.0	13.701212167739868
12	0.25706828	0.5821964	0.23868155	0.63967085	1.4771248	-0.3298694	13.552447	0.15860835	0.2902245	1.0017179	-0.91558015	104000	1.6763806e-08	0.25525314	-0.029886423	-0.1723269	2.4877648	0.014622342	0.173125	79.0	14.8706636428833
13	0.23318034	0.6520253	0.19606164	0.6280598	1.4755462	-0.2831627	12.488636	0.20806037	0.27200824	1.1025088	-0.58007455	112000	7.450581e-09	0.22758284	-0.031149318	-0.11249226	2.4665127	0.014345456	0.1785	79.0	16.092170000076294
14	0.27761447	0.5673728	0.28977144	0.6666438	1.44508	-0.28802583	13.940647	0.31013542	0.3464097	1.3649156	-0.5330629	120000	-1.4901161e-08	0.2789874	-0.03054474	-0.17243545	2.4601495	0.013943519	0.1765	79.0	17.240886449813843
15	0.33422232	0.5086188	0.35490704	0.72046053	1.4629778	-0.33128673	13.451724	0.29765806	0.30313697	1.1783156	-0.94727135	128000	-7.450581e-09	0.28948757	-0.024416614	-0.1761998	2.4179173	0.015090087	0.14050001	42.0	18.338377475738525
16	0.358806	0.44472167	0.42701244	0.70837075	1.4676157	-0.3050493	15.400407	0.37555042	0.3893769	1.4931891	-0.6335921	136000	-5.5879354e-09	0.33033904	-0.025876615	-0.24425712	2.4179795	0.0150780175	0.16675	51.0	19.37058448791504
17	0.34224015	0.45869786	0.41037038	0.7059057	1.4795697	-0.29043415	15.425404	0.2847679	0.33885166	1.2930276	-0.5764725	144000	1.4901161e-08	0.3030845	-0.033277318	-0.20430857	2.4224439	0.015083649	0.17825	74.0	20.576238870620728
18	0.41883877	0.44141605	0.4898368	0.7344602	1.4643269	-0.33219728	14.932	0.3637112	0.35387176	1.3676946	-0.64976114	152000	7.450581e-09	0.2823375	-0.03449867	-0.17499267	2.4065285	0.01441166	0.21162501	79.0	21.70125722885132
19	0.52552086	0.3710451	0.63631815	0.751762	1.4718974	-0.32000932	15.817623	0.43388563	0.28868562	1.1521903	-0.5666336	160000	3.7252903e-09	0.19719788	-0.034816276	-0.09570964	2.3818514	0.013047203	0.19562499	79.0	22.875495195388794
20	0.6008585	0.31216234	0.74922454	0.7457431	1.4525807	-0.33442894	16.243645	0.5619188	0.28511697	1.345101	-0.29259416	168000	-1.4901161e-08	0.19174771	-0.034013078	-0.114161536	2.3338358	0.0149912555	0.17674999	79.0	23.99168348312378
21	0.5359077	0.39472803	0.66638374	0.7652213	1.5039734	-0.35126784	15.151575	0.56436396	0.31811717	1.343782	-0.44482315	176000	6.519258e-09	0.2527166	-0.031202449	-0.15201625	2.3311067	0.015105916	0.181125	55.0	25.067455768585205
22	0.49521142	0.35308242	0.62075555	0.7654695	1.4782686	-0.38663396	15.2420635	0.55866075	0.32802597	1.3161759	-0.4865626	184000	-1.0244548e-08	0.24788499	-0.029945394	-0.14238992	2.2962604	0.01508458	0.184625	44.0	26.071269750595093
23	0.6257013	0.30747783	0.7935822	0.7445486	1.4976978	-0.299742	15.23622	0.51648813	0.32283127	1.403716	-0.5790481	192000	0.0	0.26147795	-0.033268902	-0.17014916	2.2505383	0.015033847	0.18175	77.0	27.227102518081665
24	0.5756769	0.32767275	0.6985523	0.78121114	1.5003554	-0.3907142	14.998062	0.6336304	0.29043177	1.2941968	-0.31259325	200000	2.0023435e-08	0.24714622	-0.027247833	-0.15282987	2.2527857	0.015031613	0.16437499	42.0	28.235774755477905
25	0.46584466	0.47096616	0.5615454	0.783659	1.5127641	-0.41392115	12.773179	0.5808141	0.33543226	1.6344322	-0.42718706	208000	3.7252903e-09	0.25380248	-0.033141598	-0.15681754	2.2340798	0.015043967	0.18175	59.0	29.341193437576294
26	0.5227572	0.4425937	0.62284416	0.7975639	1.503452	-0.3772494	12.956954	0.5308187	0.39869383	1.4170156	-0.85129815	216000	1.8626451e-09	0.23801565	-0.032988288	-0.14427519	2.2165031	0.009427983	0.182625	79.0	30.471269607543945
27	0.629228	0.290962	0.8204922	0.76649684	1.5274165	-0.44153434	15.098837	0.66947293	0.31510675	1.5404731	-0.71028227	224000	-2.0023435e-08	0.20850985	-0.03792149	-0.1222112	2.165586	0.014375566	0.186625	79.0	31.639164686203003
28	0.512132	0.44325194	0.62757456	0.80578905	1.5395038	-0.35274115	12.387658	0.6020204	0.36260906	1.6519958	-0.48514596	232000	-5.5879354e-09	0.22046447	-0.03320998	-0.15102856	2.1663163	0.015073488	0.20625	56.0	32.693193197250366
29	0.5304097	0.4154762	0.6649207	0.79528517	1.5234432	-0.34873208	12.756579	0.5909257	0.40850738	1.3620528	-0.77643746	240000	-3.7252903e-09	0.2613992	-0.033221778	-0.1593087	2.1570272	0.015062076	0.2035	64.0	33.8138222694397
30	0.52243817	0.4223054	0.64115214	0.792611	1.4979348	-0.4387567	12.763158	0.6345429	0.36269724	1.4435772	-0.4335993	248000	7.450581e-09	0.21351461	-0.03483016	-0.12907162	2.1411176	0.0107266335	0.189	79.0	34.972517013549805
31	0.4705864	0.48482695	0.55315083	0.802319	1.5278085	-0.4296736	12.681373	0.5762831	0.37474674	1.5890567	-0.7083947	256000	-3.7252903e-09	0.22199453	-0.032336004	-0.12321827	2.13978	0.014829195	0.198625	79.0	36.174747705459595
32	0.52994716	0.4088558	0.67387456	0.7878774	1.5098859	-0.33459172	13.265411	0.55435866	0.41220564	1.573753	-0.8401413	264000	-1.8626451e-08	0.24174984	-0.032364346	-0.15356012	2.1152027	0.015087499	0.18	60.0	37.303319692611694
33	0.5754021	0.37734443	0.7533494	0.7889317	1.5139107	-0.35304222	13.112245	0.6657025	0.34815976	1.3603879	-0.48840404	272000	-2.7939677e-09	0.20553258	-0.034062527	-0.10851958	2.0367403	0.015059351	0.189875	74.0	38.44628548622131
34	0.6133524	0.35819367	0.7607485	0.7940158	1.5382601	-0.39392123	13.332759	0.69726956	0.34734967	1.5414138	-0.77113336	280000	5.5879354e-09	0.19245774	-0.02906558	-0.11167893	2.063033	0.01505837	0.18625	35.0	39.74785137176514
35	0.6247282	0.35958555	0.79628	0.80171955	1.5228016	-0.47442088	13.041096	0.71552926	0.3433703	1.4520718	-0.504319	288000	-1.4901161e-08	0.1874026	-0.038306795	-0.10648821	2.0523205	0.015021868	0.2085	79.0	41.11565804481506
36	0.6201445	0.34584087	0.7818733	0.80903345	1.5411844	-0.46576115	13.115772	0.6969545	0.37774867	1.4186804	-0.48603007	296000	-9.313226e-09	0.16770332	-0.037675038	-0.09877362	2.0344954	0.013893932	0.198125	79.0	42.29388070106506
37	0.6071341	0.29589024	0.77668965	0.777831	1.5170797	-0.32948425	14.867308	0.7789817	0.3394951	1.459942	-0.86388737	304000	7.450581e-09	0.25963	-0.039498076	-0.17885414	2.022816	0.0141412765	0.212	79.0	43.42296886444092
38	0.64602685	0.2755418	0.8628986	0.7832075	1.5184929	-0.42687246	13.757092	0.62270004	0.4043446	1.4619565	-1.3175352	312000	-1.4901161e-08	0.24469578	-0.027075589	-0.13704845	1.9431491	0.015064417	0.168625	39.0	44.449934244155884
39	0.75519085	0.22814251	1.0110897	0.71373945	1.5056323	-0.35299528	13.934783	0.7336765	0.32916516	1.4749534	-0.6275104	320000	7.450581e-09	0.13547194	-0.032904007	-0.087767825	1.9187081	0.015051329	0.17912501	56.0	45.50372266769409
40	0.65103686	0.2820733	0.8494799	0.77472484	1.5120255	-0.44057047	14.4375	0.8241192	0.29643038	1.432479	-0.58507013	328000	5.5879354e-09	0.20952718	-0.025056262	-0.13002405	1.9591268	0.015078866	0.159875	29.0	46.5487585067749
41	0.67443836	0.28643793	0.9024153	0.7584469	1.4970523	-0.63046104	14.194445	0.74066615	0.32636666	1.884453	-0.4273064	336000	-6.519258e-09	0.21673276	-0.027918277	-0.13245012	1.9017626	0.015177559	0.155625	40.0	47.55297040939331
42	0.66374886	0.32195377	0.8724998	0.77421474	1.5189213	-0.37478817	13.263514	0.73667085	0.31476438	1.3472987	-0.4522171	344000	3.259629e-09	0.14156836	-0.029007386	-0.08574778	1.891437	0.015045338	0.161625	53.0	48.63211154937744
43	0.7242721	0.23462518	0.97105056	0.7320511	1.5195243	-0.4660376	14.327778	0.82600397	0.31932536	1.4444402	-0.4695842	352000	-1.8626451e-09	0.16640422	-0.030679714	-0.10018064	1.858994	0.015069144	0.17337501	51.0	49.66957640647888
44	0.7691171	0.21473706	1.0416166	0.6997027	1.5166051	-0.3683994	14.255515	0.75874645	0.3232811	1.358617	-0.41092813	360000	0.0	0.13239542	-0.036504235	-0.08905958	1.8864555	0.013733047	0.199	79.0	50.85036635398865
45	0.72355145	0.22656089	0.98989767	0.71823823	1.5239267	-0.44040614	14.146739	0.8585486	0.28503153	1.4313486	-0.44121355	368000	1.8626451e-09	0.1619376	-0.027622173	-0.08858157	1.8354169	0.015152062	0.161625	37.0	51.83796453475952
46	0.724262	0.260113	0.97102433	0.73358613	1.5087128	-0.43477413	14.080292	0.8100464	0.29433024	1.4073552	-0.755678	376000	7.450581e-09	0.12920982	-0.035019457	-0.07091526	1.8406373	0.013897462	0.192125	79.0	53.01611614227295
47	0.65944487	0.32666624	0.8865813	0.7663804	1.5180088	-0.4101154	13.255137	0.79269224	0.31138155	1.3955271	-0.91259605	384000	-1.1641532e-09	0.17399499	-0.03499934	-0.098470435	1.8346524	0.013881844	0.204125	79.0	54.483219385147095
48	0.75658965	0.21302836	1.0337775	0.7267235	1.5203214	-0.4831472	13.9361315	0.8011093	0.31761226	1.4680138	-0.53987116	392000	0.0	0.14732571	-0.037468653	-0.094438106	1.7923355	0.011034602	0.194625	79.0	55.713088274002075
49	0.8045666	0.18848899	1.117402	0.66374886	1.5375894	-0.40199035	13.646127	0.8175769	0.3383169	1.373792	-0.629882	400000	9.313226e-10	0.0966025	-0.035232186	-0.060797635	1.7826631	0.014974352	0.191625	79.0	57.024741411209106
50	0.76470196	0.22794507	1.0445865	0.72864807	1.5314119	-0.49003217	13.289116	0.89117175	0.27047375	1.4040353	-0.6950168	408000	0.0	0.115611136	-0.03554547	-0.07662651	1.7687229	0.0111779235	0.218375	79.0	58.18848919868469
51	0.7740798	0.20386137	1.0701253	0.7000254	1.5267546	-0.43817675	13.83688	0.8318479	0.33941132	1.380038	-0.60620797	416000	-7.450581e-09	0.11943959	-0.036923327	-0.06779428	1.7579656	0.010883149	0.20899999	79.0	59.39041757583618
52	0.6453914	0.31866089	0.86066926	0.7913871	1.525008	-0.4637135	12.855704	0.8137638	0.36862278	1.3738362	-1.0782903	424000	-3.7252903e-09	0.17016731	-0.033776067	-0.1014771	1.7837721	0.015030588	0.1915	53.0	60.43739676475525
53	0.69831014	0.25824413	0.956388	0.7566425	1.518809	-0.51155156	13.614436	0.79377806	0.3673105	1.4342641	-0.62442505	432000	3.7252903e-09	0.19339067	-0.038802914	-0.12708324	1.7470409	0.015037689	0.215125	79.0	61.614871978759766
54	0.70995224	0.2617674	0.96583164	0.7561207	1.5261718	-0.6112481	13.340278	0.7923888	0.33002755	1.5443819	-0.5372548	440000	2.7939677e-09	0.16746765	-0.03627572	-0.11866005	1.7362189	0.0131201	0.21375	79.0	62.765146017074585
55	0.67259455	0.32740545	0.89059484	0.8000234	1.5497962	-0.54764026	11.862122	0.80610144	0.39365003	1.528247	-0.7234322	448000	0.0	0.1435429	-0.0356424	-0.08360203	1.7274017	0.015061723	0.21987501	71.0	63.92865562438965
56	0.72177345	0.26383513	0.9796743	0.74414533	1.5393428	-0.4713935	13.229591	0.7799984	0.3653468	1.4236429	-0.783397	456000	3.7252903e-09	0.14463937	-0.034831125	-0.09434581	1.7296536	0.014545121	0.18225001	79.0	65.19301509857178
57	0.6545974	0.31601268	0.87376136	0.7936777	1.5190465	-0.58131105	12.899671	0.8349911	0.32278773	1.569337	-0.5524117	464000	-9.313226e-10	0.1800428	-0.03256588	-0.11292139	1.7180604	0.015119571	0.18450001	49.0	66.2467041015625
58	0.7050116	0.27272314	0.92940056	0.7680221	1.5258803	-0.52630806	13.657343	0.72655135	0.4046338	1.5035785	-0.72114265	472000	0.0	0.19224007	-0.033712056	-0.13550356	1.6917	0.0150778685	0.18125	47.0	67.39171600341797
59	0.69874316	0.29467788	0.92545265	0.7906503	1.5218217	-0.5914733	12.872517	0.78834116	0.36865577	1.5837828	-0.50387555	480000	-1.1175871e-08	0.15882987	-0.038325913	-0.099085525	1.6376314	0.014941631	0.198625	79.0	68.55748772621155
60	0.61978054	0.3534338	0.81082016	0.8137183	1.5333934	-0.5665718	12.330189	0.77985585	0.38888186	1.4433798	-0.7337327	488000	-1.4901161e-08	0.1851732	-0.039019864	-0.10378753	1.6238437	0.011640865	0.195875	79.0	69.7789580821991
61	0.72491616	0.2446917	0.9843805	0.76529264	1.5396703	-0.73788875	13.339655	0.7727129	0.38446805	1.5196598	-0.6982024	496000	1.1175871e-08	0.18696755	-0.037304517	-0.1200727	1.5901499	0.013281241	0.18675	79.0	70.9196150302887
62	0.68722177	0.30652827	0.90160686	0.8051443	1.5315135	-0.7732305	12.283654	0.79995275	0.41356513	1.5453534	-0.7787263	504000	1.4901161e-08	0.09778132	-0.037230648	-0.051914267	1.5893213	0.01262884	0.177125	79.0	72.11765933036804
63	0.7192408	0.25331557	0.9621357	0.7835273	1.532187	-0.72006994	12.947987	0.80134857	0.41602576	1.499095	-0.567205	512000	3.7252903e-09	0.110597536	-0.03374256	-0.06441865	1.5808538	0.015088189	0.17125	56.0	73.17330193519592
64	0.7593967	0.21756414	1.0474343	0.7182434	1.5240428	-0.451847	13.222789	0.8616876	0.33246148	1.4080535	-0.59507406	520000	-5.5879354e-09	0.13409398	-0.033961702	-0.08423984	1.5088873	0.0150085725	0.189125	57.0	74.25845217704773
65	0.75796276	0.19665033	1.0382868	0.7120071	1.549317	-0.42834008	13.70922	0.82288927	0.34836587	1.5500951	-0.68803173	528000	-5.5879354e-09	0.14582112	-0.036937214	-0.08238235	1.5404644	0.014597466	0.19187501	79.0	75.39210271835327
66	0.7857123	0.21428771	1.0767835	0.70150733	1.5291569	-0.4707058	13.398276	0.830463	0.3239345	1.4138854	-0.5016053	536000	-3.7252903e-09	0.14883137	-0.034630977	-0.097673886	1.5295004	0.015019501	0.185	62.0	76.49481320381165
67	0.70712495	0.27081624	0.9478507	0.7585472	1.5183702	-0.36896452	12.833881	0.87401134	0.29888418	1.4259757	-0.49070424	544000	-7.450581e-09	0.15443808	-0.039674785	-0.092201	1.5385588	0.0148629155	0.20525	79.0	77.63451504707336
68	0.7490071	0.23582746	1.0316806	0.72442484	1.5281403	-0.38325372	12.85906	0.8339635	0.3420817	1.378928	-0.7900423	552000	-1.8626451e-09	0.13053522	-0.03699319	-0.079307035	1.5074384	0.0127400765	0.17275	79.0	78.80192804336548
69	0.76074994	0.2253182	1.0434968	0.72125846	1.526001	-0.48193872	13.04223	0.8510549	0.33422047	1.5322465	-0.46169448	560000	3.7252903e-09	0.14423876	-0.037772447	-0.082959935	1.4978188	0.014646469	0.18937501	79.0	80.01474714279175
70	0.73081136	0.26260966	1.0067809	0.75059104	1.5318125	-0.49591297	12.352848	0.87772316	0.33274308	1.4208232	-0.7435546	568000	-9.313226e-09	0.12689498	-0.03494271	-0.08189498	1.5058548	0.015034605	0.187875	63.0	81.14682030677795
71	0.81212944	0.17311363	1.1310353	0.68007666	1.5352201	-0.5844409	13.321918	0.8568939	0.36582935	1.6084759	-0.83061224	576000	-1.14087015e-08	0.09441248	-0.036862954	-0.060858503	1.4758265	0.0150015615	0.1955	78.0	82.39098501205444
72	0.74322784	0.25677216	1.0210764	0.7440443	1.5349675	-0.48723245	12.363924	0.8851715	0.32455036	1.5416036	-0.70873797	584000	0.0	0.11955878	-0.035953272	-0.07022439	1.4637982	0.012482261	0.1825	79.0	83.54775977134705
73	0.7671119	0.22594365	1.0546637	0.73111665	1.5196811	-0.45282367	12.525641	0.89690435	0.339785	1.6137668	-0.9813393	592000	1.8626451e-09	0.08655405	-0.037748285	-0.05219156	1.4492843	0.012091677	0.1895	79.0	84.76701760292053
74	0.76884675	0.22490326	1.0723801	0.7105272	1.535533	-0.33880922	12.6601305	0.8869749	0.33753827	1.4560115	-0.6725758	600000	1.4901161e-08	0.1166179	-0.034743022	-0.06354952	1.4407727	0.01508744	0.195625	53.0	85.83127284049988
75	0.8061403	0.18691522	1.1226403	0.6874973	1.529561	-0.42218453	13.105704	0.92354715	0.2798851	1.5333688	-0.7051368	608000	7.450581e-09	0.10380664	-0.035497025	-0.06808792	1.4151318	0.014091119	0.18112499	79.0	86.98845958709717
76	0.792886	0.20016955	1.1114832	0.6960123	1.5343229	-0.43331608	12.694079	0.9533103	0.26212507	1.4669297	-0.53291667	616000	0.0	0.12576246	-0.03424651	-0.08817722	1.416573	0.0150365215	0.17925	72.0	88.10149216651917
77	0.73207486	0.26057225	0.9825254	0.7771924	1.5339699	-0.48529437	12.508064	0.8567426	0.38527283	1.4486907	-1.0922042	624000	-3.7252903e-09	0.11986131	-0.035720166	-0.0707232	1.4604025	0.01140606	0.18062499	79.0	89.2680926322937
78	0.76239467	0.22289948	1.0500478	0.72647697	1.5391878	-0.5155445	12.902318	0.820747	0.40287495	1.5666436	-0.6923449	632000	-3.7252903e-09	0.13561639	-0.03762566	-0.09297867	1.4427489	0.015044913	0.19575	69.0	90.55648875236511
79	0.76789623	0.22515929	1.0639862	0.71187025	1.5279468	-0.38980228	12.773026	0.8857201	0.32527724	1.3610667	-0.54649544	640000	0.0	0.118421674	-0.038474698	-0.0847276	1.4401957	0.014288472	0.196125	79.0	91.91101717948914
80	0.75727344	0.24272661	1.0395545	0.74742347	1.5262437	-0.61997944	12.627419	0.82841027	0.3975741	1.3419182	-0.794922	648000	3.7252903e-09	0.13455176	-0.03419128	-0.09690632	1.4100945	0.0122866575	0.18200001	79.0	93.30089855194092
81	0.7651681	0.23483187	1.057617	0.73627007	1.5237484	-0.826146	12.771381	0.9032837	0.3730681	1.7475749	-1.0179774	656000	7.450581e-09	0.12333661	-0.035701826	-0.07240466	1.3856993	0.010822328	0.183375	79.0	94.45285844802856
82	0.73987573	0.23377195	1.0334269	0.7372333	1.5283451	-0.39523014	12.75	0.89777297	0.30746174	1.4744431	-0.5303072	664000	-9.313226e-10	0.16622515	-0.036850743	-0.108231224	1.3840578	0.015051387	0.175625	56.0	95.56000399589539
83	0.7507636	0.20307413	1.0311706	0.74892503	1.5360594	-0.80259305	13.546875	0.7942455	0.40760773	1.3914266	-0.8919686	672000	7.450581e-09	0.18158653	-0.029574923	-0.11083688	1.3996332	0.015015114	0.16025	27.0	96.52022695541382
84	0.67886513	0.25778508	0.9021304	0.80593026	1.5276738	-0.69100434	13.755357	0.7520669	0.41018167	1.5167552	-0.6491295	680000	-5.5879354e-09	0.21953695	-0.026690055	-0.1312108	1.4491475	0.015012086	0.167125	32.0	97.5828104019165
85	0.6979822	0.26691705	0.9424229	0.78741723	1.5361844	-0.51930714	12.676471	0.79053855	0.4058709	1.5503925	-0.78662634	688000	0.0	0.1850962	-0.037720826	-0.12667856	1.3817406	0.012943008	0.170625	79.0	98.72068047523499
86	0.73505926	0.228942	1.0121177	0.7463987	1.5236386	-0.41542557	13.118243	0.7963883	0.39125323	1.3645773	-0.6563238	696000	-7.450581e-09	0.1854507	-0.03615283	-0.13492668	1.3401747	0.015096741	0.18525	56.0	99.82786130905151
87	0.83668303	0.1494281	1.1847961	0.630924	1.5319042	-0.41097125	13.381035	0.82992214	0.40602574	1.6125841	-1.1942847	704000	0.0	0.13710016	-0.03555426	-0.09616288	1.304461	0.015202201	0.17500001	72.0	100.9441089630127
88	0.7007277	0.27635568	0.95161134	0.7714726	1.5316156	-0.48969087	12.533871	0.85226524	0.37131315	1.4795659	-1.6414111	712000	-1.8626451e-09	0.18374658	-0.03695417	-0.11235944	1.3750647	0.012586976	0.19	79.0	102.13206720352173
89	0.7591964	0.21956179	1.0512949	0.73312765	1.5333605	-0.44223046	12.644231	0.8292696	0.3798976	1.4696922	-0.63941723	720000	0.0	0.12321447	-0.03620994	-0.08043149	1.3251901	0.010609036	0.18625	79.0	103.2784218788147
90	0.7779608	0.20226586	1.0854204	0.6998042	1.5308014	-0.37499747	12.719355	0.91317517	0.32986742	1.4847776	-0.5870432	728000	3.7252903e-09	0.14910933	-0.035123967	-0.095053524	1.2931913	0.0150179975	0.186125	67.0	104.39780640602112
91	0.7752193	0.21783626	1.0764302	0.72252023	1.5327295	-0.8018944	12.841503	0.85184634	0.324344	1.414092	-0.76097053	736000	5.5879354e-09	0.16116744	-0.038828053	-0.10686279	1.3166851	0.014932975	0.19725001	79.0	105.5679886341095
92	0.79725206	0.19580343	1.1138964	0.6842263	1.5335196	-0.5914044	12.668831	0.86127293	0.35547617	1.4980074	-0.76185286	744000	3.7252903e-09	0.11400675	-0.034400653	-0.07330838	1.2887263	0.015068387	0.167625	56.0	106.66623616218567
93	0.801876	0.1838266	1.1400397	0.64985365	1.5351537	-0.34277028	12.888333	0.9210779	0.2843655	1.3359551	-0.52597165	752000	-1.8626451e-09	0.1254696	-0.028151784	-0.07805226	1.255602	0.015057668	0.14975	31.0	107.62882423400879
94	0.7466245	0.19814241	1.0300301	0.74782205	1.5344543	-0.6905258	13.539655	0.8395249	0.3903701	1.4353102	-0.54806393	760000	9.313226e-10	0.18269335	-0.03688903	-0.13579866	1.2972534	0.01276163	0.203125	79.0	108.7820816040039
95	0.7480269	0.19271186	1.0228068	0.7610476	1.5329006	-0.7009923	13.627623	0.8408866	0.35248902	1.5132456	-0.49738884	768000	-7.450581e-09	0.22645235	-0.02331099	-0.1433774	1.3099909	0.016174141	0.177125	20.0	109.70963215827942
96	0.81202483	0.17445177	1.1532753	0.6625866	1.5342656	-0.48120317	12.849673	0.79203445	0.358624	1.5110624	-0.80953544	776000	-1.4901161e-08	0.15810563	-0.03135996	-0.114920355	1.2791383	0.015022957	0.16075	49.0	110.76286101341248
97	0.8102287	0.17588243	1.137951	0.6769198	1.5490189	-0.43255687	12.905629	0.91656417	0.312465	1.8632017	-0.96181303	784000	-3.7252903e-09	0.10603877	-0.030059066	-0.05728177	1.2761817	0.015192289	0.17725	35.0	111.7448217868805
98	0.7342397	0.2385231	1.0137048	0.75932926	1.5244802	-0.65821296	12.696078	0.863244	0.38402158	1.4921998	-1.2231642	792000	1.3038516e-08	0.15002222	-0.038379632	-0.081445314	1.32231	0.013912849	0.20212501	79.0	112.93414831161499
99	0.77202904	0.22797097	1.0704706	0.7275973	1.5284929	-0.58827126	12.1796875	0.85664344	0.35300615	1.5621859	-0.66047066	800000	-3.7252903e-09	0.09361845	-0.03815982	-0.0630287	1.3134577	0.013349849	0.18862501	79.0	114.08994007110596
100	0.7984523	0.1868418	1.122428	0.6869825	1.5325449	-0.4060044	12.86755	0.93528545	0.29187918	1.5332814	-0.85759306	808000	9.313226e-10	0.12443543	-0.03722277	-0.08883019	1.2814009	0.015015995	0.190875	70.0	115.23584771156311
101	0.7974624	0.2025376	1.1163672	0.6915866	1.5277295	-0.39246875	12.587097	0.8891808	0.35817954	1.5061519	-0.6805077	816000	-3.7252903e-09	0.08516863	-0.035298668	-0.06166798	1.2796384	0.015107945	0.17975	74.0	116.46181654930115
102	0.79975414	0.1783709	1.124167	0.7031817	1.5369668	-0.64786506	12.849338	0.92152673	0.30928025	1.3575689	-0.47753865	824000	-1.8626451e-08	0.11749278	-0.03668074	-0.08415291	1.2823472	0.015022775	0.17675	64.0	117.54005193710327
103	0.780398	0.21224907	1.0837442	0.71633774	1.5306667	-0.71538436	12.524194	0.86148894	0.38288757	1.4008349	-0.76143754	832000	-3.7252903e-09	0.12554461	-0.037653014	-0.08658481	1.2859671	0.013277648	0.18187502	79.0	118.79654812812805
104	0.76392543	0.22291666	1.0711251	0.7211573	1.5338042	-0.7621292	12.472756	0.8924789	0.34474716	1.3607887	-0.79340947	840000	-7.450581e-09	0.13333769	-0.038553387	-0.0892307	1.2566564	0.014750168	0.182875	79.0	120.07357835769653
105	0.74605817	0.22401947	1.0284572	0.7535642	1.5281379	-0.8671009	13.036913	0.8292385	0.40854064	1.4439347	-0.6640787	848000	-1.1175871e-08	0.11885041	-0.026767232	-0.06753206	1.3032665	0.015178155	0.1715	29.0	121.51366376876831
106	0.7599102	0.22094299	1.0523171	0.7425854	1.5286437	-0.82267916	12.759869	0.8468602	0.37006837	1.4755975	-0.6007105	856000	3.7252903e-09	0.12207508	-0.03918901	-0.09128438	1.2546057	0.014423904	0.20675	79.0	123.08592557907104
107	0.77512294	0.22487706	1.0802387	0.7281189	1.5370146	-0.44179627	12.158228	0.89222634	0.38951164	1.4617056	-0.9243536	864000	-5.5879354e-09	0.10266979	-0.0384613	-0.0758495	1.2091777	0.011795009	0.17575	79.0	124.2777533531189
108	0.802971	0.19702902	1.1336013	0.67398566	1.5357049	-0.33619076	12.48718	0.9030928	0.35761318	1.4825028	-0.7433346	872000	4.656613e-09	0.090827465	-0.03678464	-0.05405762	1.1896247	0.015049966	0.17025	61.0	125.3790693283081
109	0.72225785	0.25208426	0.97174674	0.7845358	1.5392721	-0.6836961	12.779605	0.84774566	0.36598566	1.3936706	-0.65141827	880000	3.7252903e-09	0.13592425	-0.038845383	-0.09540261	1.2372102	0.01500305	0.1765	78.0	126.54145336151123
110	0.75997716	0.21951202	1.0516783	0.73861367	1.5547638	-0.6151356	12.771381	0.84154063	0.40978596	1.4993541	-0.6682319	888000	7.916242e-09	0.1404622	-0.03404008	-0.096867785	1.1993293	0.015011705	0.1785	55.0	127.62779355049133
111	0.73359007	0.2585975	1.0047742	0.767704	1.5419209	-0.7856588	11.912037	0.85475296	0.3892273	1.5339797	-0.6221568	896000	-9.313226e-09	0.14190209	-0.03608813	-0.09456492	1.1993582	0.015111808	0.18362501	58.0	128.69668102264404
112	0.7622055	0.2175448	1.0575995	0.7356986	1.550533	-0.6290824	12.611111	0.83755445	0.42458522	1.6879704	-1.2343572	904000	-1.8626451e-08	0.122382864	-0.03768035	-0.081038445	1.2134498	0.014523611	0.17099999	79.0	129.85783982276917
113	0.67878276	0.31496722	0.9077647	0.80020696	1.5288308	-0.4758083	11.571006	0.84338766	0.39666623	1.465284	-0.76928854	912000	-1.1175871e-08	0.15157971	-0.0051475028	-0.102898434	1.226862	0.01557818	0.186	4.0	130.73567175865173
114	0.73343253	0.25962305	0.9999073	0.7784242	1.5420535	-0.5427423	12.166667	0.8533062	0.39408174	1.4178876	-0.78198516	920000	1.7695129e-08	0.13305774	-0.031759355	-0.09436896	1.2271359	0.015033445	0.163625	50.0	131.81987929344177
115	0.8712107	0.10431018	1.2480886	0.59067273	1.5356437	-0.76438093	13.695422	0.906566	0.29266313	1.5473257	-0.56837666	928000	-5.5879354e-09	0.12983635	-0.035444982	-0.104492866	1.191819	0.015094125	0.16600001	57.0	132.91630697250366
116	0.83972955	0.16027047	1.1916887	0.6289952	1.5422657	-0.43437523	12.937086	0.9381814	0.31875095	1.5001597	-0.86189	936000	-1.8626451e-08	0.084029526	-0.033926368	-0.05378833	1.1887271	0.015137236	0.167375	52.0	133.9909839630127
117	0.8195541	0.1679459	1.155508	0.66109014	1.5358028	-0.38762924	12.955298	0.9427612	0.30074447	1.427686	-0.7615551	944000	-3.7252903e-09	0.09963536	-0.033744298	-0.05746487	1.1948966	0.015001463	0.189125	64.0	135.07707691192627
118	0.79689544	0.17410131	1.1269623	0.67782867	1.5484929	-0.6907359	13.489511	0.8946624	0.32736078	1.3890148	-1.1549535	952000	1.1175871e-08	0.13651022	-0.036619075	-0.084265515	1.198643	0.014279624	0.19749999	79.0	136.24877071380615
119	0.8057632	0.19423681	1.1292427	0.6734461	1.5413812	-0.39124164	12.763245	0.87361354	0.33087477	1.4489465	-1.0760338	960000	1.1175871e-08	0.098900326	-0.038099557	-0.07448491	1.1902647	0.011812188	0.18875	79.0	137.39328813552856
120	0.8240212	0.15427738	1.1652043	0.64890116	1.5302395	-0.4398256	13.405595	0.9272353	0.30268404	1.4359167	-0.6969014	968000	3.7252903e-09	0.0944664	-0.03442259	-0.04694456	1.2040515	0.011769171	0.175375	79.0	138.66080236434937
121	0.8380418	0.14843482	1.1811078	0.6584287	1.5338341	-0.93752843	13.335034	0.91393566	0.31629434	1.4687783	-0.6604253	976000	-2.7939677e-09	0.09757277	-0.030493163	-0.06985833	1.204673	0.015019464	0.16825	45.0	139.80750846862793
122	0.80791867	0.17814942	1.1386145	0.68831176	1.5341958	-0.49236462	12.917786	0.9205871	0.3250946	1.4745524	-1.4683987	984000	2.2351742e-08	0.12913191	-0.029772352	-0.0946293	1.1957221	0.015087282	0.17475	42.0	140.8325159549713
123	0.83915675	0.16084328	1.1830975	0.6307968	1.5336981	-0.37652513	13.0	0.8663844	0.37986797	1.5487244	-0.8077462	992000	-1.8626451e-08	0.10862468	-0.033979125	-0.08505347	1.1782899	0.01501142	0.180875	60.0	141.99863457679749
124	0.7988565	0.19489348	1.1296035	0.69059545	1.5332499	-0.8781121	12.449368	0.9528579	0.29209888	1.4353596	-0.50063664	1000000	2.4214387e-08	0.11104996	-0.037281457	-0.075965986	1.1449525	0.0139111765	0.18474999	79.0	143.13059496879578
125	0.823108	0.14090127	1.1699688	0.66640484	1.5325357	-0.8014667	13.2517	0.90226036	0.36425138	1.6126696	-0.86909723	1008000	-7.450581e-09	0.103443876	-0.03727168	-0.065631405	1.1614909	0.015075175	0.18087499	76.0	144.36305689811707
126	0.8226243	0.17043129	1.1650236	0.66541415	1.5389845	-0.56814116	12.634615	0.9392401	0.2933569	1.539433	-0.42069247	1016000	5.5879354e-09	0.10700449	-0.029338134	-0.064397156	1.1568686	0.015075829	0.14199999	37.0	145.33814239501953
127	0.8440058	0.14283626	1.2043425	0.6259592	1.5319619	-0.47056153	12.893092	0.94143164	0.30862752	1.5163221	-0.49693793	1024000	-2.7939677e-09	0.102042824	-0.03625639	-0.07134128	1.1362721	0.013270697	0.178	79.0	146.60065579414368
128	0.826462	0.16659358	1.173653	0.65655726	1.5357947	-0.4909622	12.722039	0.93371737	0.31626305	1.4676547	-0.87075996	1032000	7.450581e-09	0.10549816	-0.03546564	-0.066297345	1.158778	0.01509983	0.194375	77.0	147.7302849292755
129	0.8089495	0.1844716	1.1528125	0.6699619	1.5432748	-0.49891552	12.482371	0.9139723	0.31943753	1.4648569	-0.74975294	1040000	0.0	0.08503234	-0.028268887	-0.06668013	1.1300766	0.015051858	0.153375	36.0	148.75327253341675
130	0.7902888	0.18806084	1.1159089	0.7009229	1.5385238	-0.74760467	12.788079	0.8957078	0.3882903	1.7284483	-0.88722366	1048000	7.450581e-09	0.12065436	-0.028788375	-0.092414856	1.1567292	0.015203539	0.1415	35.0	149.72548294067383
131	0.7864127	0.20075834	1.1035533	0.7117727	1.5456161	-0.8303379	12.4203825	0.88421124	0.3757254	1.4198215	-1.007502	1056000	0.0	0.116725884	-0.0293094	-0.086678624	1.1555185	0.0150958635	0.153	44.0	150.78307676315308
132	0.7862573	0.19396931	1.1035403	0.72433025	1.5491747	-0.7980002	12.723856	0.8877491	0.37083173	1.3630108	-0.84025985	1064000	3.7252903e-09	0.12619588	-0.034902677	-0.092982195	1.1762645	0.015018098	0.171875	59.0	152.13529801368713
133	0.75438595	0.21783626	1.040578	0.76112944	1.5375509	-0.7953365	12.991667	0.8399536	0.39479136	1.4546185	-1.059998	1072000	1.1175871e-08	0.14702156	-0.03593784	-0.10274153	1.1817153	0.015118343	0.1785	51.0	153.4266712665558
134	0.7332642	0.2607834	1.0081755	0.76605165	1.542621	-0.6539409	12.158228	0.82133794	0.41764635	1.5184457	-0.6304054	1080000	-1.1175871e-08	0.108844005	-0.03511767	-0.08272235	1.156732	0.009896411	0.160125	79.0	154.56335592269897
135	0.73831487	0.24080884	1.0194261	0.7661643	1.553024	-0.73273396	12.694631	0.8395308	0.40858623	1.7472577	-0.8776307	1088000	-7.450581e-09	0.17201605	-0.035890177	-0.12439962	1.1782305	0.01518416	0.17587501	59.0	155.68145608901978
136	0.7845694	0.20848618	1.0974311	0.71564853	1.5496811	-0.4703104	12.323899	0.8429201	0.4262329	1.4475439	-1.1591272	1096000	3.7252903e-09	0.1680534	-0.03697431	-0.12525474	1.11009	0.01500114	0.17074999	79.0	157.27924013137817
137	0.7881684	0.20558167	1.0913085	0.7211934	1.5443041	-0.6134556	12.845395	0.879689	0.34717327	1.5118781	-0.70565987	1104000	0.0	0.13170777	-0.03605098	-0.08752079	1.1290166	0.013839494	0.17250001	79.0	158.40936970710754
138	0.76490515	0.23509485	1.0667305	0.72909033	1.5410116	-0.63561463	12.095092	0.9080806	0.33067545	1.4732962	-0.6786831	1112000	-1.3969839e-08	0.11493966	-0.036068305	-0.08809972	1.1374073	0.015053125	0.176	71.0	159.55913662910461
139	0.77745926	0.21629074	1.0915116	0.7253575	1.5410477	-0.677189	12.183229	0.86113626	0.41025704	1.4652303	-0.6502742	1120000	0.0	0.13692246	-0.035948537	-0.09465875	1.1441603	0.01452164	0.17225	79.0	160.69554829597473
140	0.8155806	0.16966245	1.143551	0.6863491	1.5526066	-0.7304937	12.524194	0.89578223	0.3504442	1.3851936	-0.65420306	1128000	6.519258e-09	0.1312626	-0.03398639	-0.082319826	1.116672	0.015324979	0.17025	45.0	161.7654299736023
141	0.77117276	0.20835945	1.0884875	0.715668	1.5359665	-0.9343159	12.419871	0.9118683	0.35473025	1.5182289	-0.5516268	1136000	-4.656613e-09	0.13616814	-0.034233168	-0.07634601	1.1462419	0.015004401	0.169125	56.0	162.8140652179718
142	0.81200397	0.15917659	1.1569091	0.6635203	1.553612	-0.69273025	12.796053	0.88757557	0.3407141	1.3556159	-0.45902264	1144000	-7.450581e-09	0.10482872	-0.039394755	-0.06559886	1.1516914	0.012239268	0.197	79.0	164.01939630508423
143	0.8084992	0.19150081	1.1455586	0.6754027	1.5496551	-0.3938546	12.579545	0.8993653	0.34385285	1.4865804	-0.9200206	1152000	-1.1175871e-08	0.108677454	-0.031176984	-0.08352281	1.1252754	0.01512055	0.157875	48.0	165.06094241142273
144	0.76671886	0.21975774	1.0718163	0.7369203	1.5497808	-1.0810533	12.2895565	0.936775	0.32493302	1.4485039	-0.6626021	1160000	-8.381903e-09	0.12644506	-0.039302416	-0.07885921	1.1527295	0.012699882	0.19325	79.0	166.24456310272217
145	0.80557704	0.17236412	1.1532702	0.6586011	1.5389363	-0.37116265	13.199325	0.8979806	0.34764165	1.4207699	-0.6570804	1168000	-7.450581e-09	0.12026185	-0.031464007	-0.075086996	1.1529152	0.015090942	0.15612501	40.0	167.24077820777893
146	0.8511137	0.14153337	1.2283082	0.5980123	1.5368177	-0.3494619	13.108844	0.88891697	0.3423192	1.7379367	-0.6083522	1176000	1.3038516e-08	0.1257427	-0.034554884	-0.08928209	1.1224284	0.015123118	0.17074999	54.0	168.32532000541687
147	0.8346591	0.1653409	1.1816223	0.6644271	1.5494932	-0.52060646	12.419304	0.9532717	0.25359836	1.4737204	-0.62463295	1184000	-1.8626451e-08	0.08591825	-0.037369326	-0.070429236	1.1384575	0.011772098	0.187875	79.0	169.4712212085724
148	0.82337093	0.17005013	1.1744956	0.66030955	1.5433884	-0.51117265	12.501593	0.90583014	0.37514374	1.539642	-0.65784013	1192000	5.5879354e-09	0.117335334	-0.036598507	-0.0854543	1.127297	0.015085864	0.1785	68.0	170.6142761707306
149	0.8329574	0.16046366	1.1897768	0.6422282	1.5327727	-0.5270261	12.694445	0.9144934	0.33574504	1.4053831	-0.6270252	1200000	-1.8626451e-09	0.09828013	-0.02892078	-0.0700786	1.1129206	0.015020402	0.1555	34.0	171.59241771697998
150	0.8097322	0.18332337	1.1536105	0.67159057	1.5443041	-0.35841578	12.520833	0.97638845	0.22499052	1.4964321	-0.41875607	1208000	9.313226e-09	0.12351672	-0.03923975	-0.08488348	1.1179442	0.015004426	0.205625	77.0	172.77765250205994
151	0.7738456	0.21295996	1.1025729	0.7113701	1.5336385	-0.44774005	12.003067	0.90843785	0.3532368	1.5112524	-0.90696514	1216000	7.450581e-09	0.12852448	-0.034637716	-0.09194383	1.1107624	0.015039956	0.161	49.0	173.88268280029297
152	0.7558788	0.23754221	1.0735453	0.7280077	1.548934	-0.43495372	11.732036	0.9216891	0.3411108	1.53992	-0.85815066	1224000	-5.5879354e-09	0.13470565	-0.04085371	-0.091389716	1.1166346	0.012519205	0.202625	79.0	175.06173872947693
153	0.8350042	0.15183793	1.2036368	0.6236661	1.5433884	-0.34389523	12.567742	0.9193339	0.33871275	1.5836966	-0.8099915	1232000	0.0	0.114066936	-0.037654173	-0.07964612	1.0774987	0.0152402725	0.179875	78.0	176.2973494529724
154	0.69926333	0.2667089	0.9812585	0.765838	1.5810276	-0.38450095	12.126562	0.8119127	0.43164766	1.5164287	-0.9545926	1240000	-3.7252903e-09	0.1539812	-0.03453804	-0.09748008	1.1259522	0.0150944	0.17862499	57.0	177.3554174900055
155	0.7477093	0.23909631	1.05698	0.7337783	1.5430483	-0.3491275	11.737879	0.8769243	0.363828	1.4812315	-0.9117439	1248000	3.7252903e-09	0.105152234	-0.03321874	-0.077152506	1.1174434	0.015012072	0.162875	49.0	178.4813060760498
156	0.7167839	0.27031928	0.9977892	0.7695187	1.5333668	-0.38785955	11.763637	0.8517284	0.39656043	1.4700073	-0.63104916	1256000	-3.7252903e-09	0.12405722	-0.037794843	-0.09237932	1.1121149	0.015069725	0.18887499	78.0	179.61875581741333
157	0.76445806	0.22896303	1.0782459	0.7253033	1.5543771	-0.35513106	12.043478	0.840967	0.4219288	1.4657276	-0.8383176	1264000	1.1175871e-08	0.13515204	-0.033523954	-0.106988154	1.088184	0.0150243	0.185	46.0	180.67588257789612
158	0.695282	0.30471802	0.94128686	0.79952615	1.5560594	-0.44871065	11.165714	0.86037284	0.41185963	1.6154313	-0.7069557	1272000	1.1175871e-08	0.13299662	-0.039744653	-0.09649691	1.1186273	0.0150158275	0.18575001	69.0	182.25853896141052
159	0.7196774	0.28032264	0.9810593	0.77501506	1.5391922	-0.43056425	11.697289	0.8082986	0.4578784	1.4949267	-0.80808365	1280000	9.313226e-10	0.16610223	-0.039802153	-0.11387881	1.1195835	0.01325426	0.187875	79.0	183.43600702285767
160	0.77409816	0.22590187	1.0915282	0.71771044	1.5503448	-0.38726276	11.762121	0.89163196	0.3849303	1.6304342	-1.0250164	1288000	3.7252903e-09	0.10328241	-0.035970815	-0.07491702	1.0875764	0.015155459	0.172625	64.0	184.82351994514465
161	0.739352	0.24635066	1.0177258	0.76404387	1.5401264	-0.756045	12.055901	0.83449	0.4508338	1.4146347	-1.2216496	1296000	3.7252903e-09	0.1609506	-0.036789805	-0.11755849	1.1054842	0.015262205	0.169875	60.0	185.98772025108337
162	0.77196944	0.21487266	1.0803281	0.7322744	1.5476633	-0.76964504	12.010802	0.899337	0.35705355	1.4201334	-0.87950605	1304000	-7.450581e-09	0.12813905	-0.03347092	-0.10042601	1.1013641	0.015159314	0.17899999	45.0	187.1618368625641
163	0.8093463	0.18470134	1.1508715	0.67870367	1.5487894	-0.474143	12.453526	0.8635898	0.41314462	1.4975239	-1.0003844	1312000	-1.4901161e-08	0.125357	-0.033456203	-0.08925565	1.0750287	0.015156688	0.1655	49.0	188.19803929328918
164	0.8040253	0.19597477	1.1362841	0.68889844	1.5452123	-0.42391524	12.279688	0.9514638	0.30166575	1.42492	-0.6462146	1320000	-5.5879354e-09	0.07911244	-0.037105653	-0.06129455	1.0862539	0.0145809995	0.20025	79.0	189.4197645187378
165	0.8128081	0.17436299	1.1641599	0.6681936	1.5836165	-0.36572617	12.21519	0.9386388	0.33388194	1.5069984	-0.7163062	1328000	-4.656613e-09	0.093408644	-0.028512314	-0.06872394	1.0591934	0.0154479975	0.150375	31.0	190.39734506607056
166	0.7806434	0.21935663	1.1040132	0.7110807	1.5497701	-0.42670724	11.944445	0.94477224	0.31922594	1.3850181	-0.6643069	1336000	-4.1909516e-09	0.081281975	-0.03783816	-0.05971225	1.0614761	0.012475951	0.176	79.0	191.57316327095032
167	0.765574	0.22784707	1.0738163	0.7259689	1.5373359	-0.43472743	12.067187	0.91303223	0.36914366	1.4416245	-0.6336967	1344000	-1.8626451e-09	0.114508964	-0.03411596	-0.08644879	1.0757897	0.015090154	0.159	53.0	192.62344670295715
168	0.7990155	0.1876792	1.1225297	0.7025906	1.5462847	-0.8194967	12.298742	0.9024957	0.36112297	1.3744199	-0.79372656	1352000	1.9790605e-09	0.11539533	-0.03170641	-0.088371396	1.0663509	0.015029979	0.163875	48.0	193.6846489906311
169	0.8407047	0.15929529	1.2011484	0.6276488	1.5437346	-0.64372855	12.800987	0.95073676	0.31206498	1.7726222	-0.87413555	1360000	-1.8626451e-08	0.10001339	-0.03427942	-0.071795255	1.0607643	0.015010379	0.168375	61.0	194.76297163963318
170	0.83109856	0.15501253	1.1762698	0.68009263	1.5389214	-0.9771812	12.819079	0.9008101	0.35800692	1.482225	-0.9352829	1368000	1.3038516e-08	0.11135488	-0.032891907	-0.079583295	1.056215	0.015372511	0.162875	43.0	195.80250334739685
171	0.7999793	0.18613178	1.1365011	0.68920845	1.5391482	-0.8499524	12.475962	0.9104583	0.3774014	1.6798824	-0.86451864	1376000	1.8626451e-08	0.11486015	-0.03685573	-0.078592375	1.0649899	0.015154999	0.192625	68.0	197.1765172481537
172	0.82094455	0.17170253	1.1644126	0.6771881	1.5446359	-0.49917197	12.532468	0.88074327	0.39218524	1.4345578	-1.2055783	1384000	-6.519258e-09	0.11423451	-0.0372984	-0.07942325	1.0402477	0.013561283	0.179375	79.0	198.5396285057068
173	0.83694655	0.16305347	1.2001683	0.6439834	1.5469042	-0.59275806	12.377389	0.97128797	0.3084577	1.6299825	-1.0088239	1392000	0.0	0.085282326	-0.03709628	-0.069515005	1.0267454	0.011541813	0.165375	79.0	199.8795223236084
174	0.80514264	0.18096852	1.1427768	0.69111466	1.5369619	-0.78898984	12.5	0.90971094	0.3836881	1.5471828	-1.0006263	1400000	-7.450581e-09	0.09753098	-0.03599049	-0.0664378	1.027736	0.012268415	0.1825	79.0	201.03860664367676
175	0.781728	0.21827196	1.1012027	0.7134312	1.539872	-0.38266858	11.765152	0.9207055	0.35818344	1.5641484	-0.9360866	1408000	3.7252903e-09	0.08701726	-0.033856634	-0.06700274	1.0036125	0.015180811	0.172625	56.0	202.1450321674347
176	0.7829515	0.21704856	1.1111459	0.70740956	1.5441878	-0.4635554	11.688622	0.9444116	0.33746132	1.6539451	-0.6355704	1416000	1.071021e-08	0.0951801	-0.03595698	-0.07091582	0.9830442	0.012402822	0.161625	79.0	203.28751516342163
177	0.787295	0.19954717	1.112557	0.70242125	1.5458105	-0.37565938	12.075	0.90998584	0.3742925	1.4972566	-0.7812548	1424000	1.8626451e-08	0.12861064	-0.0302351	-0.09681992	0.99524444	0.015004121	0.158375	44.0	204.3289759159088
178	0.7376865	0.24978213	1.0428053	0.73939013	1.5810276	-0.43666252	11.9861965	0.886016	0.37896267	1.4642334	-0.69702977	1432000	-4.4237822e-09	0.15829125	-0.036626413	-0.11203466	0.9904827	0.015043147	0.191625	62.0	205.41619753837585
179	0.70878613	0.2526591	0.99716735	0.768498	1.5585535	-0.942994	12.167702	0.82937574	0.41547066	1.5422204	-0.9497248	1440000	1.8626451e-09	0.16399224	-0.0425686	-0.119995676	1.0030885	0.015066429	0.20087501	77.0	206.58196353912354
180	0.7657542	0.21862078	1.0779531	0.7194668	1.589187	-0.4449729	12.00463	0.8338943	0.42429018	1.4573615	-1.1040624	1448000	-3.7252903e-09	0.12587517	-0.031802356	-0.08577353	0.9597919	0.015078445	0.16675	45.0	207.60690140724182
181	0.75739384	0.20846756	1.0553131	0.76057595	1.5555673	-0.7886003	12.559295	0.8841711	0.37713948	1.403396	-0.80120105	1456000	1.8626451e-09	0.18205778	-0.028844714	-0.14556679	1.0304785	0.015011987	0.178625	29.0	208.6116805076599
182	0.7607902	0.23352793	1.0532707	0.7469859	1.5492722	-0.8843584	11.86747	0.85005236	0.41894203	1.4702286	-1.0193402	1464000	-8.381903e-09	0.11700637	-0.0376727	-0.08296681	0.9838133	0.015151469	0.16475	73.0	209.727783203125
183	0.76633275	0.21269687	1.060847	0.7488182	1.5598092	-0.8147064	12.496774	0.89218575	0.38570303	1.5966733	-0.8210166	1472000	-7.450581e-09	0.10695466	-0.036026575	-0.07316064	0.9965826	0.014837851	0.171375	79.0	210.92149877548218
184	0.73676896	0.21571638	1.0254784	0.76811016	1.558297	-0.77084583	12.824013	0.824588	0.4515984	1.4317491	-1.1252203	1480000	3.7252903e-09	0.16559748	-0.012178693	-0.113210805	1.0191777	0.015435734	0.139	9.0	211.82036900520325
185	0.75948226	0.2214388	1.051791	0.7517908	1.5388944	-0.8982035	12.25	0.797193	0.45696253	1.4420481	-0.86780703	1488000	0.0	0.12198227	-0.036588065	-0.093364164	0.9954072	0.015216202	0.17225	59.0	212.9568169116974
186	0.7525533	0.24744675	1.0579486	0.73623747	1.5512886	-0.39201885	11.657576	0.89209634	0.35842165	1.532851	-0.69459134	1496000	0.0	0.11599655	-0.031801432	-0.081153914	0.9863379	0.015014855	0.15450001	44.0	214.00460004806519
187	0.7997441	0.19430347	1.130377	0.68812364	1.5494651	-0.5352553	12.349359	0.9129327	0.37416607	1.5336504	-0.66118	1504000	-7.450581e-09	0.10851144	-0.032736264	-0.061921984	0.9920229	0.015160615	0.169	46.0	215.0734474658966
188	0.80714285	0.19285715	1.1548023	0.66523576	1.552336	-0.40694463	11.98628	0.90480465	0.32727095	1.5539521	-1.444277	1512000	-3.7252903e-09	0.10733162	-0.027273623	-0.08089389	0.96996945	0.015228612	0.146875	30.0	216.0561385154724
189	0.8559969	0.13040015	1.2328379	0.6013827	1.5525357	-0.3215963	12.614379	0.95606184	0.29363576	1.4389691	-0.880793	1520000	-3.7252903e-09	0.080140345	-0.025649918	-0.048529144	0.9610033	0.015102394	0.14375001	36.0	217.09321761131287
190	0.8196267	0.17379434	1.1681862	0.66138065	1.5539267	-0.38723522	12.350319	0.9280217	0.35028967	1.6810087	-1.0153279	1528000	9.313226e-09	0.13184085	-0.026864093	-0.09130424	0.96858466	0.015089789	0.15975	34.0	218.07197666168213
191	0.7789303	0.20886734	1.0989635	0.71094966	1.5499357	-0.617812	12.1484375	0.9147395	0.32627937	1.4788549	-0.6113636	1536000	7.450581e-09	0.11862917	-0.035009574	-0.07957396	1.0124928	0.015023332	0.182125	66.0	219.20187187194824
192	0.81876326	0.16693941	1.1657386	0.66784346	1.5493443	-0.61653215	12.594771	0.8917028	0.3528281	1.5611652	-0.6867955	1544000	-9.313226e-09	0.09554654	-0.037428305	-0.06977939	0.9954692	0.015011261	0.16525	79.0	220.37889122962952
193	0.82353806	0.1566886	1.1891065	0.6462918	1.5530951	-0.34919015	12.736928	0.94921243	0.28827658	1.5353459	-0.809945	1552000	-2.0489097e-08	0.12730777	-0.023677927	-0.08314574	0.9685011	0.0151808355	0.1385	20.0	221.35065293312073
194	0.8539108	0.1325658	1.2211485	0.62906927	1.5450664	-0.6218882	12.728758	0.9121823	0.353402	1.4425411	-1.1835034	1560000	-3.7252903e-09	0.117110915	-0.025570214	-0.07729024	0.9690144	0.015081191	0.15037501	30.0	222.31181859970093
195	0.8063283	0.19367167	1.1610019	0.6716029	1.5530951	-0.41797897	12.029688	0.94377	0.30366144	1.7645446	-0.7511378	1568000	-9.313226e-09	0.10603608	-0.03695943	-0.06355842	0.9604382	0.014520495	0.18125	79.0	223.49369716644287
196	0.85611945	0.14388055	1.235647	0.6025786	1.553811	-0.39982325	12.326433	0.93160254	0.33453327	1.5229685	-0.773698	1576000	9.313226e-10	0.08600706	-0.030456528	-0.06441257	0.9268075	0.015121446	0.154375	42.0	224.49857020378113
197	0.8465696	0.15343046	1.2167782	0.6215056	1.553263	-0.3666164	12.292722	0.94241166	0.31146377	1.4223495	-0.8247956	1584000	0.0	0.08890696	-0.03564418	-0.0699581	0.9490886	0.015033122	0.17162502	67.0	225.65216755867004
198	0.8062671	0.18715397	1.1637223	0.6731265	1.586383	-0.4375762	12.13125	0.9693369	0.2837528	1.4927949	-0.925526	1592000	-7.450581e-09	0.134185	-0.031063676	-0.10086829	0.94519544	0.015006214	0.15975	49.0	226.6860694885254
199	0.8390612	0.15435986	1.2069095	0.63436645	1.5469468	-0.4533691	12.329114	0.9134619	0.3299453	1.6350163	-0.7974807	1600000	2.7939677e-09	0.09037609	-0.028947458	-0.06956663	0.94806015	0.015056174	0.155375	32.0	227.9273111820221
200	0.7891234	0.21087664	1.1255957	0.70035416	1.5532262	-0.52101576	11.84394	0.9321132	0.34309632	1.515683	-1.297156	1608000	5.5879354e-09	0.10548345	-0.03825242	-0.06655573	0.93767256	0.014587	0.17862499	79.0	229.37090706825256
201	0.7662836	0.22746639	1.0952975	0.7090956	1.5625356	-0.40395656	11.724242	0.92064774	0.36552882	1.5298992	-1.1767261	1616000	-1.4901161e-08	0.09820591	-0.030994926	-0.07222215	0.9405497	0.015062895	0.15024999	41.0	230.38048338890076
202	0.71402633	0.27347368	0.98988754	0.7878765	1.5641878	-0.7234273	11.495588	0.8743607	0.40249497	1.5007192	-0.73646545	1624000	1.4901161e-08	0.14400098	-0.041201442	-0.108525224	0.95377123	0.013847832	0.181125	79.0	231.6315369606018
203	0.7463631	0.24074009	1.052607	0.7402373	1.5413785	-0.40494752	11.855183	0.8537285	0.4138465	1.5062188	-1.2529296	1632000	-1.3969839e-08	0.15870681	-0.03344541	-0.12688774	0.9490503	0.015062319	0.164	57.0	232.70390462875366
204	0.7520386	0.22708507	1.0582157	0.73705584	1.589187	-0.48557806	11.976708	0.86637247	0.41639602	1.9960556	-1.125942	1640000	-1.3504177e-08	0.1657129	-0.027248688	-0.10591197	0.9529402	0.015086571	0.152625	32.0	233.7886140346527
205	0.7783626	0.18834065	1.0954356	0.73157436	1.5409964	-0.77142495	12.583333	0.84811866	0.3951741	1.7708037	-0.69112426	1648000	-7.450581e-09	0.1564103	-0.036107425	-0.12334679	0.99433434	0.015034341	0.175625	56.0	234.85507130622864
206	0.73488694	0.24563731	1.0210112	0.76370376	1.5473392	-0.8519794	12.059375	0.8710329	0.37665725	1.5707908	-0.8056953	1656000	-3.7252903e-09	0.13993677	-0.030307647	-0.11116978	0.9565848	0.015055456	0.148875	37.0	236.12301754951477
207	0.78209066	0.19813597	1.1002395	0.70832366	1.5521842	-0.76604366	12.558441	0.7893351	0.4748586	1.5330578	-0.8102757	1664000	-2.4214387e-08	0.11414439	-0.029531583	-0.08327763	0.95153123	0.015047342	0.15349999	41.0	237.1269040107727
208	0.8193191	0.17443088	1.169836	0.6674628	1.5876104	-0.7826812	12.27057	0.9018783	0.38725853	1.6013188	-1.5475299	1672000	1.1175871e-08	0.08199151	-0.032544132	-0.06325057	0.9293632	0.015268156	0.157625	53.0	238.41639852523804
209	0.74293023	0.23828843	1.0312134	0.76642424	1.5459615	-0.82362497	12.13354	0.88728935	0.40717697	1.5199382	-0.69091576	1680000	1.6763806e-08	0.09044349	-0.037310153	-0.056088068	0.94962233	0.013533318	0.175125	79.0	239.5848400592804
210	0.8563074	0.13711362	1.2287706	0.6165398	1.553024	-0.83115685	12.751645	0.880335	0.39069653	1.4798918	-0.87611246	1688000	3.7252903e-09	0.10853508	-0.039193038	-0.08223386	0.93568456	0.014707369	0.176625	79.0	240.75129628181458
211	0.77955735	0.18563443	1.1013244	0.7279713	1.5444809	-0.8324778	12.650974	0.903027	0.3730917	1.595168	-0.85536206	1696000	-1.1175871e-08	0.12543246	-0.0315513	-0.09186813	0.97457504	0.015212443	0.17675	42.0	241.78061723709106
212	0.7922354	0.20082024	1.1251909	0.6946129	1.5458994	-0.8628924	12.095679	0.89005655	0.37864023	1.5021981	-0.93716574	1704000	6.9849193e-10	0.114400715	-0.037396222	-0.07572525	0.9539021	0.015109028	0.1735	78.0	242.94891548156738
213	0.85225564	0.14079991	1.2364361	0.60173786	1.5511553	-0.29480818	12.496774	0.9506377	0.30762193	1.5772351	-0.5588294	1712000	1.8626451e-09	0.07131886	-0.02716162	-0.049011014	0.91302896	0.015160916	0.142625	36.0	243.9266173839569
214	0.84646463	0.13964647	1.2183033	0.62326676	1.5639774	-0.6980441	12.649351	0.9425369	0.31899557	1.4262745	-0.73640144	1720000	-3.7252903e-09	0.10115267	-0.03321606	-0.073079474	0.92860997	0.015014771	0.16062501	60.0	245.0309886932373
215	0.8113252	0.18867481	1.1586092	0.6599802	1.544872	-0.40348223	12.313694	0.94122326	0.31428516	1.702284	-0.64056283	1728000	-3.7252903e-09	0.1138185	-0.025917746	-0.079616986	0.9524393	0.015014209	0.153	24.0	245.98299932479858
216	0.8470852	0.13121346	1.2128853	0.6320952	1.547806	-0.905645	13.102349	0.9517518	0.28125	1.5191474	-0.7164241	1736000	-7.450581e-09	0.12011737	-0.03483181	-0.09915446	0.96689093	0.013240684	0.17337501	79.0	247.19376516342163
217	0.8369572	0.1630428	1.2007434	0.63086575	1.5553017	-0.40255308	12.27673	0.94657546	0.29378906	1.5015607	-0.81657547	1744000	-1.1175871e-08	0.085006416	-0.03614647	-0.06311764	0.92505	0.014840601	0.16725	79.0	248.41021871566772
218	0.815518	0.1775376	1.1616147	0.6789526	1.5650146	-0.8716415	12.421474	0.92919177	0.34578735	1.3979568	-1.1125023	1752000	0.0	0.09667819	-0.030055787	-0.055027746	0.9541738	0.015078069	0.16687499	44.0	249.44653415679932
219	0.8505639	0.14943609	1.2286661	0.62193537	1.5631593	-0.6503552	12.271875	0.9656116	0.32634106	1.6304283	-0.7169681	1760000	-3.7252903e-09	0.07260093	-0.03590934	-0.05670496	0.9194979	0.011326158	0.170625	79.0	250.68234181404114
220	0.8302423	0.16317879	1.1929893	0.64449716	1.5590252	-0.5633707	12.495193	0.92222667	0.3620796	1.4680941	-0.8546531	1768000	9.313226e-09	0.11598426	-0.032784685	-0.07802813	0.91863906	0.0150620295	0.174	50.0	251.71039366722107
221	0.82144374	0.1719773	1.173629	0.65981376	1.5485882	-0.5022539	12.280064	0.9335765	0.29910234	1.4733074	-0.8241521	1776000	-3.7252903e-09	0.090389356	-0.036960077	-0.058821063	0.9245666	0.014577623	0.17074999	79.0	252.98300409317017
222	0.8433057	0.14974985	1.2184285	0.62395203	1.5527294	-0.42833596	12.426751	0.9187645	0.34831685	1.4448037	-1.3957887	1784000	-1.1175871e-08	0.099089876	-0.035251662	-0.0718507	0.9262019	0.015193602	0.174	70.0	254.11565160751343
223	0.81254554	0.18745443	1.1597732	0.68037564	1.5476776	-0.47205848	12.114907	0.9580194	0.2884872	1.4387455	-0.67456126	1792000	6.519258e-09	0.09696941	-0.03684596	-0.07710042	0.91234475	0.011058483	0.168	79.0	255.34667491912842
224	0.8432958	0.15670428	1.2213627	0.6161705	1.5561485	-0.431532	12.138365	0.9202607	0.3723914	1.5751919	-0.9058077	1800000	7.683411e-09	0.08127201	-0.02745249	-0.06860116	0.9057481	0.015403945	0.15162499	32.0	256.3135087490082
225	0.7946272	0.19221492	1.1453704	0.69197875	1.5533776	-0.49640882	12.195652	0.94271326	0.35511583	1.5278141	-0.8226676	1808000	1.8626451e-09	0.09079276	-0.02470075	-0.05931085	0.9384225	0.015086761	0.15375	27.0	257.31175780296326
226	0.75356364	0.24643639	1.0559034	0.73910385	1.5445452	-0.4152028	11.732036	0.9043555	0.4028301	1.8553904	-0.87891674	1816000	0.0	0.11417626	-0.03931728	-0.08360304	0.945614	0.012847846	0.1885	79.0	258.4590308666229
227	0.8174969	0.1630587	1.1647063	0.6765139	1.5463861	-0.6982064	12.552885	0.8943613	0.39134276	1.5058974	-0.8022865	1824000	-1.4901161e-08	0.12925534	-0.03770209	-0.11175072	0.94905716	0.014314761	0.177	79.0	259.62913846969604
228	0.8095969	0.1768797	1.1560907	0.66835517	1.5445416	-0.38489223	12.501602	0.92936367	0.3441197	1.4541086	-0.62834847	1832000	1.1175871e-08	0.06819368	-0.03761861	-0.03978091	0.9354395	0.013639898	0.17862499	79.0	260.78168773651123
229	0.78249025	0.18828183	1.0898042	0.7527156	1.5537653	-0.83215404	12.591935	0.87074786	0.4349306	1.4218484	-1.9174507	1840000	-3.7252903e-09	0.16851214	-0.028043095	-0.14489803	0.95022774	0.015494067	0.16125	33.0	261.7966332435608
230	0.769809	0.2019617	1.080357	0.7323192	1.5443224	-0.8578964	12.648026	0.8694996	0.39367595	1.6288024	-0.8806124	1848000	0.0	0.14642282	-0.0337603	-0.10049159	0.94099224	0.015139656	0.16	51.0	262.86709237098694
231	0.8069862	0.18606934	1.148997	0.6799061	1.5506492	-0.77349895	12.227987	0.8919928	0.37634414	1.4049373	-0.9304042	1856000	1.8626451e-08	0.123098895	-0.0355362	-0.106306314	0.91913366	0.015108249	0.15775	56.0	263.95438051223755
232	0.7557957	0.22373644	1.0606124	0.75605595	1.5626833	-0.87073904	12.201563	0.843535	0.450951	1.6813064	-0.74699634	1864000	1.8626451e-09	0.12696783	-0.030961515	-0.105345204	0.94850945	0.015022881	0.13912499	38.0	264.9442582130432
233	0.80359197	0.18905511	1.1335336	0.6982145	1.5435203	-0.77980363	12.240566	0.89613634	0.40552825	1.879904	-0.7559336	1872000	1.3038516e-08	0.08148507	-0.035800204	-0.06217523	0.936846	0.015095467	0.161	57.0	266.05516505241394
234	0.8291823	0.15765977	1.1833911	0.67200494	1.5492187	-0.8132433	12.41614	0.9027716	0.38153854	1.6434189	-0.81628096	1880000	0.0	0.0787794	-0.03448533	-0.06339459	0.9037577	0.015175245	0.170875	65.0	267.1566424369812
235	0.8075951	0.17769904	1.1425717	0.6938989	1.5865031	-0.81777644	12.103395	0.9230363	0.3701928	1.5756428	-0.932374	1888000	0.0	0.08275643	-0.03556805	-0.061921127	0.9267067	0.012219768	0.175125	79.0	268.33258962631226
236	0.8061973	0.17370036	1.1522001	0.68203646	1.5814247	-0.823491	12.2325945	0.91243804	0.39803082	1.8023356	-0.9407915	1896000	7.450581e-09	0.083258376	-0.02476143	-0.052719414	0.9101223	0.015791137	0.13724999	24.0	269.28052830696106
237	0.85166043	0.1483396	1.2355044	0.60221624	1.6078428	-0.4378721	12.245283	0.95880914	0.30606398	1.7330544	-0.5434441	1904000	1.3038516e-08	0.08581353	-0.0331931	-0.05870644	0.87731004	0.015251806	0.15075001	53.0	270.3791534900665
238	0.8656003	0.1270468	1.2469862	0.5994271	1.6	-0.6928423	12.710784	0.9513739	0.29591924	1.5749595	-0.5174751	1912000	-1.6763806e-08	0.09542142	-0.035308592	-0.073049724	0.87996745	0.013847045	0.161	79.0	271.5236692428589
239	0.8301326	0.16292293	1.1968316	0.6390869	1.6	-0.722945	12.322784	0.96968955	0.33654925	2.1001713	-0.69084615	1920000	9.313226e-09	0.09632433	-0.033699512	-0.062367182	0.90556663	0.015073793	0.16	56.0	272.6228997707367
240	0.83497286	0.16502714	1.1969935	0.6490992	1.5485882	-0.67500466	12.448387	0.97182643	0.25919256	1.5035467	-0.5125504	1928000	-1.8626451e-09	0.09559993	-0.038005117	-0.06977615	0.92531	0.012217683	0.191375	79.0	274.1643397808075
241	0.84121764	0.15878238	1.2137705	0.6265773	1.5575	-0.3537256	12.463141	0.9340613	0.33160645	1.4615691	-0.6773906	1936000	-3.7252903e-09	0.10267921	-0.032762047	-0.0762199	0.9013874	0.015235739	0.15937501	57.0	275.38357281684875
242	0.858443	0.14155702	1.2448808	0.60616374	1.5486363	-0.58205634	12.472403	0.96443504	0.31814095	1.5057794	-1.1363597	1944000	8.381903e-09	0.08064438	-0.03656109	-0.06114008	0.89517224	0.014539104	0.167375	79.0	276.6552777290344
243	0.80252147	0.19747855	1.1513335	0.6813941	1.5545835	-0.6748382	11.852134	0.9689113	0.3065382	1.4612408	-0.7383233	1952000	1.4901161e-08	0.09006576	-0.01446346	-0.062570184	0.8704089	0.015150658	0.13087499	12.0	277.5601942539215
244	0.8390659	0.15398961	1.2099124	0.63272107	1.5548722	-0.5635683	12.303459	0.9249181	0.34217364	1.4237423	-0.6537959	1960000	-1.8626451e-09	0.11665343	-0.029123181	-0.087751016	0.87669444	0.0150628695	0.146625	35.0	278.64446210861206
245	0.8051682	0.18788734	1.1530972	0.67510307	1.5552394	-0.77661926	12.095312	0.9405387	0.33598718	1.5804914	-0.6313969	1968000	3.7252903e-09	0.11097035	-0.039578486	-0.087795965	0.90028995	0.01286944	0.190625	79.0	279.7865574359894
246	0.8300806	0.16991937	1.1954949	0.64248943	1.5512437	-0.41862935	12.208075	0.93239534	0.34867704	1.5445797	-0.82173437	1976000	1.8626451e-09	0.08395297	-0.0298581	-0.07061258	0.8760319	0.015072018	0.15812501	42.0	280.86366724967957
247	0.8166671	0.18333286	1.1711226	0.67109376	1.5552974	-0.39542496	11.872727	0.9469387	0.3366665	1.5969051	-0.76176494	1984000	5.5879354e-09	0.09831303	-0.03758172	-0.07717477	0.8818205	0.011975309	0.17875	79.0	282.0026512145996
248	0.804245	0.18917607	1.1621103	0.67075765	1.5596551	-0.45329234	11.89724	0.9250825	0.36987814	1.567104	-0.8761444	1992000	1.4901161e-08	0.11147449	-0.03684656	-0.09354831	0.8623777	0.015101121	0.16475001	66.0	283.1388404369354
249	0.8384028	0.15326384	1.2152851	0.6194467	1.5643814	-0.6674837	12.408654	0.9104741	0.37982082	1.6097327	-1.0022695	2000000	7.450581e-09	0.11420645	-0.031831957	-0.09144513	0.8761512	0.015006628	0.15612501	44.0	284.1590268611908
250	0.75414443	0.22600268	1.0742418	0.7320554	1.5582696	-0.82169145	12.083333	0.93803823	0.3338749	1.4590254	-0.7898465	2008000	-2.4214387e-08	0.14456692	-0.03429727	-0.10962416	0.90231836	0.01503779	0.17300001	46.0	285.2149760723114
251	0.8100611	0.18993887	1.1529022	0.67218864	1.5469668	-0.4622408	12.104688	0.8868967	0.38414863	1.7238176	-0.8002387	2016000	0.0	0.1152488	-0.037676614	-0.08812319	0.8678796	0.01502675	0.1715	72.0	286.3279106616974
252	0.79507285	0.19834822	1.1254159	0.7063316	1.5609636	-1.3538828	12.397152	0.9061101	0.37481582	1.4346077	-0.9908713	2024000	-4.656613e-09	0.14464304	-0.029433623	-0.10852766	0.8680215	0.015057128	0.15325001	36.0	287.34511160850525
253	0.7647927	0.21642601	1.0789027	0.73901874	1.5524387	-0.70214295	12.048137	0.8818352	0.37961456	1.5757267	-1.2792354	2032000	3.7252903e-09	0.14502752	-0.039596062	-0.11611062	0.9182112	0.014623791	0.18900001	79.0	288.51567101478577
254	0.80280244	0.1906186	1.1270514	0.70237964	1.552621	-1.1883961	12.308544	0.90049976	0.3548134	1.483042	-0.68066704	2040000	-7.450581e-09	0.12600629	-0.026346179	-0.09866655	0.88974106	0.015021407	0.12825	23.0	289.49459433555603
255	0.86153686	0.1249398	1.2375957	0.6033373	1.5483775	-0.7161676	12.948675	0.91225857	0.39237368	1.6816533	-1.2482698	2048000	-1.8626451e-08	0.09538662	-0.034863845	-0.07852325	0.8909575	0.013246796	0.16925001	79.0	290.6309554576874
256	0.7958633	0.1975578	1.122289	0.71374303	1.5513198	-0.73339957	12.312893	0.92508054	0.35684973	1.7492347	-0.6999134	2056000	5.5879354e-09	0.10641196	-0.023178952	-0.08059199	0.9047251	0.015190555	0.15	21.0	291.6045181751251
257	0.7865536	0.19293556	1.1049353	0.7134474	1.5435324	-0.738495	12.315705	0.8888487	0.41091582	1.8073153	-0.8974461	2064000	3.7252903e-09	0.15147957	-0.03457486	-0.11699461	0.9477397	0.015097337	0.159875	51.0	292.83559703826904
258	0.81502616	0.17839485	1.1544917	0.68158233	1.5536518	-0.67921317	12.080247	0.91422975	0.35442147	1.5502436	-0.695817	2072000	-7.450581e-09	0.07842671	-0.026776712	-0.05370389	0.8943162	0.015007736	0.135625	28.0	293.86131477355957
259	0.8431913	0.12486424	1.2105979	0.6436014	1.5445815	-0.9090778	13.023334	0.94159377	0.3519991	1.5224992	-1.307074	2080000	1.1175871e-08	0.12864146	-0.03165141	-0.08907261	0.9070996	0.015056897	0.15650001	47.0	295.16977858543396
260	0.84647036	0.14658521	1.2257645	0.62016475	1.5657908	-0.6840747	12.450637	0.93330884	0.34542564	1.508285	-0.8391047	2088000	3.7252903e-09	0.092848435	-0.025913151	-0.066461414	0.9090376	0.0150398705	0.146625	34.0	296.1884138584137
261	0.89048016	0.102166876	1.2984612	0.53857106	1.5563072	-0.29188585	12.730263	0.9571648	0.29857692	1.4292568	-0.7954168	2096000	-1.8626451e-09	0.0675271	-0.033055954	-0.03710737	0.87447304	0.0150334835	0.161	66.0	297.3058009147644
262	0.83769155	0.15495558	1.2007468	0.63919586	1.5558846	-0.74467283	12.294025	0.97192854	0.2773445	1.6260334	-0.47151053	2104000	-7.450581e-09	0.083560765	-0.029314134	-0.055332713	0.8761395	0.015160621	0.14850001	36.0	298.3338611125946
263	0.8113668	0.17433584	1.1652356	0.6672988	1.5907106	-0.6152442	12.313292	0.9403773	0.31987426	1.6917906	-0.87267303	2112000	-3.7252903e-09	0.100923195	-0.031697616	-0.06963047	0.8856626	0.015064608	0.15562502	43.0	299.3478915691376
264	0.8490597	0.14436138	1.2246957	0.61688	1.5488832	-0.600064	12.564516	0.9578944	0.3221751	1.8613011	-0.6804333	2120000	8.381903e-09	0.11551893	-0.0348571	-0.07923105	0.87604624	0.014572375	0.16512501	79.0	300.5296723842621
265	0.8287714	0.1638757	1.1951793	0.6399328	1.5556322	-0.41489053	12.449044	0.95178384	0.3035842	1.5193642	-0.45789874	2128000	-1.7695129e-08	0.103273496	-0.022095481	-0.077194646	0.8554362	0.015077193	0.13725	24.0	301.46268010139465
266	0.8917763	0.108223684	1.309253	0.5225605	1.5514214	-0.5241153	12.551282	0.96833694	0.29151508	1.6843562	-1.0489995	2136000	1.1175871e-08	0.08849207	-0.033235475	-0.06487815	0.8493701	0.015256813	0.15275	72.0	302.61630058288574
267	0.8447478	0.1483078	1.2241021	0.61049175	1.5531548	-0.39314055	12.365506	0.97159314	0.29311484	1.4034328	-0.63759923	2144000	3.7252903e-09	0.08363566	-0.034808423	-0.0575946	0.8405336	0.013911294	0.16275	79.0	303.7546455860138
268	0.84142125	0.15857872	1.2145352	0.62268806	1.5572685	-0.45500806	12.525641	0.9518378	0.31308466	1.5554789	-0.61432445	2152000	-1.8626451e-09	0.11913637	-0.03631412	-0.08388001	0.8539437	0.015025403	0.17375	75.0	304.91875767707825
269	0.8120775	0.18792251	1.1518921	0.6899134	1.5618587	-0.4732677	11.907012	0.9256785	0.3366957	1.6203278	-0.885229	2160000	9.313226e-09	0.11851988	-0.025831735	-0.09934673	0.85982525	0.0151823135	0.13974999	31.0	305.8931601047516
270	0.86690634	0.13309363	1.2595283	0.59005374	1.5448608	-0.38270006	12.242138	0.9349447	0.35575092	1.5236619	-0.8910315	2168000	7.450581e-09	0.102003366	-0.030604359	-0.08883512	0.82982004	0.01505144	0.15062499	55.0	306.9917252063751
271	0.83969295	0.16030702	1.2137845	0.63648826	1.548934	-0.5140568	12.192187	1.0114633	0.26510054	2.0011091	-0.7063383	2176000	-1.4901161e-08	0.10660312	-0.034674577	-0.08841282	0.8487404	0.015041675	0.16525	70.0	308.10485196113586
272	0.8226005	0.1637966	1.1834347	0.65649134	1.5482988	-0.41814777	12.15	0.9258078	0.38849577	1.505324	-1.2554473	2184000	1.6298145e-08	0.09646717	-0.03586617	-0.07019094	0.83681333	0.015138105	0.161625	67.0	309.23791790008545
273	0.8047498	0.18867126	1.1437843	0.6958864	1.545762	-0.84393764	12.042453	0.89440155	0.3768833	1.5393012	-0.80079013	2192000	-3.7252903e-09	0.11851017	-0.03657782	-0.09452085	0.8315015	0.015032543	0.16800001	68.0	310.43761134147644
274	0.80593526	0.18748575	1.1567007	0.6797153	1.5810276	-0.68277645	11.946647	0.91391605	0.37543494	1.5013146	-0.8401903	2200000	0.0	0.13514602	-0.027230468	-0.10488972	0.838238	0.015144097	0.147	28.0	311.3913321495056
275	0.79007983	0.20297572	1.1269567	0.70377064	1.5495816	-0.3893189	11.881098	0.9262825	0.3564452	1.4586351	-0.70924175	2208000	9.546056e-09	0.12769175	-0.034331333	-0.09859559	0.8037718	0.01506646	0.157875	63.0	312.6160991191864
276	0.8390607	0.16093928	1.2031814	0.6445071	1.5515468	-0.6310674	12.312893	0.9440861	0.32556415	1.3701384	-0.908587	2216000	-9.313226e-10	0.09538388	-0.028118318	-0.069397554	0.8118461	0.015206497	0.13925	35.0	313.96555614471436
277	0.8043703	0.18937969	1.1526334	0.6779395	1.5484107	-0.68878716	12.009259	0.89499414	0.4043889	1.4231477	-0.95928925	2224000	7.450581e-09	0.12382319	-0.030194879	-0.104527034	0.81625855	0.015137531	0.15312499	34.0	315.21263432502747
278	0.8200136	0.16708961	1.1578385	0.6803064	1.553934	-0.79517823	12.528846	0.88915896	0.40606815	1.5831589	-0.8465564	2232000	0.0	0.11259653	-0.019098211	-0.08211539	0.8126029	0.015381595	0.13412501	17.0	316.1306138038635
279	0.8115214	0.18847853	1.1553864	0.6688886	1.5572656	-0.36521682	11.922256	0.9437732	0.3356911	1.5259299	-0.7598214	2240000	1.21071935e-08	0.09243214	-0.026202252	-0.067861445	0.80653584	0.015365329	0.1485	27.0	317.1309769153595
280	0.80602074	0.18802689	1.1405947	0.6959813	1.5766876	-0.82840127	12.122671	0.92299587	0.35206586	1.74571	-0.8006855	2248000	1.3038516e-08	0.0797807	-0.034628473	-0.056347147	0.83127344	0.015097777	0.146875	65.0	318.34754157066345
281	0.76286674	0.23055437	1.0697242	0.73431176	1.5426776	-0.82085115	11.848485	0.9019045	0.3947787	1.4945893	-0.9219518	2256000	-5.5879354e-09	0.13731651	-0.0334974	-0.10095695	0.86798716	0.0153736845	0.162375	54.0	319.43134021759033
282	0.80308783	0.18298025	1.1505828	0.69120395	1.6052469	-0.8607172	12.25	0.8574518	0.4411265	1.5471406	-0.71613824	2264000	7.450581e-09	0.11533049	-0.031119477	-0.09025056	0.8476492	0.015089104	0.147375	56.0	320.51087951660156
283	0.7811489	0.20569322	1.1019303	0.7247466	1.6052469	-0.81891096	12.009202	0.9257556	0.33832583	1.539362	-0.5920607	2272000	-3.7252903e-09	0.15387666	-0.023856947	-0.10969352	0.8422786	0.015199794	0.133875	27.0	321.5284581184387
284	0.86709356	0.1329064	1.2543037	0.58715636	1.6052469	-0.3249049	12.439543	0.92359227	0.35640636	1.3908613	-1.194753	2280000	-1.4901161e-08	0.108163774	-0.036203157	-0.08212559	0.8239038	0.012262394	0.154875	79.0	322.65790820121765
285	0.8592404	0.14075957	1.2474133	0.590121	1.5865031	-0.36021975	12.107813	0.97540176	0.2679792	1.8885664	-0.4942324	2288000	7.450581e-09	0.09806715	-0.03505904	-0.069881916	0.8064327	0.01448953	0.16525	79.0	323.8335003852844
286	0.90477234	0.09522765	1.321861	0.49930048	1.5539467	-0.28252956	12.706169	0.97191054	0.26627174	1.4002376	-0.56433886	2296000	-1.4901161e-08	0.063429624	-0.032682836	-0.04903619	0.80276823	0.0150027545	0.15575	58.0	324.9053063392639
287	0.8185934	0.1748277	1.181823	0.65339875	1.587168	-0.29167297	12.044478	0.9908589	0.26991767	1.525052	-0.38895008	2304000	-7.450581e-09	0.09636043	-0.034934543	-0.06261115	0.8239947	0.015038518	0.17675	78.0	326.06934881210327
288	0.827531	0.1655246	1.1897216	0.6560501	1.5572536	-1.1786985	12.330189	0.9455965	0.32546577	1.9218577	-0.4949824	2312000	-1.1175871e-08	0.10836193	-0.031937636	-0.06609012	0.8398515	0.015028769	0.15625	51.0	327.1142477989197
289	0.8054355	0.17479114	1.1716247	0.65406567	1.5531594	-0.32572633	12.374214	0.9172517	0.37640283	1.5489451	-0.9227252	2320000	1.3038516e-08	0.10395324	-0.033644345	-0.06448598	0.84598565	0.015083376	0.165375	72.0	328.26317977905273
290	0.7714286	0.21720779	1.1001331	0.72310764	1.5495836	-0.9345021	11.700892	0.91917455	0.3141367	1.3887086	-0.65038526	2328000	-7.450581e-09	0.13305119	-0.033995904	-0.102542445	0.8639062	0.0150466915	0.16637501	49.0	329.31166887283325
291	0.9120144	0.08798559	1.3349768	0.4980455	1.5503998	-0.4752341	12.643548	0.90806264	0.3512564	1.7029343	-1.0851249	2336000	7.450581e-09	0.09068571	-0.025216723	-0.07737012	0.80490196	0.015341945	0.12324999	33.0	330.3646833896637
292	0.8210527	0.16611841	1.1851865	0.6565665	1.5512847	-0.5194899	12.426282	0.9409465	0.33842066	1.6708149	-0.8568857	2344000	7.450581e-09	0.12004982	-0.036755875	-0.07958062	0.8394166	0.01483078	0.171125	79.0	331.4960708618164
293	0.8263315	0.16741854	1.1886197	0.66114634	1.5567918	-0.8142039	12.27673	0.93835056	0.3227869	1.7334398	-0.753947	2352000	1.4901161e-08	0.1207151	-0.029376525	-0.08555567	0.84025204	0.015218455	0.14725	36.0	332.5161085128784
294	0.8098001	0.1714186	1.1761838	0.66078985	1.5431403	-0.34659526	12.231366	0.9362283	0.32528192	2.3030353	-0.49281085	2360000	-3.7252903e-09	0.15205842	-0.038637307	-0.10813839	0.82411146	0.014493982	0.186625	79.0	333.6596474647522
295	0.8161099	0.17073223	1.1639019	0.69627285	1.554011	-0.9404739	12.114907	0.91137844	0.3509866	1.4120888	-0.59739995	2368000	-5.122274e-09	0.09527826	-0.03296255	-0.07811424	0.8665187	0.015182204	0.15525001	45.0	334.71537375450134
296	0.7887275	0.20469356	1.1376089	0.69639295	1.5505581	-0.7773203	11.766666	0.9193977	0.37607035	1.4784977	-0.9343376	2376000	1.4901161e-08	0.095632136	-0.021893263	-0.068980664	0.81867206	0.015197975	0.146125	21.0	335.6762912273407
297	0.80915344	0.17724365	1.1632456	0.6723618	1.5532748	-0.66457635	12.340764	0.8892172	0.38614428	1.7439644	-0.92403775	2384000	-1.8626451e-09	0.11594883	-0.03284886	-0.08821096	0.82191455	0.015160858	0.151375	64.0	336.78725719451904
298	0.77063715	0.20778546	1.1042405	0.7165802	1.549128	-0.3550119	11.910061	0.9269987	0.34322685	2.0329216	-1.0594736	2392000	3.7252903e-09	0.11886422	-0.038088284	-0.08256656	0.8164601	0.011258647	0.1735	79.0	337.9407420158386
299	0.8080967	0.1919033	1.1467038	0.6875024	1.5810276	-0.35265267	11.933735	0.87790364	0.39210555	1.61024	-0.91396546	2400000	1.8626451e-08	0.13537835	-0.03181117	-0.11446245	0.8100718	0.0150707	0.149375	44.0	339.0011029243469
300	0.8330357	0.16696429	1.2031348	0.63064075	1.5810276	-0.39624527	12.167702	0.97530574	0.28683195	1.645462	-0.72422147	2408000	-4.656613e-09	0.09561607	-0.024909496	-0.07305759	0.8063134	0.015081128	0.144125	22.0	339.9386320114136
301	0.7660819	0.20848997	1.0887375	0.7268544	1.5546551	-0.8234767	12.215838	0.9126799	0.37152034	1.7146993	-1.1350943	2416000	-1.6763806e-08	0.14515352	-0.03799332	-0.11396965	0.82245994	0.015201701	0.182	74.0	341.1218755245209
302	0.8047942	0.19520582	1.1463616	0.6777185	1.5655639	-0.40849298	11.825301	0.9103119	0.34941873	1.6573602	-0.57048345	2424000	1.1175871e-08	0.115856364	-0.03879033	-0.081340246	0.7991565	0.014289352	0.162125	79.0	342.25756096839905
303	0.8026629	0.16473475	1.148768	0.6916828	1.6052469	-1.1141459	12.570513	0.92174673	0.35300505	1.9805232	-0.8142401	2432000	-1.6763806e-08	0.1414445	-0.028837504	-0.088558465	0.8056092	0.015392742	0.14462501	32.0	343.26508831977844
304	0.75865376	0.22247	1.0612674	0.74759775	1.608051	-0.80128354	12.175	0.83864003	0.40086192	1.4776101	-0.92637134	2440000	1.4901161e-08	0.14406742	-0.036139585	-0.1043238	0.84503007	0.0150492415	0.15775	62.0	344.35072588920593
305	0.8133172	0.18043286	1.1671889	0.6500891	1.5740968	-0.3429209	12.003105	0.9134036	0.35589546	1.6582605	-0.6274406	2448000	-3.7252903e-09	0.09042752	-0.037214726	-0.055068325	0.8038588	0.015040871	0.15775	67.0	345.4892861843109
306	0.8203553	0.16493884	1.173475	0.6711043	1.564809	-0.80250764	12.48718	0.9105303	0.37899315	1.5017473	-0.89903677	2456000	-3.7252903e-09	0.10444011	-0.023452263	-0.08321665	0.8238862	0.015200766	0.126	23.0	346.46032667160034
307	0.795483	0.19856459	1.129886	0.6969075	1.6032162	-0.39776272	12.019938	0.9058959	0.34544826	1.4265845	-0.9505348	2464000	3.7252903e-09	0.13082892	-0.03764097	-0.08992401	0.8027349	0.014522734	0.1605	79.0	347.63982701301575
308	0.89263785	0.100783214	1.3076327	0.53532803	1.5452974	-0.595166	12.5	0.9599366	0.30189013	1.6076663	-0.62348235	2472000	-9.313226e-09	0.08826055	-0.03635843	-0.06964696	0.7999046	0.011729293	0.15349999	79.0	348.8775141239166
309	0.84672725	0.13897537	1.2241347	0.6336271	1.6052469	-0.78571635	12.18125	0.9889545	0.2472445	1.3495996	-0.4210504	2480000	0.0	0.14261176	-0.03462329	-0.114101835	0.7900408	0.013761052	0.178125	79.0	350.0120391845703
310	0.83599055	0.16400945	1.2111884	0.6225739	1.5523776	-0.27927426	12.015528	0.93918556	0.340541	1.3403307	-1.0964895	2488000	5.5879354e-09	0.11251486	-0.027183538	-0.088359594	0.7942653	0.015021125	0.132	38.0	351.1063208580017
311	0.8452068	0.14854324	1.2425841	0.58838624	1.6052469	-0.5174362	12.235937	0.9761691	0.2911333	1.4595523	-0.43383485	2496000	-1.8626451e-09	0.101310216	-0.031569287	-0.05763088	0.7821082	0.015048883	0.149125	69.0	352.20494270324707
312	0.85170215	0.13477443	1.2379346	0.61302614	1.5497638	-0.8010306	12.551613	0.95168287	0.29760826	1.5809429	-1.2693188	2504000	7.450581e-09	0.10060055	-0.02991568	-0.07337681	0.80193114	0.015007338	0.151	41.0	353.30200147628784
313	0.81265664	0.17418545	1.1631429	0.68234855	1.5460964	-0.83774126	12.246875	0.92610246	0.34691292	1.4633772	-0.8210269	2512000	-3.7252903e-09	0.07418877	-0.036022775	-0.052447755	0.8456497	0.0150131965	0.16137499	66.0	354.3909606933594
314	0.8757044	0.11077219	1.280123	0.5629134	1.5524164	-0.7954754	12.567307	0.9473732	0.33249667	1.3994534	-1.1586633	2520000	1.8626451e-09	0.07067986	-0.03387016	-0.043144956	0.8071724	0.0150219435	0.161625	58.0	355.5539925098419
315	0.84167665	0.14443448	1.2078496	0.6507804	1.5529512	-1.2455422	12.5625	0.90564626	0.3684195	1.419488	-1.1121697	2528000	1.4901161e-08	0.116788864	-0.015445372	-0.0675431	0.79483056	0.01523049	0.136875	10.0	356.611923456192
316	0.8255112	0.16823879	1.1901152	0.6584595	1.5512335	-0.84114295	12.1424055	0.90794724	0.363003	1.4563278	-0.7288257	2536000	-9.313226e-10	0.07951073	-0.020612098	-0.058810543	0.8276911	0.01536431	0.13862501	20.0	357.7993075847626
317	0.85652673	0.13064432	1.239	0.61101127	1.589187	-0.8181174	12.533654	0.89886624	0.37355176	1.3387464	-0.95620096	2544000	7.450581e-09	0.10441254	-0.034011733	-0.069186404	0.8153293	0.015058204	0.1615	62.0	359.0525164604187
318	0.8209627	0.17903727	1.182205	0.6678711	1.5810276	-0.34118178	11.718373	1.0004373	0.25303882	2.1855514	-0.71626484	2552000	1.4901161e-08	0.08720867	-0.03545487	-0.070596665	0.8183924	0.015094768	0.17325	74.0	360.38087797164917
319	0.8127985	0.18095148	1.1569605	0.69293875	1.5572947	-0.8038772	11.96118	0.9120233	0.39432576	1.4890456	-1.3882279	2560000	9.313226e-09	0.088073775	-0.03697741	-0.066142626	0.84239376	0.012506213	0.16637501	79.0	361.76528763771057
320	0.84893775	0.13713032	1.2302788	0.6306391	1.5503553	-0.84094936	12.30414	0.90549636	0.3973791	1.4596862	-1.0132078	2568000	8.381903e-09	0.10624731	-0.026929162	-0.08925483	0.80637234	0.015027188	0.1285	33.0	362.8439085483551
321	0.7826892	0.2173108	1.1107895	0.7156821	1.5570964	-0.41957095	11.780675	0.92208886	0.35789058	1.4822489	-0.79544616	2576000	-1.0244548e-08	0.12944251	-0.038717274	-0.09521055	0.83996683	0.01330084	0.1715	79.0	364.1102111339569
322	0.77862126	0.22137874	1.1063079	0.72092324	1.546737	-0.38225862	11.718182	0.9181288	0.34397405	1.3867592	-0.89526916	2584000	7.450581e-09	0.110773414	-0.032708522	-0.094703406	0.80817914	0.015042244	0.148875	50.0	365.1459801197052
323	0.7975664	0.20243365	1.139517	0.6911242	1.552902	-0.37455142	11.808735	0.91627467	0.3660391	1.5703621	-0.84906363	2592000	1.1175871e-08	0.113483176	-0.031672657	-0.091737516	0.8178139	0.015089437	0.146	50.0	366.25422716140747
324	0.7895411	0.20351444	1.1179521	0.7125899	1.5451462	-0.8749664	11.879573	0.91637063	0.35395363	1.466162	-0.9785423	2600000	-1.1175871e-08	0.12406735	-0.03888791	-0.09623955	0.83663523	0.013439146	0.1725	79.0	367.3887677192688
325	0.78162295	0.20367119	1.1126287	0.70055294	1.5597962	-0.6738633	11.947531	0.9340559	0.32275626	1.9009043	-1.0234923	2608000	1.8626451e-09	0.124330506	-0.03989979	-0.0743708	0.8113076	0.012823646	0.191375	79.0	368.568407535553
326	0.82661915	0.17338091	1.1925912	0.6512548	1.5483775	-0.32943666	11.845454	0.9283583	0.30594224	1.4253352	-0.82303995	2616000	-3.7252903e-09	0.10797799	-0.038069084	-0.092800595	0.8087546	0.0145310415	0.160375	79.0	369.7021734714508
327	0.8034971	0.19025287	1.1474177	0.6794284	1.594708	-0.39470142	11.929878	0.934922	0.3348051	1.7262224	-1.22403	2624000	7.450581e-09	0.13415782	-0.03339641	-0.1017812	0.78587306	0.015043748	0.1425	57.0	370.7980008125305
328	0.84077907	0.14533207	1.2027506	0.645673	1.5512398	-0.80492026	12.643548	0.92592585	0.3624496	1.8819311	-0.7377041	2632000	1.4901161e-08	0.09175819	-0.036703937	-0.07711171	0.8183887	0.015003188	0.16562499	70.0	371.9209153652191
329	0.8252891	0.16846094	1.1927567	0.6388788	1.5865031	-0.34181947	11.90606	0.9421226	0.32327947	1.7644916	-0.62877357	2640000	-5.5879354e-09	0.08776749	-0.029836245	-0.065268874	0.78640497	0.015047845	0.149625	40.0	372.964613199234
330	0.8342366	0.15881893	1.2010334	0.6422717	1.5552974	-0.47745043	12.450637	0.9668335	0.2889002	1.6644235	-0.9303597	2648000	-2.6077032e-08	0.08000828	-0.034580994	-0.055108614	0.82027733	0.010676398	0.1595	79.0	374.12191224098206
331	0.7475792	0.24584189	1.0631196	0.7256942	1.6052469	-0.41866145	11.572485	0.94440484	0.32323176	1.6270506	-0.6688354	2656000	0.0	0.12804955	-0.02415295	-0.09313169	0.80702055	0.015050486	0.140375	23.0	375.1061968803406
332	0.8858586	0.10719697	1.305969	0.54196346	1.5975	-0.3771067	12.218554	0.9261837	0.33373028	1.949904	-0.9496382	2664000	1.4901161e-08	0.13653195	-0.029927637	-0.10636318	0.79845834	0.015482612	0.14375001	49.0	376.13890743255615
333	0.8679093	0.118201755	1.2690346	0.5670773	1.6072656	-0.41161767	12.69702	0.9252021	0.32754454	1.4320511	-0.6914735	2672000	7.450581e-09	0.107638225	-0.030662224	-0.07437996	0.7721595	0.01504684	0.146	39.0	377.167804479599
334	0.8298075	0.17019254	1.1978824	0.6394625	1.5501462	-0.6129477	12.092592	0.96964264	0.24559692	1.6162006	-0.64848024	2680000	-1.3969839e-08	0.11176507	-0.03288351	-0.06448079	0.83297074	0.015115478	0.16225001	47.0	378.19955706596375
335	0.8517858	0.14821428	1.2424427	0.5970108	1.5865031	-0.33698052	11.967592	0.9662528	0.25622734	1.3633562	-0.5547066	2688000	1.8626451e-09	0.072622165	-0.034834597	-0.043672442	0.7929124	0.012579546	0.15474999	79.0	379.3710732460022
336	0.8415257	0.14531642	1.2288002	0.6077078	1.5543064	-0.28391147	12.367834	0.96127504	0.2829056	1.4493783	-0.50369114	2696000	1.4901161e-08	0.10114991	-0.03522356	-0.0686114	0.82448685	0.009737963	0.15887499	79.0	380.5037007331848
337	0.8311304	0.15604067	1.2017171	0.63949966	1.5767013	-0.72623104	12.218554	0.97247756	0.28601453	1.3988085	-0.96502376	2704000	2.6077032e-08	0.11800511	-0.036337666	-0.086738296	0.81726426	0.015083196	0.17375	75.0	381.66654777526855
338	0.8434735	0.14994757	1.2280658	0.60887	1.5466511	-0.44735473	11.995341	0.96864	0.2625592	1.7735531	-0.5088465	2712000	2.2351742e-08	0.09192926	-0.029921886	-0.061828308	0.7913351	0.015079006	0.14875	32.0	382.6347019672394
339	0.82613206	0.16692346	1.1865598	0.6532075	1.5641569	-0.37561476	12.070988	0.94310826	0.3156039	1.5568223	-1.395023	2720000	1.1175871e-08	0.103373155	-0.024208734	-0.07051884	0.8029978	0.015176801	0.14	22.0	383.62510800361633
340	0.8206041	0.1589281	1.190917	0.6656936	1.5504663	-0.9068171	12.383758	0.9079281	0.37067583	1.4862765	-1.308173	2728000	7.450581e-09	0.09233403	-0.017320085	-0.0718537	0.8317667	0.015112064	0.13087499	12.0	384.51818346977234
341	0.8276667	0.1588099	1.1848984	0.66474104	1.5643814	-0.75671285	12.281446	0.88338464	0.41782522	1.4010811	-0.9357393	2736000	-1.4901161e-08	0.12528613	-0.033949263	-0.093712635	0.82998383	0.015124033	0.15224999	66.0	385.65236711502075
342	0.8151259	0.17204517	1.1811426	0.6566386	1.550323	-0.32668683	12.034162	0.9195205	0.363144	1.4353347	-0.7455627	2744000	3.7252903e-09	0.11488342	-0.019413173	-0.07619547	0.78059614	0.015316258	0.124	15.0	386.55826234817505
343	0.84280574	0.1283748	1.2224264	0.64186186	1.5538042	-0.830749	12.338141	0.9069036	0.38362166	1.3418969	-0.8769703	2752000	1.8626451e-09	0.11674665	-0.03419377	-0.08875345	0.8169035	0.0150633305	0.169125	54.0	387.6537866592407
344	0.8197212	0.16744988	1.1859181	0.6547703	1.5508608	-0.7260535	12.178125	0.92008704	0.35562232	1.5862756	-0.9092694	2760000	7.450581e-09	0.09899259	-0.030815393	-0.06610018	0.7974441	0.015232215	0.15512499	51.0	388.7103943824768
345	0.83413905	0.158508	1.1932578	0.64192134	1.5561718	-0.7044948	12.221698	0.88182205	0.41003618	1.8453666	-1.4573509	2768000	-3.7252903e-09	0.1475489	-0.026778297	-0.09769566	0.80354714	0.015122957	0.150875	30.0	389.7182204723358
346	0.783537	0.21646303	1.1183479	0.7013493	1.5603998	-0.3793045	11.627246	0.90236044	0.3441403	1.5528793	-0.7363038	2776000	-5.5879354e-09	0.10124009	-0.033100057	-0.06621487	0.80552995	0.015010983	0.156375	45.0	390.7327151298523
347	0.75	0.25	1.072961	0.72912097	1.5810276	-0.40539992	11.177143	0.920093	0.35647613	1.603478	-1.453879	2784000	-1.1175871e-08	0.11461239	-0.038822368	-0.07291567	0.81510174	0.013551545	0.167	79.0	391.91473388671875
348	0.76801753	0.21972173	1.0818341	0.7355498	1.5659374	-0.836047	11.526628	0.8772003	0.38625556	1.6791184	-1.8296423	2792000	7.450581e-09	0.11167126	-0.042218532	-0.07879645	0.8533283	0.014131622	0.18900001	79.0	393.06363582611084
349	0.78494036	0.20223072	1.13194	0.6966797	1.552902	-0.33272135	11.783133	0.9331217	0.33512932	1.3947077	-1.0660379	2800000	1.1175871e-08	0.11342895	-0.02653516	-0.075914234	0.7901819	0.015105806	0.133	25.0	394.05998134613037
350	0.78946376	0.19800496	1.1376207	0.6896668	1.6	-0.81284714	12.060185	0.91852623	0.36885497	1.9341421	-1.7633262	2808000	-9.313226e-09	0.11496182	-0.0319847	-0.07006393	0.8358762	0.015042519	0.155875	38.0	395.07633423805237
351	0.80398655	0.19006109	1.1511254	0.6814248	1.5529512	-0.7324641	11.859091	0.8538167	0.3998901	1.3916438	-0.9478384	2816000	-1.1175871e-08	0.12273172	-0.039657	-0.08346657	0.79711795	0.014229619	0.172625	79.0	396.25867080688477
352	0.7919688	0.1948367	1.1251307	0.6988239	1.5448622	-0.85340714	11.996914	0.94226277	0.30216226	1.5405624	-0.56336427	2824000	1.8626451e-08	0.10329403	-0.035457328	-0.076126784	0.80974305	0.0150531605	0.1615	58.0	397.4865188598633
353	0.79052794	0.20322205	1.1317555	0.6967555	1.6078428	-0.9701934	11.722892	0.9244711	0.33528113	1.672426	-0.91007864	2832000	9.313226e-10	0.123256505	-0.036614146	-0.07589932	0.80886924	0.015415295	0.16887501	49.0	398.55745697021484
354	0.7277883	0.2454921	1.0089376	0.78711885	1.6052469	-0.90331614	11.920732	0.86262417	0.37856138	1.5264649	-1.0602065	2840000	7.450581e-09	0.14020145	-0.042200446	-0.08729763	0.86241597	0.0127799455	0.181875	79.0	399.707622051239
355	0.8171663	0.17688133	1.1701996	0.6737227	1.5583668	-0.7834253	11.759036	0.9090927	0.32834834	1.5369042	-1.0292661	2848000	-2.3283064e-09	0.14234078	-0.039564896	-0.08199713	0.80326724	0.013317895	0.17424999	79.0	400.8847756385803
356	0.8258029	0.14715026	1.1875117	0.6747555	1.6052469	-0.88887197	12.33805	0.94473535	0.35088938	2.1411505	-0.978113	2856000	1.8626451e-08	0.17422554	-0.03920591	-0.12253293	0.8280686	0.010786366	0.160125	79.0	402.13540625572205
357	0.8554355	0.13798559	1.2499642	0.58736026	1.608051	-0.27365845	12.330696	0.93091047	0.32938892	1.4669406	-0.8825438	2864000	6.519258e-09	0.112045646	-0.037242003	-0.08197987	0.7969262	0.01507425	0.17912501	69.0	403.2499589920044
358	0.84258074	0.14381635	1.2137784	0.6347347	1.5485168	-0.7437761	12.349684	0.9831038	0.2672249	1.5838368	-0.33348572	2872000	1.4901161e-08	0.10442648	-0.03453325	-0.08057177	0.8156892	0.015046699	0.15637499	56.0	404.40834879875183
359	0.8951855	0.10481459	1.3128932	0.5134031	1.6053554	-0.33568388	12.391026	0.97527254	0.2533574	1.3724753	-0.77723217	2880000	-2.9802322e-08	0.07760693	-0.034051254	-0.060992308	0.7688784	0.015350016	0.16775	66.0	405.5094690322876
360	0.8275846	0.17241542	1.2001747	0.6401596	1.5568587	-0.6681176	12.157812	0.98284566	0.2858675	1.4632939	-0.6302347	2888000	-2.4214387e-08	0.08805268	-0.038360734	-0.050873592	0.8084327	0.014083257	0.17300001	79.0	406.80644607543945
361	0.8322739	0.16772614	1.21357	0.6274352	1.5448159	-0.33917147	11.839394	0.9492416	0.2897851	1.3892682	-0.64944065	2896000	0.0	0.084309794	-0.03424848	-0.05819175	0.78045845	0.0150914565	0.16212499	57.0	407.9030921459198
362	0.89234024	0.101080835	1.3110962	0.51766616	1.557574	-0.29701626	12.464968	0.964908	0.29640758	2.5461051	-0.67384154	2904000	1.4901161e-08	0.07183333	-0.037024688	-0.05411305	0.7687013	0.013063091	0.17575	79.0	409.09084463119507
363	0.7798706	0.21355039	1.1001699	0.73231393	1.5684752	-1.3848517	11.729042	0.99286175	0.25789315	1.4753851	-0.24519435	2912000	7.450581e-09	0.15794489	-0.028281145	-0.10296859	0.78486276	0.015144251	0.138375	32.0	410.0749478340149
364	0.8156575	0.1591849	1.1766222	0.6755796	1.5516964	-0.7967246	12.159375	0.90426904	0.34556338	1.4565048	-0.77939415	2920000	-3.7252903e-09	0.16876124	-0.03888362	-0.14363901	0.8219149	0.013527012	0.1585	79.0	411.2707438468933
365	0.8438436	0.15615647	1.2228355	0.62319064	1.5588089	-0.31382892	11.9382715	0.9890371	0.26163337	1.5989394	-1.8491011	2928000	-1.3038516e-08	0.08895679	-0.038057026	-0.068429366	0.786539	0.015020207	0.166875	65.0	412.3686411380768
366	0.8298972	0.17010282	1.2058588	0.6298451	1.5535882	-0.26873842	11.904908	0.957088	0.32556227	1.9740794	-0.63878596	2936000	-1.4901161e-08	0.07140647	-0.03546459	-0.04547529	0.7702805	0.015003299	0.15687501	78.0	413.5619502067566
367	0.8276316	0.15921053	1.1966727	0.6460318	1.5529512	-0.3814743	12.221875	0.97413874	0.28133294	1.4170359	-0.9180873	2944000	1.8626451e-08	0.12499403	-0.03756977	-0.07615514	0.80524373	0.010884878	0.158625	79.0	415.0802252292633
368	0.7573009	0.21660781	1.0821745	0.7382652	1.5502124	-0.686382	11.901515	0.84846133	0.44696856	1.4365938	-1.1298537	2952000	7.450581e-09	0.13866842	-0.037358187	-0.09247204	0.7949401	0.012447856	0.17412499	79.0	416.4178762435913
369	0.7731331	0.22686689	1.0989512	0.71940225	1.5659965	-0.4294221	11.498529	0.8941125	0.3253247	1.5585691	-0.7343879	2960000	7.450581e-09	0.10550438	-0.03729371	-0.083444916	0.8164289	0.015033804	0.1685	55.0	417.5098478794098
370	0.75313264	0.23466496	1.0799128	0.7313707	1.551353	-0.8795903	11.4205885	0.8956315	0.39384288	1.4899507	-1.1544952	2968000	-3.7252903e-09	0.1234009	-0.022654582	-0.09303203	0.80447567	0.016222913	0.122625	19.0	418.44524025917053
371	0.76271117	0.21902515	1.0756252	0.74354446	1.5810276	-1.1517222	11.75	0.8500698	0.40760806	1.5157675	-1.416952	2976000	-1.3038516e-08	0.14290786	-0.025653377	-0.10473111	0.81136876	0.015253244	0.163	25.0	419.4344654083252
372	0.8047135	0.18870756	1.1552331	0.6824616	1.5521677	-0.655169	11.814417	0.88034034	0.38391113	1.5722456	-0.86591476	2984000	-1.1175871e-08	0.12114159	-0.036995284	-0.09426585	0.80586094	0.015080857	0.169125	58.0	420.4920542240143
373	0.7936202	0.19980079	1.1353456	0.6973596	1.6052469	-0.70537984	11.501506	0.89677984	0.37239495	1.8025104	-1.2062695	2992000	3.7252903e-09	0.1284813	-0.024231369	-0.08376405	0.78645414	0.015349917	0.13675	24.0	421.52925753593445
374	0.8446208	0.15537918	1.2185448	0.61362827	1.6052469	-0.4311116	12.238924	0.9146955	0.34824458	1.7482309	-0.69587696	3000000	1.4901161e-08	0.10875471	-0.029387208	-0.07524221	0.7963525	0.015292581	0.13225	34.0	422.53231143951416
375	0.7653815	0.21521065	1.0875027	0.723542	1.5865031	-0.852219	11.792169	0.94791615	0.3339797	1.5135332	-1.4235802	3008000	-5.122274e-09	0.1365737	-0.03696421	-0.10043633	0.7950781	0.015206394	0.160875	61.0	423.70535373687744
376	0.8393954	0.15402569	1.2043331	0.6332786	1.566264	-0.9845948	12.282812	0.8866287	0.38188204	2.0831807	-1.0105898	3016000	-3.7252903e-09	0.1667302	-0.025891375	-0.11795784	0.78693134	0.015178643	0.129875	23.0	424.6597237586975
377	0.82872665	0.16469441	1.1897945	0.6541501	1.5572656	-0.79987264	12.167702	0.9446855	0.3245086	1.4527941	-1.225149	3024000	1.1641532e-10	0.08122954	-0.038097557	-0.05691761	0.8086273	0.012543215	0.16125	79.0	425.8947901725769
378	0.7961514	0.19759862	1.1290314	0.708316	1.6052469	-0.8145535	11.818182	0.9169484	0.36586568	1.3927219	-0.7714108	3032000	-1.7695129e-08	0.12802982	-0.038493525	-0.08882043	0.7993315	0.013456972	0.176875	79.0	427.03147864341736
379	0.86834985	0.13165015	1.2606038	0.59357345	1.5466964	-0.43672892	12.052469	0.9331913	0.31777364	1.8247651	-0.98866045	3040000	2.7939677e-09	0.100945786	-0.03763204	-0.0689479	0.7746483	0.0151050445	0.166125	71.0	428.18200063705444
380	0.8577068	0.14229324	1.2501485	0.59160256	1.6052469	-0.3831679	11.862122	0.9821069	0.2481335	1.568501	-0.4395492	3048000	7.450581e-09	0.084520765	-0.03553372	-0.047093146	0.7612921	0.012299244	0.153	79.0	429.3150029182434
381	0.8243735	0.16243213	1.193145	0.6396556	1.6053554	-0.3897923	12.398734	0.9560698	0.28662413	1.5571201	-0.73025215	3056000	-2.2351742e-08	0.13147667	-0.037253223	-0.086126074	0.807013	0.013522843	0.1665	79.0	430.49454522132874
382	0.8391865	0.15386905	1.2196348	0.6323116	1.5865031	-1.0544505	12.007716	0.93763053	0.31477123	1.4208996	-1.0552983	3064000	1.1175871e-08	0.093001455	-0.038203515	-0.05992399	0.7644494	0.013120614	0.1645	79.0	431.63030314445496
383	0.8883616	0.11163848	1.2941368	0.55432475	1.5553017	-0.45749846	12.31051	0.98002493	0.27263555	1.3952847	-0.63165796	3072000	-3.7252903e-09	0.07533993	-0.03481297	-0.04468685	0.7761968	0.01506659	0.165375	63.0	432.7466650009155
384	0.8309994	0.16242167	1.2057028	0.6384948	1.5538307	-0.44434705	12.14375	0.9438618	0.32170126	1.3592579	-0.88578236	3080000	-1.9092113e-08	0.08925694	-0.037578028	-0.056195438	0.77197146	0.014937821	0.17025	79.0	433.88891100883484
385	0.8906433	0.10241228	1.3108716	0.52435017	1.5518177	-0.3373461	12.598387	0.98211145	0.271454	1.3740778	-0.64732456	3088000	2.7939677e-09	0.10385586	-0.01960884	-0.060316693	0.76587963	0.0153856715	0.1255	19.0	434.8707377910614
386	0.8855263	0.114473686	1.2929373	0.54403603	1.5628234	-0.51278824	12.506452	0.97614187	0.24351387	1.4737824	-0.8435534	3096000	-3.7252903e-09	0.07489216	-0.03753137	-0.043054182	0.76933414	0.012386222	0.17425	79.0	436.01805806159973
387	0.8475251	0.14652255	1.2267864	0.62010294	1.5558846	-0.41192147	12.257862	0.9809213	0.25716108	1.3835572	-0.7347859	3104000	7.450581e-09	0.091708094	-0.03386942	-0.07492315	0.7799077	0.015041201	0.166625	59.0	437.12625432014465
388	0.87411237	0.12588763	1.2818172	0.560263	1.5625356	-0.32350007	12.35828	0.9792143	0.2689409	1.4505587	-0.49822253	3112000	2.2351742e-08	0.079836026	-0.02006711	-0.061691936	0.76899874	0.015224079	0.13725	16.0	438.0436291694641
389	0.85718036	0.12929624	1.2416327	0.6196912	1.5529468	-1.2806519	12.369427	0.9763346	0.3044399	1.4748906	-1.2902737	3120000	-5.5879354e-09	0.109615296	-0.030041762	-0.064984135	0.7585563	0.015042866	0.137875	41.0	439.10815834999084
390	0.83890975	0.14789578	1.2150437	0.62741655	1.5519042	-0.39067757	12.601307	0.9166829	0.35071823	1.7627999	-0.6905259	3128000	-2.6077032e-08	0.122660585	-0.038186774	-0.08131434	0.7829842	0.0146551	0.165625	79.0	440.27320194244385
391	0.8485276	0.14522243	1.234736	0.61111885	1.5526633	-0.4664198	12.398089	0.9131903	0.34623075	1.7226931	-1.2069286	3136000	2.0489097e-08	0.11129488	-0.027150117	-0.09061052	0.78517246	0.015061287	0.1345	28.0	441.28834772109985
392	0.86065686	0.13934314	1.2510363	0.59365267	1.5482819	-0.33055618	12.39172	0.9890039	0.26560998	1.5646678	-0.5071825	3144000	7.450581e-09	0.09779226	-0.02048327	-0.07253701	0.7608674	0.015314186	0.121125	17.0	442.22542929649353
393	0.8039154	0.19608462	1.1461663	0.68253726	1.5533605	-0.4319752	12.085403	0.9232195	0.32874727	1.6342142	-0.55865145	3152000	-1.1175871e-08	0.12936796	-0.037523195	-0.09521736	0.8063059	0.015172295	0.15425	53.0	443.36038184165955
394	0.8108866	0.17720865	1.1566613	0.69046944	1.5526553	-0.631309	12.049383	0.9282384	0.3532766	1.4041344	-1.4517968	3160000	0.0	0.10351447	-0.038817786	-0.08185069	0.8139478	0.0074172327	0.163625	79.0	444.49937295913696
395	0.8704243	0.11518425	1.2444259	0.60664254	1.5447581	-0.9370691	12.730645	0.9379945	0.32280174	1.9186314	-0.92931783	3168000	0.0	0.13326024	-0.03657548	-0.10543736	0.8004676	0.015163969	0.16800001	47.0	445.5681827068329
396	0.80441636	0.16853687	1.1491499	0.6988206	1.5553998	-0.68080294	12.271875	0.97614884	0.30871415	1.4437641	-0.7706568	3176000	1.5832484e-08	0.16006656	-0.04234757	-0.10998376	0.8146062	0.015252741	0.183	74.0	446.6974718570709
397	0.8594925	0.14050752	1.2482995	0.6027606	1.6	-0.40209022	12.050926	0.9050443	0.32196027	1.6306773	-1.0252625	3184000	-7.450581e-09	0.09717995	-0.034658294	-0.07199997	0.7716809	0.015101832	0.15224999	55.0	447.78297305107117
398	0.87779343	0.11562762	1.2705445	0.568872	1.5483605	-0.4532516	12.705592	0.9694363	0.28268614	1.526901	-0.58048517	3192000	2.2351742e-08	0.07792122	-0.0358397	-0.0559313	0.80292463	0.015011838	0.156375	66.0	448.9028968811035
399	0.8236291	0.16207355	1.1838598	0.65788037	1.5563198	-0.7812717	12.339172	0.93579787	0.3324943	1.3933699	-1.240134	3200000	-8.1490725e-09	0.08410744	-0.025067728	-0.053625897	0.7936686	0.015098928	0.12674999	26.0	450.3543794155121
