Epoch	SuccessRate	CollRate	AverageEpRet	StdEpRet	MaxEpRet	MinEpRet	EpLen	AverageVVals	StdVVals	MaxVVals	MinVVals	TotalEnvInteracts	LossPi	LossV	LossDist	DeltaLossPi	DeltaLossV	Entropy	KL	ClipFrac	StopIter	Time
0	0.0	0.22695884	-0.639688	0.18532342	-0.21924803	-1.0871478	25.13254	0.0739951	0.055642076	0.26031518	-0.065482646	32000	-3.4468248e-06	0.12666315	0.028512958	-0.022712115	-0.111662306	2.8185787	0.015043826	0.348625	18.0	15.493584632873535
1	0.0	0.39258513	-0.4550843	0.15065895	-0.05972448	-0.9442454	22.659681	-0.2547849	0.06619968	0.15392604	-0.4047183	64000	5.6969e-06	0.016458675	0.028220393	-0.022511505	-0.0068583824	2.8198638	0.01510487	0.3431875	23.0	32.105571031570435
2	0.0	0.3739147	-0.2976414	0.13617894	0.064379245	-0.75498414	21.967087	-0.17242196	0.08276477	0.17880866	-0.32950547	96000	5.9660524e-06	0.014306635	0.027923487	-0.029397864	-0.005224594	2.790945	0.017593348	0.25156248	14.0	46.84878754615784
3	0.01032115	0.41799515	-0.14701834	0.19997787	1.2832949	-0.6203177	20.581152	-0.114759214	0.05150168	0.07483161	-0.22497115	128000	6.336719e-06	0.021136668	0.027494062	-0.023350272	-0.005219264	2.7481656	0.015968898	0.29309374	9.0	60.54362916946411
4	0.061256386	0.5675246	-0.04052711	0.3529273	1.3959645	-0.43486133	17.661112	-0.048552673	0.052693326	0.13276815	-0.20840272	160000	-4.2431056e-06	0.066249505	0.026829502	-0.008479441	-0.008889504	2.6814587	0.015243581	0.40678126	10.0	74.4015007019043
5	0.11031062	0.65205055	0.028966492	0.45896742	1.415342	-0.38297737	14.591959	0.0047380277	0.083828226	0.30049568	-0.22322595	192000	-4.021451e-06	0.1295886	0.025816018	-0.007220262	-0.020670587	2.5803597	0.01401222	0.09734375	79.0	103.77748703956604
6	0.08048001	0.6916456	-0.03943547	0.41139373	1.4568722	-0.60921913	12.979064	0.012328319	0.11840614	0.47226274	-0.3613762	224000	-9.350479e-06	0.13325396	0.0250661	-0.006380815	-0.030984074	2.5055542	0.00991642	0.055656247	79.0	133.05468726158142
7	0.16019768	0.61962867	0.10062264	0.53637916	1.4239906	-0.42425442	14.559743	-0.0067239534	0.13879086	0.44301146	-0.5320235	256000	8.996576e-06	0.18709743	0.02545328	-0.0070305914	-0.042567495	2.544406	0.010579685	0.0919375	79.0	162.3782353401184
8	0.110827684	0.72464705	0.026424885	0.46564826	1.4590647	-0.4751111	11.8497	0.07335807	0.15238653	0.61113507	-0.46220404	288000	6.482005e-06	0.15894696	0.024937823	-0.0084972195	-0.029608326	2.492608	0.012019242	0.09396875	79.0	191.92139768600464
9	0.12421799	0.722305	0.03883889	0.49124423	1.4277853	-0.45411184	11.707281	0.051191695	0.14310823	0.6639875	-0.31563482	320000	3.632158e-06	0.17789957	0.0251685	-0.0057741986	-0.04170928	2.5158215	0.008981505	0.04446875	79.0	221.27774286270142
10	0.09839463	0.7542918	0.0021537247	0.45202073	1.4986753	-0.5558791	10.842159	0.09635362	0.16985674	0.7761864	-0.43791342	352000	6.360933e-06	0.16579504	0.024911452	-0.0066865403	-0.02843668	2.490035	0.009894716	0.06415625	79.0	250.5507583618164
11	0.13142627	0.6787633	0.0523867	0.499103	1.4380713	-0.38050276	12.996732	0.018748656	0.13030824	0.5081919	-0.41222796	384000	3.0100346e-06	0.16139586	0.02515664	-0.0071005803	-0.026047893	2.5146008	0.009553481	0.05975	79.0	279.8906321525574
12	0.15172106	0.67215097	0.094808415	0.53516006	1.4479365	-0.36797532	12.97586	0.053484544	0.1482385	0.58911973	-0.4571265	416000	2.2035092e-06	0.18219292	0.02483217	-0.006787404	-0.035692163	2.481895	0.0071962345	0.048062503	79.0	309.43215680122375
13	0.14700165	0.6757995	0.08574152	0.5317045	1.4494611	-0.4273123	12.261664	0.09725984	0.17740408	0.8073219	-0.5515454	448000	-9.408221e-06	0.18492073	0.024420638	-0.006592924	-0.0360709	2.4405231	0.007411713	0.046906248	79.0	338.8335099220276
14	0.16929887	0.62584877	0.12333346	0.55480695	1.4441994	-0.54456085	14.19186	0.07320462	0.18129987	0.9571598	-0.4189741	480000	-1.4700927e-05	0.17841569	0.024594061	-0.008331608	-0.03579731	2.4573364	0.010475346	0.075375	79.0	368.32561111450195
15	0.09913091	0.71775675	0.009885573	0.448448	1.4656608	-0.4314933	11.929699	0.07554781	0.15306368	0.7766147	-0.36601728	512000	-2.390705e-06	0.14456816	0.024288107	-0.007363325	-0.028434575	2.4262054	0.0066649374	0.0483125	79.0	397.84741163253784
16	0.16886982	0.67373824	0.11641528	0.5571221	1.4563055	-0.36433795	12.185769	0.022573642	0.14808457	0.62894046	-0.41220495	544000	-5.914364e-06	0.20526962	0.02425718	-0.008462217	-0.044928476	2.423227	0.011427134	0.0768125	79.0	427.27982902526855
17	0.16527355	0.6667696	0.10339067	0.55943435	1.4734218	-0.33209604	12.596914	0.15919739	0.19703524	0.9650922	-0.3764695	576000	-5.7970174e-06	0.20411451	0.02412506	-0.009116519	-0.055784203	2.4092069	0.008236941	0.06940625	79.0	456.69942831993103
18	0.23271765	0.53848594	0.20946372	0.63474953	1.4554384	-0.39361852	14.764925	0.12243762	0.1993853	0.99079895	-0.4763459	608000	1.1023134e-05	0.20432001	0.02406228	-0.009406497	-0.035215903	2.4017725	0.008936384	0.081499994	79.0	486.05303716659546
19	0.2260817	0.5534351	0.20430216	0.6185278	1.4559046	-0.30346534	14.93032	0.17424886	0.21237148	0.85046	-0.47206664	640000	7.913448e-06	0.19275525	0.02384476	-0.010054197	-0.040658094	2.3793502	0.0066031124	0.0804375	79.0	515.465443611145
20	0.29221284	0.50800806	0.3106572	0.6740338	1.4532661	-0.3466744	15.253861	0.16655698	0.2190182	0.9673821	-0.5793919	672000	-1.0065734e-05	0.22121945	0.02389241	-0.010316364	-0.04663784	2.3823113	0.007362836	0.07575001	79.0	544.7993686199188
21	0.28549582	0.5397181	0.3062158	0.6709106	1.4715483	-0.32757047	14.29792	0.25676885	0.21083045	0.9937528	-0.40171838	704000	-2.5632791e-05	0.21142241	0.023370113	-0.0101790875	-0.04279027	2.329059	0.007905182	0.0744375	79.0	574.1537246704102
22	0.22163956	0.5754004	0.21813439	0.62531555	1.459632	-0.30847356	14.005742	0.24643332	0.22780333	0.9544436	-0.5933285	736000	1.8715858e-05	0.20996115	0.02355732	-0.010552194	-0.05709186	2.3471513	0.008772969	0.08090625	79.0	603.6102275848389
23	0.31041384	0.54919744	0.33483917	0.7018253	1.4890187	-0.3539367	13.844737	0.2231438	0.22905242	1.0847611	-0.56478214	768000	-1.1321157e-05	0.2277304	0.023308128	-0.00966983	-0.05370187	2.3222704	0.0063626766	0.0646875	79.0	633.0292873382568
24	0.26343817	0.58437616	0.26519883	0.6691334	1.4721885	-0.32900873	13.654475	0.30762422	0.24609181	1.1548352	-0.45087758	800000	-1.955498e-05	0.2079335	0.02323348	-0.0106853	-0.042014766	2.3144317	0.008192703	0.075718746	79.0	662.4361112117767
25	0.32684416	0.49884278	0.367401	0.7133832	1.4839476	-0.33262596	14.489071	0.2723872	0.25554967	1.0652796	-0.5013073	832000	-1.4390796e-05	0.23710611	0.023193434	-0.010917569	-0.064604536	2.307872	0.009035993	0.08121875	79.0	691.7544651031494
26	0.30534127	0.5437483	0.3404522	0.6919188	1.4865282	-0.34372658	14.113191	0.29141265	0.25799763	1.1084164	-0.5391895	864000	8.38181e-05	0.21160468	0.023234908	-0.011076869	-0.046816405	2.3119683	0.009003619	0.08365625	79.0	721.2078425884247
27	0.34066665	0.49970007	0.39683607	0.70845187	1.4949436	-0.35276663	14.465722	0.30545175	0.26635402	1.1705483	-0.42970765	896000	4.722923e-05	0.22712511	0.022898708	-0.011343807	-0.067795746	2.276081	0.008730736	0.08325	79.0	750.6147871017456
28	0.3796094	0.4640758	0.4568924	0.72471786	1.4862114	-0.35217836	15.091905	0.36723897	0.27536833	1.2331843	-0.42997956	928000	4.945323e-06	0.2466019	0.022610385	-0.011463915	-0.08988392	2.248835	0.009718822	0.090125	79.0	780.1081433296204
29	0.32129386	0.5124954	0.3668591	0.70853287	1.4952147	-0.34187832	14.263538	0.3676565	0.255241	1.1626265	-0.5434459	960000	2.8615817e-05	0.22289827	0.022522788	-0.010814827	-0.07005794	2.2400074	0.010958282	0.081125	79.0	809.4364144802094
30	0.40708885	0.46276513	0.48618528	0.7475118	1.481649	-0.34544975	14.625462	0.3236092	0.270425	1.4011774	-0.65237033	992000	8.458272e-06	0.24851096	0.02236104	-0.0110842185	-0.08558985	2.223581	0.008062676	0.09	79.0	838.8324475288391
31	0.30365467	0.54415256	0.32117206	0.7086052	1.4833554	-0.4032801	13.844948	0.40251678	0.26729262	1.1419126	-0.5563413	1024000	1.0430813e-05	0.22899684	0.022229867	-0.011812858	-0.059185445	2.2107491	0.0076814257	0.09109375	79.0	868.3068552017212
32	0.39249063	0.51089215	0.45692945	0.7528609	1.5092373	-0.3068379	13.561644	0.29871663	0.27602747	1.237999	-0.47088027	1056000	2.0749867e-05	0.24697153	0.02188321	-0.012422383	-0.08464273	2.1749258	0.0099758115	0.0918125	79.0	897.8168022632599
33	0.3632983	0.46645427	0.43493143	0.7253043	1.4941907	-0.3249619	14.922317	0.42633167	0.321379	1.3569248	-0.64043605	1088000	-4.077144e-05	0.24169138	0.021989983	-0.012179047	-0.07071799	2.1840098	0.00813868	0.09565625	79.0	927.2424829006195
34	0.40317693	0.4634916	0.49766755	0.7496659	1.4895444	-0.34618083	14.281924	0.35673797	0.27583185	1.1664886	-0.5759892	1120000	-4.1592866e-06	0.2265648	0.02163462	-0.012065241	-0.045240656	2.1484485	0.008283449	0.07853125	79.0	956.6073026657104
35	0.41468024	0.4561644	0.52012503	0.7525284	1.517052	-0.32962424	13.8896675	0.38701245	0.26028258	1.1871159	-0.34110942	1152000	-3.74401e-05	0.215772	0.021109462	-0.01140099	-0.048755176	2.095347	0.009642119	0.0810625	79.0	986.0204472541809
36	0.3993494	0.4866838	0.47586477	0.75092447	1.500323	-0.32455233	13.698618	0.41462487	0.29680502	1.231096	-0.8135237	1184000	1.5091151e-05	0.21578029	0.02103854	-0.01160781	-0.04987894	2.08737	0.008843141	0.0915	79.0	1015.4411039352417
37	0.4766037	0.4036915	0.6037429	0.7627665	1.5000333	-0.34566897	14.84934	0.45215705	0.28075504	1.177274	-0.5121874	1216000	5.868636e-05	0.23314437	0.020784032	-0.011806604	-0.066159315	2.061305	0.00909213	0.083875	79.0	1044.9630029201508
38	0.37602785	0.5234144	0.43971872	0.7560511	1.5085042	-0.35188806	12.928746	0.45735654	0.28244412	1.167494	-0.37697643	1248000	3.778655e-05	0.22406027	0.020268867	-0.009833263	-0.062425226	2.0096188	0.00627241	0.069749996	79.0	1074.378853559494
39	0.42192107	0.4846746	0.5096445	0.7766719	1.5129865	-0.3458538	13.265886	0.44950315	0.33549994	1.4753563	-0.62278956	1280000	-3.570225e-05	0.24256301	0.019907072	-0.011106073	-0.082693145	1.9714627	0.009453943	0.08371875	79.0	1103.728483915329
40	0.43409866	0.4393193	0.54703146	0.7643613	1.5147386	-0.34699267	14.237838	0.44330987	0.32056734	1.2789885	-0.68990797	1312000	2.4326146e-05	0.232425	0.020207675	-0.011321645	-0.079011746	1.9989054	0.009295394	0.092031255	79.0	1133.112472295761
41	0.46369433	0.42591664	0.5944572	0.7735203	1.5035882	-0.33461913	13.773954	0.47544968	0.32468948	1.4331427	-0.6061142	1344000	3.542332e-05	0.22639476	0.019838903	-0.010930235	-0.05857995	1.962925	0.008070985	0.08459376	79.0	1162.4501447677612
42	0.43219808	0.47545224	0.5457699	0.7719176	1.5246811	-0.33930427	12.942088	0.46301734	0.3179739	1.486534	-0.4813995	1376000	-1.0803342e-07	0.22620162	0.019609034	-0.010561401	-0.061431076	1.9371166	0.0077056866	0.081375	79.0	1191.9198260307312
43	0.46072936	0.45290527	0.57182467	0.78205466	1.5198593	-0.32267293	13.260852	0.4632074	0.31490856	1.4109988	-0.8672955	1408000	2.651615e-05	0.2069735	0.01942933	-0.011058925	-0.05975645	1.9206448	0.008672193	0.094625	79.0	1221.3914086818695
44	0.5186608	0.3960587	0.6797974	0.7785612	1.5183231	-0.30439767	13.816434	0.516896	0.3242761	1.4382784	-0.66968286	1440000	-5.9278682e-05	0.23448631	0.019068498	-0.011187374	-0.07351139	1.8856484	0.007209965	0.076812506	79.0	1250.8759984970093
45	0.4086157	0.52909595	0.48073423	0.7764284	1.5095243	-0.3386221	12.351246	0.55923253	0.30370733	1.3520683	-0.3990245	1472000	-7.483363e-05	0.23371711	0.019179683	-0.01047319	-0.06753574	1.8963438	0.007830362	0.08643749	79.0	1280.3128752708435
46	0.5342885	0.38445887	0.68623453	0.78834426	1.5298721	-0.39184517	13.795573	0.49472377	0.33648464	1.400043	-0.73877025	1504000	-2.4482608e-05	0.2292447	0.019163674	-0.0111659	-0.081357755	1.89516	0.008619841	0.087937504	79.0	1309.6880271434784
47	0.5417349	0.3511213	0.7225135	0.77273166	1.526737	-0.3664864	14.521639	0.56447124	0.32035917	1.4308778	-0.5121501	1536000	2.758624e-05	0.25393605	0.019113708	-0.011758544	-0.09302381	1.8854827	0.009460049	0.086125	79.0	1339.3221719264984
48	0.53614676	0.37510806	0.69869286	0.7883289	1.5186875	-0.3995758	13.66366	0.5631956	0.3205575	1.5641023	-0.63284314	1568000	0.00013849698	0.22622523	0.018988755	-0.011330411	-0.07443843	1.8720646	0.0073566996	0.078999996	79.0	1368.7427384853363
49	0.49851328	0.40460122	0.6475288	0.78276974	1.5137454	-0.34510997	13.562607	0.5484963	0.3160713	1.4688671	-0.40309447	1600000	2.8012786e-05	0.20766902	0.018622242	-0.011125467	-0.056990884	1.8341277	0.0072914017	0.09090625	79.0	1398.1287050247192
50	0.5563792	0.36979744	0.7349166	0.7856138	1.517043	-0.3321709	13.552048	0.57422614	0.32789907	1.5377274	-0.610308	1632000	-6.313808e-05	0.21395326	0.018407702	-0.0105702765	-0.06747523	1.8158102	0.00699063	0.069437504	79.0	1427.5057542324066
51	0.52688587	0.3852764	0.6849244	0.7869926	1.5197895	-0.36178234	13.766115	0.5919569	0.31236002	1.3970804	-0.43699077	1664000	1.5668571e-05	0.2243073	0.018393582	-0.011886993	-0.05355631	1.8127062	0.0075911274	0.0894375	79.0	1456.889503479004
52	0.5272132	0.40125334	0.6841639	0.78704256	1.5197078	-0.30896404	13.432741	0.5925785	0.3056753	1.3597654	-0.4075436	1696000	-6.3520856e-06	0.23178652	0.01834014	-0.011777312	-0.061966475	1.8050147	0.0074635977	0.0846875	79.0	1486.2471623420715
53	0.61884373	0.2866404	0.8376578	0.75498444	1.5459965	-0.3479808	15.082218	0.6071296	0.29360408	1.3955684	-0.4876467	1728000	-2.9289164e-05	0.21860239	0.018531788	-0.012558447	-0.06786524	1.8234185	0.009961119	0.092125	79.0	1515.7190544605255
54	0.6280378	0.28103617	0.8571238	0.75457084	1.5277295	-0.34464398	14.974154	0.66484594	0.28994215	1.5179826	-0.5082343	1760000	-8.478062e-05	0.21591787	0.01820164	-0.011758044	-0.06886024	1.7897663	0.007102398	0.073375	79.0	1545.0420236587524
55	0.6012074	0.30855173	0.80874765	0.7684201	1.5224165	-0.40420336	14.538004	0.6284413	0.31205773	1.4124804	-0.6116896	1792000	9.882264e-06	0.2036491	0.01810274	-0.012368292	-0.06552526	1.7783468	0.006959436	0.08471875	79.0	1574.4361276626587
56	0.5632657	0.34650308	0.75174373	0.78412485	1.5301074	-0.35183525	13.978395	0.5738142	0.32011372	1.5245297	-0.50151265	1824000	-1.50464475e-05	0.21158868	0.01805421	-0.012513693	-0.06156602	1.7725468	0.007781713	0.082687505	79.0	1603.9684383869171
57	0.54055	0.36305094	0.7059869	0.7948983	1.5172395	-0.34358528	13.942105	0.59495497	0.33722538	1.4601502	-0.68492365	1856000	-4.7399197e-05	0.22042713	0.018239208	-0.011583898	-0.07588007	1.7942181	0.008050308	0.087	79.0	1633.4649441242218
58	0.5984005	0.3301181	0.78992456	0.77986276	1.5213013	-0.46431777	14.401997	0.6543717	0.33055595	1.4823902	-0.54746675	1888000	4.0605664e-06	0.22221798	0.017967217	-0.0135764545	-0.06864891	1.760031	0.009304555	0.09653125	79.0	1662.9443843364716
59	0.5948559	0.3554897	0.7766892	0.7880368	1.5134511	-0.37858862	13.806818	0.65031016	0.31081232	1.4209927	-0.56733143	1920000	5.360786e-05	0.21306357	0.017920583	-0.012872573	-0.06292548	1.7557757	0.008108353	0.09128125	79.0	1692.4206886291504
60	0.7134036	0.21790384	0.9799818	0.7060179	1.5165851	-0.42302734	15.41812	0.6758349	0.30409467	1.7344176	-0.45067263	1952000	-1.4999881e-05	0.18396509	0.017606216	-0.011535127	-0.057346202	1.7270135	0.007430205	0.07875	79.0	1721.7605991363525
61	0.67681384	0.24357307	0.92175484	0.74717337	1.5132499	-0.7303722	15.242775	0.70565426	0.28696042	1.4024578	-0.5512184	1984000	3.1823292e-05	0.1897254	0.017647615	-0.013215754	-0.055839382	1.72782	0.009863036	0.09825	79.0	1751.4234309196472
62	0.6477141	0.2686895	0.87327164	0.7706178	1.5333048	-0.8128962	14.615314	0.68218917	0.3193553	1.4768131	-0.5156167	2016000	-5.2701682e-05	0.17279291	0.0174188	-0.01236529	-0.047345646	1.7074363	0.008892752	0.093062505	79.0	1780.8475213050842
63	0.5943799	0.3315981	0.7854322	0.7858464	1.5252265	-0.41456842	13.952548	0.6681643	0.32432377	1.4939715	-0.48641452	2048000	-3.9713457e-05	0.21411163	0.017372504	-0.013396775	-0.08523279	1.7009252	0.008490753	0.096375	79.0	1810.2962868213654
64	0.6191764	0.32829255	0.81521136	0.787586	1.5167656	-0.6906664	13.730502	0.6451941	0.33909547	1.4640857	-0.5480105	2080000	0.00015130639	0.20041844	0.017205607	-0.012621606	-0.067533895	1.686899	0.007167032	0.08546875	79.0	1839.736010313034
65	0.6476095	0.28976277	0.87135834	0.7644759	1.5237311	-0.46376985	14.382008	0.7052084	0.31928456	1.6952031	-0.37024945	2112000	1.6130507e-05	0.19650218	0.01687035	-0.012567819	-0.052063752	1.6482098	0.0071767364	0.08446875	79.0	1869.1836216449738
66	0.6294565	0.32937425	0.84336364	0.77131546	1.5185846	-0.40907478	13.75173	0.68961143	0.2937899	1.505632	-0.364363	2144000	-6.2238425e-05	0.19096634	0.016751464	-0.011402396	-0.046932377	1.6366436	0.007165988	0.078093745	79.0	1898.678789615631
67	0.7125592	0.24328987	0.9737783	0.729536	1.518589	-0.4515516	14.523853	0.7261387	0.28640404	1.4892223	-0.6531495	2176000	-6.0647726e-06	0.17171837	0.016346825	-0.011338745	-0.051680766	1.6007743	0.0070724487	0.081125006	79.0	1928.1164436340332
68	0.6993172	0.24971646	0.9544403	0.74485075	1.5184647	-0.84768146	14.380218	0.7330975	0.28362748	1.454471	-0.4868013	2208000	3.414508e-05	0.1720826	0.016331663	-0.012350887	-0.052124176	1.5980277	0.008685481	0.08871875	79.0	1957.491497516632
69	0.6532788	0.28656036	0.888704	0.7791363	1.5334091	-0.70440465	13.664802	0.72151256	0.32256043	1.4849983	-0.7758714	2240000	-6.250199e-05	0.16826808	0.015976906	-0.01227211	-0.04851645	1.5623235	0.0067538787	0.087843746	79.0	1986.966566324234
70	0.6272719	0.30777788	0.8459898	0.78016007	1.5278428	-0.70165646	13.952277	0.6529245	0.34882775	1.5455182	-0.50440353	2272000	4.4380315e-05	0.17940556	0.01618691	-0.0129175335	-0.052207604	1.5805097	0.008884931	0.09153125	79.0	2016.351223230362
71	0.6011395	0.33684608	0.80552375	0.78783834	1.5344279	-0.7587516	13.606529	0.64812034	0.35427302	1.4687895	-0.55869985	2304000	-3.6282465e-05	0.18657386	0.016046872	-0.012926124	-0.06726596	1.5639777	0.007439225	0.086062506	79.0	2045.7447361946106
72	0.6951673	0.25888163	0.9485391	0.74089587	1.5384432	-0.57976013	14.381125	0.71784353	0.34929943	1.6098027	-0.6320087	2336000	-5.012611e-06	0.1635155	0.015571954	-0.012693062	-0.050875843	1.5134642	0.00766047	0.085812494	79.0	2075.078043937683
73	0.70071244	0.26786616	0.9467307	0.7462409	1.5339006	-0.4093745	13.88438	0.726988	0.30156925	1.4255307	-0.45289138	2368000	4.3476e-05	0.15535139	0.015462518	-0.012407463	-0.04727648	1.5043253	0.00732768	0.08953125	79.0	2104.4298000335693
74	0.7111082	0.25117436	0.9743028	0.73687404	1.5378673	-0.47790715	14.023809	0.800832	0.3082348	1.6313126	-0.8470077	2400000	-3.96939e-05	0.16546355	0.0151743125	-0.011860121	-0.052002877	1.4725418	0.007813389	0.08584375	79.0	2133.8832199573517
75	0.7012962	0.23714955	0.96888894	0.7414534	1.5312437	-0.7101003	14.322202	0.75401556	0.3046672	1.4813832	-0.9293198	2432000	-7.420266e-05	0.17636395	0.015236871	-0.013144525	-0.05781867	1.4788829	0.0069446308	0.092187494	79.0	2163.4373128414154
76	0.69677526	0.25158465	0.9538199	0.75740707	1.5270855	-0.7717873	13.979718	0.75332046	0.33827627	1.4499549	-1.0528508	2464000	2.1694228e-05	0.16305064	0.015055245	-0.011031184	-0.0524157	1.4636041	0.0062349206	0.07103125	79.0	2192.921148300171
77	0.65727425	0.29458648	0.88514173	0.7730808	1.523566	-0.59895074	13.826352	0.7200526	0.33284634	1.6069412	-0.4960223	2496000	3.5669655e-05	0.16874638	0.014955247	-0.012521059	-0.05442965	1.4567555	0.007075267	0.08584375	79.0	2222.274718761444
78	0.6564486	0.28881627	0.88696814	0.764416	1.5461073	-0.43153065	13.893608	0.70394355	0.34606913	1.5283954	-0.7583489	2528000	-2.577901e-06	0.17159823	0.014869226	-0.012472266	-0.06575894	1.4487014	0.00848729	0.0841875	79.0	2251.627329349518
79	0.7020054	0.24167311	0.96105534	0.7419254	1.5269319	-0.5707626	14.463504	0.75406516	0.33736673	1.827123	-0.5856346	2560000	1.2923963e-05	0.1730737	0.014671872	-0.0131236175	-0.063124225	1.4222963	0.007565272	0.09096875	79.0	2280.98753285408
80	0.7114278	0.26014817	0.9641288	0.7459207	1.5398041	-0.4548664	13.820122	0.7483206	0.30551964	1.461366	-0.5140781	2592000	4.1998923e-05	0.1551494	0.014447425	-0.011709234	-0.052895993	1.4012356	0.0067748902	0.08912501	79.0	2310.348359107971
81	0.7470259	0.20538987	1.0342306	0.7078219	1.5335596	-0.6718345	14.5420475	0.8055088	0.31557253	1.7781395	-0.63900226	2624000	-2.0368956e-05	0.14969102	0.014454529	-0.012588657	-0.0457673	1.4018054	0.008399811	0.09353125	79.0	2339.75345993042
82	0.7228168	0.22496963	1.0016474	0.72755194	1.5315468	-0.48297268	14.12833	0.7743729	0.31230587	1.6056701	-1.0401634	2656000	0.00013115909	0.17947531	0.014390249	-0.013313127	-0.05890148	1.3956443	0.007566952	0.088468745	79.0	2369.1894540786743
83	0.7131468	0.22715941	0.9863872	0.7338421	1.5361553	-0.4894027	14.223968	0.7599964	0.303383	1.4244504	-0.5097238	2688000	-3.4664758e-05	0.16491213	0.014316464	-0.013905433	-0.053824157	1.3867897	0.009070028	0.098124996	79.0	2398.4740703105927
84	0.64626205	0.30728954	0.8717488	0.7836525	1.5344824	-0.409636	13.214286	0.72851473	0.3316981	1.4074602	-0.6886497	2720000	2.6443973e-05	0.16321495	0.014166972	-0.011464613	-0.050684225	1.3754153	0.006832789	0.080968745	79.0	2427.858216524124
85	0.67061985	0.2889818	0.9090518	0.7630151	1.5392721	-0.42248648	13.66681	0.70993626	0.358538	1.4425836	-0.6564334	2752000	7.516239e-05	0.15875624	0.014056757	-0.013386525	-0.055728246	1.3652799	0.0074866805	0.088	79.0	2457.2456901073456
86	0.73145074	0.22446114	1.0044785	0.72626525	1.5282459	-0.44757417	14.282824	0.780459	0.32072195	1.4974006	-0.702156	2784000	-0.00013327319	0.15032408	0.014045794	-0.013201778	-0.05040606	1.3585634	0.008445436	0.09181251	79.0	2486.6769564151764
87	0.76436853	0.20897952	1.0510446	0.70300156	1.5431156	-0.44060802	14.248208	0.7861117	0.3033508	1.439664	-0.60861176	2816000	-4.03272e-05	0.13919556	0.014046183	-0.012289284	-0.045402102	1.3594193	0.007698833	0.0878125	79.0	2516.060198545456
88	0.7819224	0.17076716	1.0924691	0.66753805	1.5423288	-0.47181737	14.861008	0.83881956	0.2960018	1.5964774	-0.44293696	2848000	-8.944981e-05	0.1433529	0.013927396	-0.01287826	-0.047705755	1.3452119	0.0077419006	0.08890625	79.0	2545.5793194770813
89	0.7421887	0.21717024	1.0222783	0.7238226	1.5214686	-0.71920264	14.393569	0.80846524	0.28992164	1.5076119	-0.70708865	2880000	-7.1434304e-05	0.15318853	0.0139133325	-0.013339248	-0.04938688	1.3503084	0.007717982	0.0903125	79.0	2575.0695719718933
90	0.7162759	0.24333355	0.979179	0.75085014	1.5423098	-0.55160856	13.821553	0.76690686	0.3272516	1.6055797	-0.6442548	2912000	-7.160241e-06	0.15639457	0.013856441	-0.012762357	-0.047561787	1.3420742	0.007838016	0.091125	79.0	2604.4525225162506
91	0.6922859	0.25817114	0.94970787	0.74848545	1.5375894	-0.5746341	13.973151	0.76106066	0.33410218	1.412464	-0.54464114	2944000	-0.00014848821	0.14827181	0.013913518	-0.012300246	-0.05195575	1.3465345	0.00548594	0.08234375	79.0	2634.054545402527
92	0.6849903	0.26412225	0.93842626	0.7543011	1.5330138	-0.42928463	13.836237	0.7376789	0.36271727	1.531805	-0.7311733	2976000	0.00025468646	0.14432332	0.013717901	-0.012625938	-0.048667014	1.3322802	0.0077954745	0.08953125	79.0	2663.4751286506653
93	0.7818087	0.18417063	1.0867181	0.67857337	1.5225297	-0.47077286	14.645757	0.7926831	0.339402	1.444936	-0.80173624	3008000	-3.6502257e-05	0.12231785	0.013674822	-0.012473945	-0.04237865	1.3209853	0.007293534	0.08275	79.0	2692.884757041931
94	0.7612554	0.20718877	1.0507404	0.7048969	1.5325868	-0.46177506	14.232558	0.83199364	0.29321206	1.5310891	-0.63756245	3040000	-8.486677e-06	0.13820179	0.013638314	-0.012894886	-0.04661917	1.3177545	0.008373523	0.090625	79.0	2722.211889028549
95	0.78914416	0.1773489	1.098926	0.67293316	1.5335617	-0.64125437	14.56204	0.8452737	0.29139158	1.6208444	-0.6335989	3072000	-0.00019981526	0.13367441	0.01355277	-0.011880029	-0.051354975	1.3099233	0.007555614	0.08646875	79.0	2751.7674593925476
96	0.7473109	0.21238707	1.0368333	0.7120984	1.5279512	-0.6303162	14.471766	0.81377214	0.32028398	1.5270776	-1.4141047	3104000	-6.3094776e-05	0.14203891	0.013579506	-0.013404317	-0.04566991	1.3148669	0.008414555	0.08715625	79.0	2781.2907359600067
97	0.7370305	0.22361356	1.0084704	0.73462135	1.531173	-0.7100598	14.127669	0.77144057	0.34489334	1.5774609	-0.97388256	3136000	4.1287392e-05	0.13157688	0.013617845	-0.0127890445	-0.045023493	1.3180065	0.0067774397	0.09146875	79.0	2810.654403448105
98	0.70648485	0.24359801	0.9720479	0.7410281	1.5346831	-0.5492481	13.962654	0.77212	0.33670795	1.4859545	-0.7062044	3168000	-8.269027e-05	0.14220795	0.013787101	-0.011476528	-0.05546736	1.3314966	0.006337935	0.08365625	79.0	2840.0179970264435
99	0.7002859	0.25049198	0.96019775	0.74608266	1.5347332	-0.42821124	13.90445	0.7566178	0.35854787	1.5818137	-0.74436146	3200000	9.664893e-05	0.14085063	0.013522228	-0.013360155	-0.048338883	1.3062935	0.0069694156	0.0818125	79.0	2869.339406967163
100	0.7631887	0.20453742	1.0580689	0.7063613	1.5600014	-0.7258234	14.070796	0.8013457	0.32822543	1.5187968	-0.9175755	3232000	-5.953759e-05	0.122081995	0.01327561	-0.012920243	-0.042970017	1.2793138	0.00728234	0.090937495	79.0	2898.6181082725525
101	0.7845335	0.19743091	1.0831723	0.6870444	1.5477234	-0.5752125	14.099911	0.841225	0.28468058	1.583053	-0.8324899	3264000	4.380569e-05	0.11340304	0.013310175	-0.013058209	-0.039108343	1.2819746	0.008121118	0.08084375	79.0	2927.952520132065
102	0.76756847	0.1958206	1.075207	0.68171126	1.5508778	-0.5108317	14.331227	0.8425083	0.29838502	1.6248136	-0.79738444	3296000	-1.9628555e-05	0.13273755	0.013184543	-0.012686368	-0.042877354	1.2694663	0.0086311605	0.09221876	79.0	2957.266457557678
103	0.8026483	0.16410993	1.1249578	0.6562082	1.5360398	-0.5853619	14.515967	0.8151037	0.3050425	1.6234976	-0.9217082	3328000	9.3173236e-05	0.121493936	0.013075644	-0.012939511	-0.046799574	1.2585937	0.007148918	0.08975	79.0	2986.671191930771
104	0.74307793	0.2295974	1.0214195	0.7368598	1.5425577	-0.5492732	13.564846	0.8430289	0.29577255	1.8108733	-0.8131476	3360000	0.00023399107	0.1349671	0.012977026	-0.013010612	-0.05470065	1.252246	0.007043719	0.08390625	79.0	3016.1344254016876
105	0.6965487	0.26397255	0.954653	0.75915635	1.5502862	-0.82384306	13.442243	0.78711313	0.33937463	1.4669204	-0.6013715	3392000	4.590489e-05	0.1383945	0.013025854	-0.011953885	-0.05690653	1.2518977	0.007247215	0.07953125	79.0	3045.6587986946106
106	0.7001308	0.25969627	0.9613271	0.7441054	1.5507946	-0.41796374	13.70819	0.7771809	0.36648998	1.5344793	-0.762244	3424000	3.2939017e-05	0.16459891	0.012801677	-0.014801814	-0.06740274	1.2350432	0.008279182	0.09790625	79.0	3075.2448773384094
107	0.7575693	0.20767008	1.0479977	0.7027038	1.5377485	-0.4610251	14.272033	0.7921826	0.33928353	1.6222223	-0.8663325	3456000	4.0031504e-05	0.14338022	0.012720834	-0.013789917	-0.06057083	1.2193656	0.008874027	0.092156254	79.0	3104.601595401764
108	0.7681851	0.21073793	1.0648226	0.69883984	1.5457274	-0.47190657	13.775996	0.82061523	0.28249595	1.85786	-0.7103411	3488000	-6.744638e-05	0.13448083	0.012697747	-0.012430012	-0.05155956	1.2193666	0.008330309	0.08740625	79.0	3134.016758441925
109	0.8048651	0.16606888	1.1268729	0.6545492	1.5348593	-0.5902034	14.285907	0.87131405	0.28371534	1.6720695	-0.51028824	3520000	4.5069028e-05	0.11482268	0.0125013385	-0.0130899735	-0.042932846	1.2000666	0.0064061927	0.08384375	79.0	3163.4741055965424
110	0.77348936	0.18447262	1.0817893	0.6886074	1.534748	-0.69746226	14.27693	0.8087776	0.319254	1.5923889	-0.6479138	3552000	-1.2009405e-05	0.13139719	0.012499575	-0.012926141	-0.04254845	1.1968472	0.0076225298	0.08971875	79.0	3192.8515734672546
111	0.7434316	0.21395074	1.0306891	0.72873026	1.5419042	-0.72764724	14.083186	0.81762654	0.33298418	1.8098117	-0.6118475	3584000	9.786338e-06	0.13509247	0.012409426	-0.013846568	-0.058245257	1.1924865	0.008314808	0.09896875	79.0	3222.2908198833466
112	0.70529	0.2517969	0.9767583	0.74034464	1.5369042	-0.7525795	13.60506	0.7785592	0.35277456	1.4597659	-0.9868167	3616000	-1.5005469e-05	0.13803034	0.012399992	-0.013985203	-0.056593347	1.1879898	0.008026079	0.09275	79.0	3251.638340950012
113	0.7295877	0.22524741	1.0113398	0.72286797	1.5369619	-0.45582587	14.007067	0.79659927	0.3423264	1.5376488	-0.8331108	3648000	-0.00011917204	0.13965365	0.012382411	-0.013610747	-0.06405784	1.1875345	0.008049654	0.084125	79.0	3280.9874517917633
114	0.76836723	0.19493033	1.0732363	0.6852104	1.5307345	-0.54009885	14.446008	0.80524546	0.33742136	1.5140251	-0.7465386	3680000	-5.9266575e-05	0.14175533	0.012281663	-0.014408962	-0.068160616	1.1695242	0.009241393	0.1046875	79.0	3310.3994908332825
115	0.7889466	0.1817517	1.1007584	0.6749925	1.5377682	-0.54698163	14.211986	0.8350294	0.30278945	1.6592523	-0.7392689	3712000	-0.00015589409	0.12390907	0.01234842	-0.012956914	-0.052571215	1.1813223	0.00733991	0.0898125	79.0	3339.716003894806
116	0.7972528	0.16815329	1.1169269	0.66089183	1.5388042	-0.48739728	14.377496	0.8608681	0.30681688	1.5209786	-0.5348602	3744000	-0.00015201326	0.10755029	0.012206719	-0.012711191	-0.03890316	1.1708276	0.006912807	0.088	79.0	3369.1577701568604
117	0.7762927	0.19093825	1.0830935	0.6959963	1.5327712	-0.6564959	14.2	0.8466057	0.30021408	1.5134056	-0.60171854	3776000	1.192186e-05	0.13122106	0.0121171335	-0.011559824	-0.053053156	1.1560645	0.0071845143	0.08321875	79.0	3398.562921524048
118	0.7654414	0.20571749	1.0595859	0.71152514	1.541529	-0.68012834	14.136767	0.80356485	0.33298883	1.7858938	-0.85977125	3808000	-0.00010824669	0.13894214	0.012072446	-0.014528546	-0.06349774	1.1559114	0.00961988	0.0958125	79.0	3427.985711812973
119	0.7386335	0.22581422	1.0234616	0.72213113	1.5411215	-0.56135046	13.853147	0.7916981	0.33959964	1.4515098	-0.94116527	3840000	-0.00011359528	0.13499282	0.012352902	-0.012732891	-0.060108516	1.1763031	0.0071481448	0.087093756	79.0	3457.3422849178314
120	0.7404253	0.23506816	1.0191222	0.7230347	1.5476218	-0.59174246	13.840592	0.8084375	0.34283757	1.5692925	-0.84762216	3872000	-6.365776e-05	0.12245193	0.012059912	-0.012980101	-0.052860927	1.1552565	0.007344139	0.089	79.0	3486.9160783290863
121	0.78949	0.18161765	1.0990136	0.6858691	1.586032	-0.6241185	14.320848	0.8253947	0.35442954	1.651093	-0.792279	3904000	-8.672476e-06	0.12381	0.01205593	-0.0138389785	-0.057152953	1.1504033	0.008595163	0.09434375	79.0	3516.2442915439606
122	0.8117953	0.16847959	1.1350404	0.6482378	1.5373096	-0.44744253	14.105427	0.8695346	0.2824609	1.7706504	-0.7804949	3936000	-8.999184e-05	0.10485163	0.011896042	-0.013397945	-0.041288484	1.1360233	0.008450183	0.0941875	79.0	3545.646111011505
123	0.81339395	0.16086031	1.1390791	0.65540063	1.5389035	-0.9588581	14.34358	0.9007079	0.2713056	1.628822	-0.4187122	3968000	-2.4214387e-07	0.10606948	0.011978274	-0.01351829	-0.04174068	1.141296	0.007315456	0.089718744	79.0	3574.9656794071198
124	0.81502044	0.15530372	1.1470947	0.6432709	1.5339035	-0.68237835	14.492674	0.8452564	0.3176107	1.716518	-0.812615	4000000	0.00019347668	0.11829623	0.011734018	-0.012348825	-0.04651708	1.1163249	0.007088105	0.08034375	79.0	3604.3908298015594
125	0.7742543	0.20391586	1.0792686	0.6946757	1.5390741	-0.6090558	13.946743	0.86751765	0.28941852	1.4951336	-0.44320408	4032000	-4.0038954e-05	0.12980342	0.011556715	-0.012164403	-0.04967827	1.104027	0.0063932855	0.08175	79.0	3633.803345680237
126	0.7609732	0.20670158	1.0643008	0.6928118	1.5476857	-0.58500385	14.0362835	0.82651305	0.31351146	1.4778554	-0.8299559	4064000	-0.0002469048	0.12312336	0.01166373	-0.011856284	-0.051572725	1.1068647	0.005543979	0.083812505	79.0	3663.196406841278
127	0.74605215	0.21724752	1.0345864	0.71872866	1.5689551	-0.7090588	13.855652	0.83132535	0.3225842	1.6361585	-0.5313092	4096000	4.1909516e-08	0.14274986	0.011679141	-0.014108365	-0.07361776	1.1142458	0.008907242	0.088875	79.0	3692.7416501045227
128	0.81407857	0.15432087	1.1403332	0.654949	1.567669	-0.66830856	14.516423	0.8405609	0.35706282	1.6488442	-0.8563174	4128000	-5.99646e-05	0.11536397	0.011699349	-0.013156058	-0.06378442	1.1065278	0.008548542	0.087125	79.0	3722.036913394928
129	0.8018899	0.17852241	1.1181061	0.6595562	1.547132	-0.6687831	14.10524	0.87108034	0.29780138	1.6094546	-0.7320451	4160000	-2.5753397e-05	0.11294451	0.011544682	-0.013267636	-0.04700414	1.0941104	0.0071032196	0.08271875	79.0	3751.426339864731
130	0.8088454	0.15640838	1.140316	0.6536573	1.5414214	-0.6169407	14.202317	0.8711947	0.28055042	1.5796703	-0.5244693	4192000	-0.00015358021	0.12221732	0.0116647165	-0.0134368185	-0.05784139	1.1092696	0.006871498	0.08825	79.0	3780.7447288036346
131	0.807152	0.17110422	1.1320825	0.64712524	1.5393064	-0.60747564	14.207961	0.85353345	0.3157053	1.6380019	-0.7332941	4224000	-0.00020361785	0.120934896	0.011584396	-0.013236913	-0.053716265	1.0982853	0.0064265383	0.09559375	79.0	3810.1342327594757
132	0.7663678	0.21473822	1.0670513	0.713238	1.5387346	-0.8636636	13.4517765	0.8872188	0.2677653	1.6080946	-0.7692204	4256000	-0.00018335367	0.14691824	0.011368182	-0.015027767	-0.074749865	1.073575	0.011727763	0.09609375	79.0	3839.4863324165344
133	0.75519955	0.21522157	1.0568144	0.7050668	1.5407318	-0.5896935	13.637263	0.8193969	0.35588622	1.6370409	-1.0841234	4288000	1.4062971e-06	0.13510361	0.011564421	-0.012669295	-0.057669144	1.0961607	0.0069962237	0.090625	79.0	3869.133458375931
134	0.75579566	0.22347951	1.0532421	0.7107647	1.5757015	-0.6440752	13.585043	0.82646435	0.33082604	1.6136456	-0.53489023	4320000	2.5229296e-05	0.10747176	0.011351686	-0.013281968	-0.04973506	1.08297	0.007026976	0.086406246	79.0	3898.6130633354187
135	0.7955218	0.16609111	1.1145977	0.664226	1.5340186	-0.6108513	14.549451	0.8592246	0.3385737	1.7719553	-0.64200485	4352000	-1.9075349e-05	0.13512656	0.011709332	-0.013205172	-0.06681816	1.1019545	0.007641418	0.09465625	79.0	3928.0816535949707
136	0.8108506	0.17119785	1.1353056	0.6523139	1.5632747	-0.6046864	14.088366	0.8618071	0.2956704	1.5752951	-0.6772893	4384000	0.000119558536	0.09489091	0.01163835	-0.013260188	-0.041103043	1.0994408	0.008453159	0.096687496	79.0	3957.509558916092
137	0.8016317	0.1711317	1.1194038	0.6701025	1.5438042	-0.66389763	14.145796	0.87696666	0.30140802	1.5146371	-0.72295904	4416000	-0.000102447346	0.11028194	0.011655357	-0.014623943	-0.043117613	1.1051797	0.009914516	0.09675	79.0	3986.8628618717194
138	0.7951475	0.1944997	1.1152602	0.67466724	1.5394543	-0.5068888	13.583048	0.8647824	0.29975253	1.5481327	-0.7091341	4448000	1.3408251e-05	0.11615743	0.011385333	-0.013941609	-0.04754428	1.0825725	0.007572068	0.0999375	79.0	4016.382645368576
139	0.78432167	0.20160705	1.0908371	0.7067631	1.5476596	-0.91548467	13.519625	0.87095666	0.28781718	1.62487	-0.62365675	4480000	-9.39942e-05	0.124406055	0.011408179	-0.012649625	-0.06192232	1.0849338	0.008658574	0.089781255	79.0	4045.9436695575714
140	0.73722935	0.23149668	1.0253745	0.7204746	1.5447179	-0.43289858	13.557167	0.8367427	0.32778963	1.4048251	-1.0985048	4512000	9.254552e-06	0.13707393	0.0116937775	-0.014132015	-0.059901237	1.1058964	0.0068131867	0.0969375	79.0	4075.3801963329315
141	0.77211773	0.207209	1.0805761	0.6897057	1.5337282	-0.4246413	13.609777	0.81944615	0.34435168	1.5435693	-0.72053194	4544000	-0.00017062528	0.09005539	0.011202931	-0.013341084	-0.042803153	1.0682632	0.009023851	0.09825	79.0	4104.699434757233
142	0.8409169	0.15012869	1.1875104	0.62087226	1.558261	-0.77659225	14.036726	0.8649156	0.32760647	1.7010858	-0.73710644	4576000	-8.112937e-05	0.0822238	0.011155855	-0.013287395	-0.039296746	1.0574198	0.0069224834	0.09406251	79.0	4134.291106700897
143	0.81333846	0.17425591	1.1452243	0.648103	1.5546551	-0.8879267	13.861257	0.896963	0.28316435	1.5379275	-0.8967402	4608000	-9.826105e-05	0.09299779	0.011325657	-0.0135155255	-0.035950024	1.0734966	0.0069505973	0.0830625	79.0	4163.563961267471
144	0.8214466	0.14222334	1.1606927	0.63906217	1.5448332	-0.5811683	14.338156	0.8834413	0.30654284	1.4994657	-0.8132981	4640000	6.0963444e-05	0.10033353	0.011341918	-0.0134622995	-0.03896524	1.0750299	0.008086313	0.096875	79.0	4193.090961456299
145	0.8071793	0.18031299	1.1376497	0.65786904	1.5395796	-0.5102073	13.762609	0.8847936	0.27603033	1.4442731	-0.6056644	4672000	-0.00011144485	0.10841849	0.011007659	-0.013061343	-0.046354324	1.037457	0.0070527326	0.08996875	79.0	4222.508308172226
146	0.77630603	0.192368	1.0925932	0.6987807	1.5381272	-0.8338039	13.585751	0.87639374	0.31783968	1.8456334	-0.5219328	4704000	-0.000111136585	0.12492881	0.010848576	-0.013410972	-0.057694986	1.0276436	0.00783827	0.086812496	79.0	4251.921689033508
147	0.7252766	0.23959668	1.0145473	0.7247478	1.5498048	-0.39039612	13.22629	0.82104117	0.33394834	1.5065334	-0.817684	4736000	9.325147e-05	0.14757192	0.011030849	-0.013389595	-0.072663024	1.0406804	0.006710682	0.0884375	79.0	4281.341012239456
148	0.74035764	0.21932864	1.0400921	0.7033651	1.5912737	-0.4517684	13.86431	0.8063894	0.36192995	1.5830832	-1.0985619	4768000	-1.1175871e-05	0.12855993	0.010842236	-0.014859326	-0.056142196	1.0246838	0.008956675	0.09153125	79.0	4310.805028438568
149	0.8385973	0.14892787	1.1871448	0.61941785	1.5749593	-0.4971616	13.919737	0.86403626	0.30443028	1.5299939	-0.8125925	4800000	0.00016892701	0.08533271	0.010554848	-0.013400745	-0.044208124	0.9991907	0.00756846	0.090875	79.0	4340.31817650795
150	0.80690324	0.1843877	1.1359752	0.66012144	1.5431548	-0.52894765	13.592465	0.8859597	0.31391394	1.6644009	-0.9172328	4832000	-0.00016648741	0.11122205	0.010768397	-0.013090433	-0.049548633	1.0172809	0.008989263	0.09846875	79.0	4369.835734605789
151	0.8224158	0.15281868	1.1631002	0.64460343	1.5446551	-0.55314374	13.835801	0.9109685	0.2743665	1.5871322	-0.63766116	4864000	-1.2056436e-05	0.10926884	0.010745669	-0.01304443	-0.052096877	1.0138603	0.008695717	0.08209375	79.0	4399.478902339935
152	0.8080294	0.17109944	1.1440115	0.6517053	1.5369478	-0.6959675	13.757786	0.90020925	0.2671072	1.5756218	-0.6553212	4896000	-0.00012334157	0.11371465	0.010366172	-0.013686193	-0.044172987	0.97645974	0.008200769	0.09140625	79.0	4428.895033597946
153	0.7909842	0.19200265	1.1171291	0.6758236	1.5430272	-0.6926801	13.373103	0.8627976	0.30821523	1.7073427	-0.5922903	4928000	5.7076104e-06	0.106539756	0.010494375	-0.012633493	-0.039886296	0.993054	0.0062287273	0.08425	79.0	4458.3178153038025
154	0.7582057	0.21692576	1.0642147	0.70589274	1.5413344	-0.45506558	13.260888	0.86793983	0.30017337	1.5453981	-0.5071207	4960000	-9.1545284e-05	0.11626339	0.010532143	-0.013412048	-0.044546574	0.9962939	0.0065501174	0.08356249	79.0	4487.6633360385895
155	0.7851334	0.19262108	1.1067978	0.68053484	1.5793393	-1.0657132	13.562286	0.8675412	0.30953494	1.6397268	-0.41991192	4992000	-9.244587e-05	0.10502176	0.0103660375	-0.014057005	-0.04999274	0.9817736	0.009072179	0.0963125	79.0	4517.005534648895
156	0.7900501	0.19248766	1.1058372	0.68469685	1.5444543	-0.45282695	13.607877	0.8808376	0.32331654	1.6502565	-0.8110077	5024000	1.15484e-07	0.11003162	0.010522205	-0.014531353	-0.05122011	0.9936487	0.009245279	0.1000625	79.0	4546.357216835022
157	0.8076961	0.17122376	1.1401602	0.65300405	1.5469022	-0.83948344	13.840035	0.86213076	0.30787012	1.5294964	-0.70035785	5056000	-1.737941e-05	0.117662415	0.010525297	-0.0128167635	-0.055082284	0.9935301	0.006995947	0.0820625	79.0	4575.621749639511
158	0.8355198	0.13913548	1.185186	0.62404734	1.5340801	-0.593802	14.078319	0.8715587	0.28502837	1.40827	-0.92896575	5088000	-9.346753e-05	0.11031383	0.010467694	-0.012766784	-0.049714334	0.9841181	0.0075964434	0.0841875	79.0	4605.014896631241
159	0.8076572	0.18184674	1.1418412	0.6597498	1.5442271	-0.58945894	13.443316	0.8765604	0.28773007	1.7269006	-0.58049756	5120000	8.277409e-05	0.108769864	0.010022583	-0.014295885	-0.05116752	0.9420744	0.009792965	0.09221876	79.0	4634.439864873886
160	0.7910886	0.1818313	1.1254354	0.66780794	1.5434091	-0.6128325	13.427487	0.8697483	0.30448952	1.5683852	-0.8243921	5152000	-6.776955e-05	0.12845287	0.010073428	-0.013307359	-0.05751852	0.9517704	0.008930053	0.080312505	79.0	4663.963947057724
161	0.7520163	0.22232167	1.0492257	0.71113646	1.5365397	-0.47952417	13.543441	0.8675982	0.3096875	1.60974	-0.5415445	5184000	-0.00020902045	0.12669003	0.010426434	-0.013023971	-0.058211	0.97945046	0.0066929013	0.08796875	79.0	4693.544571638107
162	0.80513704	0.1809239	1.1334857	0.66374743	1.5659374	-0.5669446	13.6702585	0.83067364	0.3405486	1.8165592	-0.8569045	5216000	0.00011329539	0.101278804	0.010046302	-0.013674977	-0.04667703	0.94796336	0.007919372	0.0945625	79.0	4723.04363489151
163	0.79835963	0.18573937	1.1235621	0.6685795	1.5530163	-0.43856397	13.627797	0.8910375	0.29536772	1.4933354	-0.8237437	5248000	9.123562e-05	0.09850587	0.010284156	-0.0134566	-0.038861923	0.96687806	0.0077168923	0.088375	79.0	4752.406646728516
164	0.84047693	0.1434664	1.1889435	0.6174583	1.5420535	-0.5220315	13.951499	0.8806207	0.2950775	1.5187037	-0.63771445	5280000	-3.1916425e-06	0.08933161	0.010194091	-0.013036087	-0.037362814	0.9558028	0.006445884	0.086125	79.0	4781.933838844299
165	0.8536761	0.115339234	1.2225702	0.5816575	1.5346811	-0.55669236	14.343128	0.89755845	0.27568775	1.5553745	-0.838746	5312000	7.2008e-05	0.09633388	0.01007865	-0.013453001	-0.040648744	0.9497713	0.008396966	0.084125	79.0	4811.386228561401
166	0.8107898	0.17527021	1.1505979	0.65481853	1.5445555	-0.7128281	13.356239	0.90542215	0.27557638	1.5764081	-0.61836183	5344000	-0.00011749938	0.106313705	0.009771416	-0.01297041	-0.047046915	0.9200823	0.007219379	0.08796875	79.0	4840.809950828552
167	0.7825651	0.18293414	1.1108549	0.6787239	1.5478661	-0.7840934	13.596318	0.8510365	0.34442413	1.5169994	-1.0131996	5376000	3.87216e-05	0.12206362	0.010085832	-0.014187484	-0.055573598	0.94351566	0.008198904	0.089	79.0	4870.209722042084
168	0.74504316	0.23326474	1.0442151	0.7167695	1.5740968	-0.41433805	13.23375	0.84098154	0.33447015	1.69088	-0.88409925	5408000	-0.00015064422	0.11748857	0.009987341	-0.012773768	-0.05031139	0.9422	0.0060797394	0.08706249	79.0	4899.695110797882
169	0.8020259	0.18924125	1.1345447	0.66366357	1.570522	-0.50462484	13.4944725	0.8830575	0.3103792	1.621433	-0.9259578	5440000	3.64827e-05	0.101246625	0.009932848	-0.013830097	-0.0471069	0.9314091	0.008357614	0.0820625	79.0	4929.096917390823
170	0.83989215	0.14773984	1.1915118	0.6081504	1.5648308	-0.47212583	13.93058	0.8791766	0.31263813	1.7452997	-0.7667234	5472000	-3.5372796e-05	0.08911477	0.0098146275	-0.0134449825	-0.034539703	0.9197271	0.0072032604	0.08284375	79.0	4958.485321760178
171	0.8540844	0.12216806	1.2179865	0.5950577	1.5782992	-0.5436305	14.113879	0.90855306	0.2680993	1.5187285	-0.71677345	5504000	-2.537109e-05	0.09381505	0.009852715	-0.013675757	-0.042420927	0.92331666	0.008219385	0.079125	79.0	4987.827723503113
172	0.84647727	0.13925447	1.2137088	0.5968924	1.5324024	-0.5175521	13.7707615	0.9084119	0.27198422	1.478704	-0.90390843	5536000	3.1171367e-05	0.092170715	0.009602744	-0.013150133	-0.038699556	0.9003149	0.008046322	0.086375	79.0	5017.254392147064
173	0.8243446	0.1600265	1.1774195	0.62751734	1.5422976	-0.76511407	13.641136	0.8978444	0.31187144	1.8390545	-0.63465965	5568000	9.705778e-05	0.09894956	0.009540899	-0.013444349	-0.042008862	0.8962296	0.0068990896	0.0775	79.0	5046.5638864040375
174	0.7957976	0.1908673	1.1289926	0.6732749	1.5457215	-0.75473315	13.08676	0.8932992	0.2728816	1.529022	-0.6257752	5600000	-2.2528693e-05	0.095623784	0.009413827	-0.0126501825	-0.03792423	0.8865026	0.0069495705	0.085812494	79.0	5075.925977468491
175	0.7892277	0.19553825	1.1108689	0.6755521	1.534011	-0.4172178	13.439189	0.86766356	0.3365786	1.5814182	-0.58558184	5632000	-3.2945536e-05	0.09471117	0.009743181	-0.012710824	-0.046513736	0.92029244	0.007689481	0.08	79.0	5105.288821220398
176	0.8372761	0.14513831	1.1897131	0.61350554	1.5613692	-0.5722987	13.966549	0.8916687	0.3171704	1.8096702	-0.98473936	5664000	-1.9614585e-05	0.10034496	0.009750357	-0.012545694	-0.049872257	0.9139365	0.008237012	0.0789375	79.0	5134.658958911896
177	0.80680436	0.16294856	1.138967	0.66093343	1.5602043	-0.46334007	13.755199	0.8863544	0.28469202	1.4936268	-0.56372535	5696000	8.844212e-05	0.109362036	0.009898917	-0.013581486	-0.046026584	0.9310344	0.007327331	0.08390625	79.0	5164.024177074432
178	0.84136266	0.13350895	1.1979795	0.61675286	1.5695103	-0.53715545	13.971391	0.8991588	0.30620995	1.6812643	-0.83559805	5728000	-3.1635165e-05	0.10071597	0.009742426	-0.0140088	-0.045777254	0.9156132	0.008751364	0.09371875	79.0	5193.304274559021
179	0.81836045	0.16288194	1.1686158	0.6395189	1.5359645	-0.77637625	13.415683	0.90269727	0.28503814	1.5889658	-0.6131171	5760000	-0.00011507608	0.10268983	0.00960749	-0.012139637	-0.043513354	0.89638036	0.00660896	0.07946875	79.0	5222.741920948029
180	0.78784704	0.17811805	1.1206847	0.67952377	1.5415108	-0.74266636	13.4043	0.8614197	0.31989482	1.5326462	-0.6898591	5792000	-9.8390505e-05	0.12251192	0.009733725	-0.013963233	-0.05983981	0.9088241	0.007488408	0.091375	79.0	5252.126008749008
181	0.7671652	0.2179372	1.0871481	0.69590557	1.5493845	-0.47095665	12.8373785	0.87610906	0.29305112	1.4559518	-0.5621599	5824000	8.5681677e-07	0.115191735	0.009372355	-0.014395798	-0.046032973	0.8854385	0.008971853	0.088375	79.0	5281.495514392853
182	0.79858017	0.1842689	1.1303928	0.66437584	1.5444522	-0.53721106	13.350841	0.87787426	0.31312862	1.5650023	-0.67332727	5856000	-1.7881393e-07	0.088675044	0.009662809	-0.013146039	-0.03815231	0.9069966	0.009463341	0.084562495	79.0	5310.983642816544
183	0.8467933	0.14254202	1.2038019	0.59785795	1.5868301	-0.4650366	13.856458	0.90265334	0.2898874	1.5441134	-0.7367176	5888000	-1.7248094e-06	0.080283046	0.009715887	-0.013539266	-0.03581509	0.9104506	0.007458792	0.08715625	79.0	5340.440103292465
184	0.8266928	0.15055528	1.1780605	0.629784	1.5907106	-0.508857	13.791233	0.89958555	0.2897747	1.5510086	-0.94015676	5920000	-6.989669e-05	0.10153517	0.0097361	-0.012085629	-0.045866016	0.91476214	0.0058166236	0.07390625	79.0	5369.999809741974
185	0.84395623	0.13127261	1.2074165	0.60661817	1.5393811	-0.5043741	13.802517	0.8987976	0.29650152	1.5627477	-0.9019018	5952000	0.000113293994	0.08858882	0.009724312	-0.012557569	-0.035728797	0.9138982	0.008452494	0.09275	79.0	5399.529924154282
186	0.81392384	0.1673963	1.161179	0.6504388	1.5388353	-0.80280226	13.453814	0.8839162	0.301116	1.5098804	-0.48842838	5984000	-0.00012835069	0.09955771	0.009529635	-0.0136432815	-0.03739547	0.88851416	0.0067457417	0.08521875	79.0	5428.844151973724
187	0.7772014	0.19620186	1.1056157	0.6837159	1.5448048	-0.7795254	13.158264	0.86213124	0.3293045	1.5047956	-0.93225265	6016000	-9.121932e-05	0.11800003	0.009562595	-0.014866096	-0.050844595	0.8977669	0.008605482	0.0961875	79.0	5458.3229167461395
188	0.77929497	0.21426848	1.0986879	0.6900354	1.5377468	-0.392693	12.804523	0.86245644	0.31886527	1.5159215	-0.6096209	6048000	0.0001617404	0.08375399	0.009382199	-0.012438356	-0.037853345	0.8827201	0.006542683	0.0798125	79.0	5487.952408790588
189	0.8136517	0.17266658	1.1536052	0.6508826	1.5740968	-0.520209	13.361532	0.8956285	0.3113934	1.7519063	-0.90687793	6080000	-5.1513314e-05	0.086020015	0.009587887	-0.013784252	-0.03587389	0.89677346	0.008189866	0.092187494	79.0	5517.333995342255
190	0.8236305	0.15904166	1.1694032	0.63787013	1.6033473	-0.89277714	13.619211	0.88693625	0.3142116	1.6284224	-0.8800578	6112000	1.1257827e-05	0.08850491	0.009624409	-0.013895799	-0.03340505	0.9008943	0.009322323	0.086500004	79.0	5546.764762639999
191	0.858959	0.115675665	1.2312225	0.57870805	1.5910137	-0.5072135	14.026548	0.9187149	0.27370664	1.5775405	-0.66056746	6144000	2.7853064e-05	0.09399719	0.009534444	-0.013506152	-0.040882677	0.8917258	0.008696394	0.0823125	79.0	5576.220428943634
192	0.8365905	0.14394912	1.1921422	0.6236173	1.5383472	-0.7485359	13.721071	0.90650517	0.26485658	1.5502889	-0.6086996	6176000	-7.98665e-05	0.09511834	0.009536477	-0.013258149	-0.037728287	0.89751136	0.008237375	0.091000006	79.0	5605.68638753891
193	0.8216703	0.15465106	1.1769763	0.64085025	1.542437	-0.7819848	13.37563	0.8994189	0.29727557	1.8606473	-0.47094035	6208000	3.0382536e-05	0.08776696	0.009521073	-0.01271693	-0.03842366	0.88951564	0.007250932	0.077968754	79.0	5635.053434610367
194	0.7728381	0.20220193	1.0898527	0.7023487	1.5477713	-0.75648874	12.966206	0.8906747	0.31204218	1.5570648	-0.732979	6240000	4.6903268e-05	0.107743	0.00957692	-0.01520454	-0.05205723	0.9011945	0.008812025	0.0900625	79.0	5664.520314216614
195	0.81343514	0.17090666	1.154194	0.647596	1.5329006	-0.4069951	13.5025425	0.8806116	0.32320824	1.4444172	-0.97558314	6272000	6.0994178e-05	0.08593807	0.009541221	-0.012785566	-0.033277594	0.897177	0.00767464	0.082312495	79.0	5693.926057338715
196	0.8289807	0.14406495	1.1853926	0.6205667	1.5851552	-0.5583735	13.843804	0.9016068	0.2926273	1.6685766	-0.6611071	6304000	7.619616e-05	0.10240434	0.009658676	-0.014007848	-0.046167053	0.9007331	0.00774599	0.08534375	79.0	5723.339493751526
197	0.82694626	0.14653614	1.177587	0.6238921	1.598024	-0.5035465	13.92338	0.87599444	0.30379784	1.4373158	-0.62402904	6336000	0.00017569121	0.08782922	0.009679193	-0.013250564	-0.031780515	0.9110733	0.00714042	0.09265625	79.0	5752.767050743103
198	0.8563945	0.12953478	1.2267344	0.5897596	1.5940886	-0.55018014	13.722319	0.90954185	0.28168896	1.48362	-0.6923249	6368000	0.0002732193	0.07211958	0.009540474	-0.013098884	-0.02476097	0.894858	0.0067452397	0.0840625	79.0	5782.1502730846405
199	0.83898234	0.14198914	1.1985593	0.62187356	1.5455978	-0.78723395	13.585616	0.90281373	0.28474993	1.4409797	-0.8330441	6400000	0.00024591293	0.08747305	0.009552542	-0.012702731	-0.035890482	0.8973962	0.006784554	0.0846875	79.0	5811.580706119537
200	0.813813	0.14799555	1.1638222	0.65447193	1.5525974	-0.7688935	13.576496	0.8646141	0.3616588	1.6291136	-0.7926638	6432000	-5.969545e-06	0.09604678	0.009414412	-0.013724083	-0.04026594	0.886793	0.008531168	0.08409375	79.0	5840.9470636844635
201	0.8084148	0.17673182	1.1508323	0.6615399	1.5415753	-0.7410399	13.003273	0.88684124	0.3110121	1.5257837	-0.9743963	6464000	-1.0877848e-05	0.08455551	0.009285357	-0.012380326	-0.03620828	0.87292403	0.006350343	0.076625	79.0	5870.337963819504
202	0.80464315	0.18324518	1.1426502	0.65444744	1.5530163	-0.4675056	13.388468	0.88955474	0.33438993	1.763026	-0.9566388	6496000	0.00023046695	0.0844941	0.009458993	-0.014050051	-0.03668478	0.88578814	0.008868154	0.087937504	79.0	5899.783591032028
203	0.8377174	0.14845273	1.1997085	0.6015079	1.6081593	-0.42725557	13.656627	0.91481435	0.26975533	1.5641366	-0.6866576	6528000	3.7085265e-06	0.09061392	0.009368351	-0.014192379	-0.038970638	0.87892485	0.00745988	0.0910625	79.0	5929.138405323029
204	0.8136593	0.16348864	1.1598581	0.64212227	1.5992261	-0.4903473	13.5759	0.88032603	0.3082656	1.5830369	-0.931217	6560000	3.4502707e-05	0.10754523	0.0096292235	-0.014359269	-0.050213546	0.8989248	0.007951405	0.08871875	79.0	5958.656683444977
205	0.8639798	0.12559634	1.2346381	0.5844487	1.5433472	-0.68477917	13.709413	0.90814114	0.28805873	1.5755566	-0.6367754	6592000	0.00015239883	0.07382546	0.009416719	-0.013906272	-0.03138554	0.88092214	0.008168689	0.08934376	79.0	5988.244010686874
206	0.83511984	0.13941464	1.1967099	0.6271356	1.5442325	-0.76742744	13.461993	0.9213683	0.27562466	1.4595838	-0.90768564	6624000	6.846711e-05	0.09807539	0.009389892	-0.014515348	-0.04962461	0.87152326	0.00782067	0.08471875	79.0	6017.614237546921
207	0.8006339	0.17437917	1.145469	0.6676045	1.5497824	-0.74525106	13.036825	0.8734261	0.35177773	1.6413121	-0.8569246	6656000	1.1280179e-05	0.09137924	0.009277848	-0.012740281	-0.035427995	0.8707315	0.0070242784	0.08778125	79.0	6047.0167508125305
208	0.8106317	0.18122452	1.1525483	0.65262157	1.5740968	-0.42465487	13.013911	0.8905249	0.31612837	1.4964226	-0.61530113	6688000	-0.00019494258	0.088615656	0.009026706	-0.01319821	-0.03987699	0.8455075	0.007621719	0.078812495	79.0	6076.467177867889
209	0.8380614	0.14807084	1.2006751	0.61220765	1.5740968	-0.4162976	13.497454	0.9093852	0.30025384	1.6344796	-0.77957594	6720000	-0.000112960115	0.07516162	0.009251173	-0.013362339	-0.030853376	0.8683069	0.0072585046	0.08640625	79.0	6106.045320034027
210	0.8364896	0.147674	1.1969335	0.60354173	1.6033473	-0.47709572	13.765598	0.91246337	0.27884027	1.5031568	-0.6550479	6752000	-8.1470236e-05	0.08856623	0.009507846	-0.01340064	-0.036931537	0.8876692	0.009127276	0.08953125	79.0	6135.410630702972
211	0.8473574	0.1294184	1.2139996	0.5956377	1.6053554	-0.6549114	13.852352	0.91151893	0.28836408	1.4905642	-0.58920664	6784000	0.00011782162	0.09531541	0.009684354	-0.013913801	-0.04208529	0.9020175	0.008541388	0.087843746	79.0	6164.956375837326
212	0.8676824	0.11517398	1.2477821	0.57759976	1.5417256	-0.580374	13.573806	0.9360137	0.238051	1.5846866	-0.5041335	6816000	-8.503813e-05	0.08192303	0.009407477	-0.014566093	-0.03787207	0.88078284	0.008339086	0.09259375	79.0	6194.582082986832
213	0.823293	0.15174064	1.1833279	0.6281741	1.5479963	-0.7680197	13.259197	0.9187473	0.28841776	1.4380047	-0.54735696	6848000	3.4916215e-05	0.107139625	0.00956452	-0.015225762	-0.04586474	0.8913259	0.008492225	0.09365625	79.0	6224.136787652969
214	0.80781317	0.15971532	1.1573683	0.6475544	1.5463675	-0.44630238	13.385101	0.8843569	0.31285283	1.459827	-0.75122386	6880000	-5.7542697e-05	0.09578012	0.009509247	-0.013956735	-0.040062293	0.8899545	0.0068539632	0.08384375	79.0	6253.515048265457
215	0.83307695	0.1549799	1.1889104	0.6260607	1.5379317	-0.40592647	13.341484	0.8884154	0.3241949	1.5427902	-0.81406206	6912000	-1.0945834e-05	0.07132767	0.0092670685	-0.012868503	-0.03305695	0.86694825	0.0062532267	0.08365625	79.0	6283.01430439949
216	0.8589951	0.12667501	1.237549	0.55827254	1.5803292	-0.37485787	13.881993	0.92732763	0.27728355	1.6316863	-0.6751476	6944000	-3.321655e-05	0.07517591	0.009335522	-0.013075028	-0.032850824	0.8721775	0.006981501	0.08584375	79.0	6312.561260461807
217	0.8390108	0.14694616	1.2029934	0.6019412	1.6029512	-0.5056746	13.66136	0.92814827	0.24688087	1.4896544	-0.75439787	6976000	0.000101975165	0.0838801	0.009312488	-0.014371041	-0.033082142	0.87302244	0.007207197	0.08643749	79.0	6342.185464859009
218	0.8839871	0.11244142	1.2749146	0.54116607	1.6053554	-0.5351056	13.521758	0.93581945	0.2652692	1.7640669	-0.9422634	7008000	-8.258969e-06	0.053571068	0.009100748	-0.012715329	-0.02181856	0.85337245	0.008011725	0.0835625	79.0	6371.574245929718
219	0.84646475	0.13440302	1.2150306	0.59922177	1.5406106	-0.6964158	13.602058	0.9538871	0.2420577	1.471774	-0.7616522	7040000	0.00041143596	0.101880416	0.009319924	-0.015898792	-0.042415015	0.867597	0.00959366	0.099125	79.0	6400.923451185226
220	0.83909625	0.1404793	1.2093554	0.6130261	1.5436151	-0.6944131	13.227574	0.88963914	0.29875693	1.431117	-0.55191666	7072000	9.614322e-05	0.08317906	0.009066997	-0.013128396	-0.03563141	0.84590113	0.0071953395	0.08425	79.0	6430.318910598755
221	0.8194941	0.16007818	1.1756694	0.6341861	1.547816	-0.44137913	13.150662	0.90643555	0.3070064	1.4326245	-0.6694295	7104000	-1.9032508e-05	0.08268082	0.009029287	-0.013947954	-0.035086457	0.8422657	0.007873814	0.08265625	79.0	6459.7296504974365
222	0.82052857	0.16795653	1.1711036	0.6425617	1.5740968	-0.41910952	13.137831	0.9025901	0.31082457	1.5104468	-0.66690636	7136000	0.00010918314	0.079067454	0.0088991085	-0.013859998	-0.036585085	0.8319952	0.006845586	0.0845	79.0	6489.314292430878
223	0.8530294	0.13664532	1.2245643	0.5794848	1.5740968	-0.40076715	13.633162	0.93123287	0.26412132	1.5429666	-0.7384684	7168000	-4.8864633e-05	0.07894904	0.008888994	-0.01314284	-0.033911757	0.82908523	0.007761648	0.088750005	79.0	6518.943530321121
224	0.86100024	0.12862355	1.2365698	0.5748244	1.599344	-0.55703306	13.5477	0.9195515	0.27152717	1.6011558	-0.80460155	7200000	-7.4654818e-06	0.06599644	0.008917731	-0.013738005	-0.031659942	0.82928586	0.006976681	0.076000005	79.0	6548.509023189545
225	0.8452605	0.13202536	1.2130744	0.6117821	1.5782992	-0.63846684	13.556314	0.9365078	0.27404374	1.699258	-0.5593772	7232000	-1.8874183e-05	0.091618195	0.009118035	-0.013979197	-0.040619887	0.8448857	0.00908476	0.09056251	79.0	6577.996856689453
226	0.8781813	0.10813379	1.2692938	0.55401194	1.5477641	-0.7497665	13.489407	0.91357446	0.28973028	1.5069559	-0.6494526	7264000	-7.6435506e-05	0.07836566	0.008838536	-0.012835462	-0.03726913	0.82090294	0.0069204494	0.081781246	79.0	6607.591044187546
227	0.8048122	0.16857624	1.1588076	0.65032774	1.5548048	-0.57225263	13.1334715	0.91579884	0.3083541	1.5917538	-0.5849877	7296000	0.00018340535	0.10603805	0.008991944	-0.0146823395	-0.04465215	0.8327218	0.008060042	0.08615625	79.0	6637.044578552246
228	0.8026929	0.17577966	1.1469256	0.6550805	1.5740968	-0.38216817	13.090198	0.8803353	0.32853037	1.5252674	-0.63704336	7328000	2.9093586e-05	0.08945058	0.008883835	-0.014316034	-0.03652018	0.8284067	0.008764267	0.0833125	79.0	6666.4640526771545
229	0.8257418	0.1657812	1.1849769	0.6211732	1.5740968	-0.3807822	13.13843	0.89263624	0.31140018	1.5815016	-0.67001283	7360000	1.3536774e-05	0.07364518	0.008708298	-0.013553454	-0.028646395	0.81380075	0.0077453475	0.08540625	79.0	6695.8696274757385
230	0.85653543	0.122293554	1.2361333	0.5627735	1.5828682	-0.37940633	13.833188	0.9348281	0.25051624	1.4819012	-0.60003203	7392000	4.0860847e-05	0.087679096	0.008927088	-0.013896465	-0.04078561	0.8271614	0.007946182	0.080874994	79.0	6725.476282835007
231	0.8403201	0.14778367	1.2019103	0.61492294	1.5817059	-0.67669934	13.385522	0.9219499	0.28441358	1.5862294	-0.8813799	7424000	8.136965e-05	0.084095255	0.008914632	-0.014107712	-0.03367593	0.8289008	0.006453151	0.087125	79.0	6754.975310325623
232	0.8683562	0.11429471	1.2524753	0.5651983	1.5390803	-0.6764275	13.642367	0.9262533	0.27252614	1.546765	-0.5928007	7456000	1.9226223e-05	0.0831969	0.008833719	-0.014103966	-0.038345996	0.8194157	0.009602128	0.09428125	79.0	6784.4058248996735
233	0.8665444	0.117929496	1.2544045	0.5616031	1.5442767	-0.9297756	13.437394	0.9270525	0.2728327	1.4764787	-0.5598622	7488000	-0.00010941364	0.086908974	0.008633518	-0.013847298	-0.041981857	0.80186653	0.008406609	0.08915625	79.0	6813.856309890747
234	0.84619176	0.1371572	1.2195865	0.60005337	1.5479809	-0.45997497	13.193107	0.9219956	0.28694662	1.4605716	-0.7336418	7520000	-4.7232956e-05	0.07501606	0.008591289	-0.013813269	-0.030389244	0.80323094	0.00672645	0.086218745	79.0	6843.347947835922
235	0.83744526	0.14699273	1.2010294	0.61495936	1.5659374	-0.53252554	13.324539	0.92145115	0.30471048	1.4319328	-0.5469995	7552000	6.55232e-05	0.07101124	0.008511541	-0.013479855	-0.02848795	0.79394937	0.008762874	0.08596875	79.0	6872.844851732254
236	0.84048253	0.14428166	1.2055752	0.60332656	1.596066	-0.37691686	13.401771	0.92766154	0.28320512	1.4605573	-0.5766088	7584000	1.5205238e-05	0.07958168	0.00860592	-0.013840858	-0.029690046	0.8036947	0.009621417	0.084687494	79.0	6902.318947315216
237	0.85406303	0.12864338	1.2262595	0.58413416	1.5918803	-0.5426008	13.592894	0.9276799	0.26771244	1.5234147	-0.7383865	7616000	-4.273653e-05	0.080651	0.008812726	-0.013031798	-0.029082656	0.8196548	0.0055786707	0.08109375	79.0	6931.7147924900055
238	0.86341107	0.12066771	1.2415452	0.5754716	1.564155	-0.5485725	13.686747	0.9317794	0.2724675	1.5502986	-0.73801816	7648000	-8.2144514e-05	0.08180407	0.008721047	-0.015002452	-0.031045495	0.81085	0.009159837	0.08903125	79.0	6961.096773147583
239	0.8849069	0.10476821	1.28266	0.53553283	1.538566	-0.53188527	13.496598	0.9329141	0.26474237	1.4785802	-0.57666016	7680000	-1.414353e-05	0.06446777	0.00838463	-0.012648842	-0.026864544	0.78046	0.0059272237	0.07325	79.0	6990.58327794075
240	0.82778794	0.13818684	1.1972075	0.61649555	1.5469042	-0.63900185	13.4379225	0.92422926	0.29458994	1.451613	-0.670134	7712000	-0.00017758645	0.105805084	0.008559024	-0.015098431	-0.049550295	0.79729533	0.00807678	0.08240625	79.0	7020.092471837997
241	0.81092924	0.15327004	1.172538	0.63286614	1.548452	-0.4111361	13.337395	0.88238925	0.3222835	1.4284678	-0.6893837	7744000	1.4718622e-05	0.10678953	0.008617984	-0.013791459	-0.045299783	0.8001502	0.0071380073	0.085468754	79.0	7049.511360883713
242	0.8057486	0.16925074	1.1546698	0.64815015	1.5530163	-0.44832754	13.24875	0.8784086	0.3266891	1.4868261	-0.8568397	7776000	-9.878073e-06	0.08466315	0.008592232	-0.014665745	-0.033788748	0.80009353	0.008623414	0.08809375	79.0	7078.89471411705
243	0.8580787	0.122750804	1.2351706	0.5755473	1.5724657	-0.4532316	13.53833	0.91260034	0.28296795	1.5686176	-1.1022583	7808000	4.797615e-05	0.085859895	0.008558388	-0.015034169	-0.039184734	0.7916819	0.009105592	0.0865625	79.0	7108.455191850662
244	0.8266723	0.15447083	1.1849355	0.61882323	1.6081593	-0.52843255	13.45	0.9169159	0.27349105	1.4677513	-0.84178233	7840000	-4.1160733e-05	0.0997409	0.008670391	-0.015143753	-0.04248587	0.804659	0.009522788	0.094812505	79.0	7137.957579612732
245	0.85338295	0.13110575	1.2267252	0.5995468	1.5703292	-0.61361265	13.369949	0.909411	0.28285947	1.7018937	-1.0290451	7872000	-8.593593e-05	0.09179732	0.008692344	-0.014013875	-0.043945752	0.80753887	0.008935237	0.0889375	79.0	7167.361300468445
246	0.8435443	0.13928321	1.2167065	0.60252756	1.5436585	-0.5087718	13.149007	0.9079564	0.3047648	1.6786523	-0.94144505	7904000	4.8354268e-05	0.08026903	0.008514525	-0.014635393	-0.032793257	0.79148865	0.0068517905	0.08125	79.0	7196.874795198441
247	0.8284252	0.14915878	1.1929001	0.621931	1.5489086	-0.5568887	13.065594	0.92644066	0.28972384	1.4237947	-0.6613127	7936000	0.00010223081	0.09990679	0.008499447	-0.014980067	-0.047138557	0.78789204	0.007576468	0.078250006	79.0	7226.355612754822
248	0.81793773	0.15452966	1.1760492	0.63342786	1.5464214	-0.39867112	13.36172	0.89257836	0.31657726	1.60625	-0.8784462	7968000	0.0001033498	0.0873963	0.008615546	-0.014558031	-0.03778149	0.80220395	0.00744082	0.086906254	79.0	7255.913972616196
249	0.8554925	0.13584682	1.2334449	0.5811204	1.5740968	-0.38964066	13.221298	0.91310465	0.30292198	1.4187747	-0.88753915	8000000	1.8162653e-05	0.06129276	0.008334939	-0.014912119	-0.027781043	0.77384937	0.009053876	0.092593744	79.0	7285.442496299744
250	0.8676023	0.114882074	1.2528274	0.5507719	1.5948163	-0.42476746	13.671687	0.94619334	0.2591655	1.5205506	-0.76907045	8032000	3.2780692e-05	0.08084589	0.008582341	-0.0143220555	-0.034035705	0.7946895	0.008047031	0.09090625	79.0	7314.891468524933
251	0.85307956	0.13856345	1.2245685	0.5967505	1.5884314	-0.5698698	13.275544	0.93110114	0.25838897	1.5198231	-0.727996	8064000	-3.106892e-06	0.08133805	0.008573422	-0.014128152	-0.038933095	0.795027	0.008066814	0.08665625	79.0	7344.380801916122
252	0.8525121	0.1307238	1.2330279	0.58358514	1.543566	-0.5899602	13.34958	0.9395668	0.2618346	1.4920007	-0.7703873	8096000	-6.266497e-05	0.08692697	0.008506766	-0.013373262	-0.036894567	0.7870976	0.0075146686	0.08065625	79.0	7373.907439947128
253	0.8386023	0.13607341	1.2091635	0.6198036	1.5436875	-0.9457432	13.232529	0.92023855	0.28385895	1.5798838	-0.6222878	8128000	-2.9492192e-05	0.10231973	0.0085048545	-0.015546025	-0.05163784	0.7836242	0.010552872	0.0985625	79.0	7403.463752746582
254	0.83125484	0.14531691	1.1967252	0.62235916	1.5439086	-0.67585075	13.13719	0.9024625	0.31564182	1.4008158	-0.6499348	8160000	2.1072105e-05	0.085973114	0.008431257	-0.012883536	-0.038728487	0.7802203	0.0064191567	0.08140625	79.0	7432.942405462265
255	0.8280486	0.1585683	1.1914132	0.62216544	1.5640968	-0.53989017	13.097108	0.9075543	0.30343348	1.4269075	-0.66258943	8192000	1.4186837e-05	0.08241971	0.008196253	-0.013604722	-0.03634996	0.7604497	0.007808146	0.08634375	79.0	7462.388610363007
256	0.8663473	0.12508647	1.2532597	0.5586901	1.5740968	-0.38459158	13.454315	0.9318562	0.28269652	1.6020942	-0.612537	8224000	-7.222686e-05	0.070219874	0.008303712	-0.012466904	-0.028574325	0.7699237	0.0066447696	0.07753125	79.0	7491.823139667511
257	0.8478853	0.12793529	1.2198391	0.59259	1.5849042	-0.4408256	13.6376505	0.9190767	0.26495215	1.395246	-0.61996806	8256000	-5.5283308e-05	0.079984635	0.008730199	-0.013673188	-0.03382416	0.80332816	0.0070898873	0.09309375	79.0	7521.360417366028
258	0.85716784	0.12766773	1.2362802	0.5896334	1.5783768	-0.52985126	13.385101	0.91917723	0.27679408	1.6800327	-0.76548064	8288000	-6.2443316e-05	0.09783335	0.008611267	-0.014250988	-0.05225593	0.7978812	0.008207882	0.089375004	79.0	7550.786508321762
259	0.85740125	0.116904154	1.2414781	0.5833522	1.5519619	-0.69028264	13.527211	0.92394006	0.27695706	1.4631622	-0.71296936	8320000	-9.140279e-05	0.09573848	0.008617101	-0.014890406	-0.0428074	0.79442817	0.007837087	0.08234374	79.0	7580.195592403412
260	0.8419558	0.14481767	1.2180628	0.60627484	1.5465978	-0.76344717	12.990212	0.9214551	0.28648475	1.5705494	-0.5988048	8352000	3.2379758e-05	0.07829881	0.008237869	-0.013577124	-0.029313436	0.7630718	0.0070856675	0.082906246	79.0	7609.6456780433655
261	0.83563805	0.14771143	1.204916	0.6124367	1.5527532	-0.4400487	13.052546	0.9214186	0.29526767	1.5985378	-0.7176824	8384000	-2.5331974e-05	0.07773164	0.008164631	-0.013480248	-0.03607628	0.7592076	0.006883611	0.08875	79.0	7639.139813661575
262	0.8513882	0.12586243	1.227626	0.5862236	1.5740968	-0.5234621	13.566353	0.9201918	0.30542	1.5570318	-0.64788544	8416000	0.00010464154	0.08083775	0.008313122	-0.014506169	-0.035327233	0.77152973	0.007722256	0.09028125	79.0	7668.624931335449
263	0.8653105	0.12262028	1.2518361	0.5611815	1.599344	-0.37283602	13.435702	0.9293705	0.2611113	1.483413	-0.4875271	8448000	0.0002049245	0.08826196	0.008301806	-0.014261765	-0.038330153	0.76824707	0.008006035	0.08103125	79.0	7698.037000179291
264	0.846428	0.13801512	1.2165184	0.602029	1.5782992	-0.54377556	13.37226	0.92900807	0.27097043	1.4765508	-0.59599364	8480000	0.00013575703	0.08181003	0.008494047	-0.014888187	-0.034578636	0.7850751	0.008151698	0.0933125	79.0	7727.417938947678
265	0.84614646	0.1292555	1.2226436	0.60876334	1.5442767	-0.84327203	13.441949	0.90683836	0.31284434	1.6040138	-0.7890873	8512000	1.2174249e-05	0.08644037	0.00860604	-0.01438493	-0.03310223	0.79641247	0.007942514	0.085375	79.0	7756.931297779083
266	0.8369	0.1358192	1.2093363	0.6109961	1.5463675	-0.54371476	13.271321	0.8967731	0.2986687	1.4694694	-0.6677955	8544000	-4.9732625e-07	0.1010239	0.008606352	-0.015035411	-0.047444195	0.78925765	0.00906519	0.084656246	79.0	7786.431457281113
267	0.82973737	0.15710135	1.1973746	0.6207374	1.5470254	-0.5611333	12.864263	0.9081071	0.30990037	1.558405	-0.72208023	8576000	0.00012238976	0.07920558	0.008275688	-0.012848793	-0.03365802	0.7670729	0.008189815	0.095656246	79.0	7815.965884685516
268	0.85209006	0.14133042	1.227261	0.5992626	1.5659374	-0.5811715	12.962195	0.9214983	0.30207148	1.3867962	-0.6909448	8608000	-2.039061e-05	0.06157164	0.008193443	-0.012286713	-0.029514901	0.76132274	0.008784288	0.0851875	79.0	7845.40155005455
269	0.84832704	0.1413874	1.2174625	0.59604675	1.5578177	-0.36976328	13.349833	0.94732016	0.27361673	1.5075562	-0.61625063	8640000	-7.947581e-05	0.08429892	0.008392431	-0.01483458	-0.029706184	0.7777364	0.00827677	0.09925	79.0	7874.8132853508
270	0.8755586	0.11078218	1.2647558	0.5479296	1.584538	-0.740855	13.480932	0.921052	0.25166363	1.4611895	-0.80346704	8672000	-8.401368e-05	0.07175112	0.008383254	-0.012104528	-0.029137647	0.7725535	0.006691915	0.07084375	79.0	7904.29435634613
271	0.8468288	0.14115858	1.2159867	0.60610265	1.5792109	-0.81041414	13.361532	0.9417012	0.27691463	1.7353218	-0.80408007	8704000	3.8035214e-06	0.0825391	0.008614894	-0.014959714	-0.031828523	0.79666567	0.0067168167	0.088875	79.0	7933.716749429703
272	0.8739115	0.11410868	1.2650138	0.55741626	1.5447962	-0.77094483	13.426819	0.9257492	0.28127217	1.4328061	-0.8415431	8736000	0.00010120403	0.07500538	0.008460442	-0.014391214	-0.028155131	0.7831705	0.006479918	0.08453125	79.0	7963.102342844009
273	0.85747945	0.12240135	1.2487345	0.5735107	1.5434511	-0.44597077	13.159354	0.92270195	0.28760883	1.4319216	-0.5957901	8768000	0.00020855106	0.07865983	0.008339331	-0.014695126	-0.031320486	0.771946	0.0099013895	0.09	79.0	7992.537429571152
274	0.8546011	0.13377316	1.2349608	0.5932071	1.544424	-0.4785759	13.101072	0.93654597	0.26835975	1.4456086	-0.60926145	8800000	-0.00015604217	0.069176406	0.008327207	-0.01364892	-0.029887589	0.7753615	0.00631656	0.0768125	79.0	8021.986983537674
275	0.8501595	0.14143232	1.2227881	0.5959015	1.5740968	-0.44814855	13.276711	0.9183559	0.306046	1.5391747	-0.546388	8832000	0.00021725986	0.064600006	0.008332632	-0.01536358	-0.023676438	0.773967	0.008019857	0.0926875	79.0	8051.37398314476
276	0.8632435	0.120979965	1.2494837	0.5616767	1.599344	-0.37358937	13.619639	0.94345224	0.2593495	1.6483225	-0.72910094	8864000	2.4610199e-05	0.08522011	0.008518023	-0.015196687	-0.038459823	0.7859805	0.008742569	0.086281255	79.0	8080.834839582443
277	0.8614999	0.12991408	1.237968	0.5844066	1.599344	-0.58094215	13.448815	0.92393565	0.27211133	1.4765809	-0.66666067	8896000	-0.00011557108	0.07277857	0.008458889	-0.014334651	-0.031397603	0.78307134	0.007192201	0.08878125	79.0	8110.264199733734
278	0.858902	0.12906158	1.2380321	0.59091496	1.553566	-0.5847731	13.37037	0.93571925	0.28419074	1.5721692	-0.8324155	8928000	-0.00015856698	0.08209805	0.008527087	-0.012675469	-0.030780796	0.79041135	0.006505238	0.07796875	79.0	8139.741315364838
279	0.8709533	0.117125526	1.2617801	0.56321007	1.5434511	-0.85034066	13.344958	0.934592	0.254724	1.6247604	-0.61848	8960000	-0.00010712445	0.077976346	0.008287631	-0.014284061	-0.031836927	0.7678945	0.008933924	0.0866875	79.0	8169.187874078751
280	0.87814593	0.11525262	1.2769926	0.54507285	1.5484511	-0.44011664	13.088139	0.93671083	0.26857856	1.4599617	-0.5898376	8992000	0.00013270508	0.062126894	0.008072679	-0.012486352	-0.029278733	0.7480813	0.0063446118	0.077781245	79.0	8198.65254855156
281	0.8374466	0.15590288	1.202777	0.6200392	1.5444038	-0.40949133	12.936482	0.9471804	0.27524015	1.5294787	-0.7441268	9024000	0.00010630069	0.063666865	0.00815356	-0.013018856	-0.027924014	0.7540865	0.0072939894	0.082625	79.0	8228.104017019272
282	0.87347364	0.11969756	1.2583812	0.5595323	1.5740968	-0.5533284	13.462712	0.93847036	0.28369862	1.4830656	-0.6476423	9056000	1.927372e-05	0.049207773	0.00819932	-0.013211932	-0.017434072	0.7563026	0.008979337	0.08190625	79.0	8257.518152475357
283	0.8767881	0.121522725	1.2685907	0.5489468	1.599344	-0.44654328	13.274666	0.95812416	0.23673625	1.4313909	-1.0643766	9088000	3.4260564e-05	0.05021275	0.008161693	-0.01340973	-0.019216917	0.7534614	0.00580696	0.080874994	79.0	8286.98556137085
284	0.8519343	0.13792175	1.2242309	0.59988964	1.6033473	-0.5476068	13.24207	0.9357281	0.2966626	1.6975683	-0.8327284	9120000	-0.000104705105	0.06913993	0.008420598	-0.015154516	-0.030083194	0.7776756	0.009944501	0.09434375	79.0	8316.39614033699
285	0.888381	0.10124796	1.2853187	0.53665125	1.548566	-0.5650509	13.571183	0.93498206	0.29485086	1.5238069	-0.7695879	9152000	-6.444659e-05	0.07271843	0.008374387	-0.013570658	-0.027640058	0.7703023	0.008283568	0.0885	79.0	8345.833493709564
286	0.88143	0.10169127	1.2851957	0.529036	1.5463675	-0.452297	13.330117	0.94394255	0.24460304	1.4177465	-0.95376825	9184000	0.00020341016	0.06852853	0.008053748	-0.014196959	-0.026663696	0.74155176	0.007186473	0.07696875	79.0	8375.405250787735
287	0.87367487	0.10912168	1.2714528	0.5469344	1.543589	-0.5242273	13.394182	0.93669456	0.27869052	1.4530141	-0.5730903	9216000	-8.732919e-05	0.065735936	0.008221751	-0.013614333	-0.02655111	0.7568346	0.0070088822	0.08575	79.0	8404.85474205017
288	0.8615775	0.13170835	1.2429383	0.5765682	1.5445938	-0.47157216	13.2324705	0.93949306	0.2845486	1.5557032	-0.60161304	9248000	-4.0931627e-05	0.05526846	0.008077448	-0.012797719	-0.023510812	0.7450556	0.006942897	0.080031246	79.0	8434.294198513031
289	0.8840202	0.11257826	1.2835852	0.5241946	1.56683	-0.40566158	13.416526	0.97229016	0.24027942	1.4497904	-0.52904254	9280000	0.00015328638	0.052079335	0.007980859	-0.012588402	-0.017730422	0.73756003	0.00693131	0.08178125	79.0	8463.657618284225
290	0.8896637	0.10341495	1.2876143	0.5296993	1.5421808	-0.49396557	13.4058275	0.9558965	0.23987748	1.4119442	-0.4484813	9312000	4.2677857e-05	0.052355934	0.008105537	-0.013407089	-0.019472077	0.74523973	0.006749811	0.07890625	79.0	8493.162588596344
291	0.87215847	0.11577998	1.2576923	0.5709381	1.596066	-0.5165758	13.384064	0.9565574	0.2640555	1.4655919	-0.7337321	9344000	6.4640306e-05	0.06657429	0.008261455	-0.014698646	-0.029154943	0.7581929	0.008608236	0.0941875	79.0	8522.643723487854
292	0.8767741	0.11145677	1.2675282	0.55357385	1.5443996	-0.54105335	13.345637	0.93517363	0.27887297	1.4264675	-0.72738767	9376000	-1.5031546e-05	0.07048534	0.008247729	-0.014236413	-0.027014827	0.7595799	0.008323196	0.09246875	79.0	8552.103237867355
293	0.8561025	0.1185303	1.2466564	0.5660198	1.5446767	-0.44920722	13.302764	0.9267002	0.27315235	1.4885975	-0.6206906	9408000	1.898408e-05	0.08955096	0.008356795	-0.014811295	-0.03512738	0.76692545	0.008658338	0.087656245	79.0	8581.54987025261
294	0.8750697	0.10779445	1.2731475	0.5420085	1.5443484	-0.44439015	13.369308	0.9242468	0.2689177	1.5660492	-0.49035364	9440000	-7.52639e-05	0.073814526	0.008204493	-0.0142392535	-0.0369206	0.7524936	0.0065220864	0.0850625	79.0	8611.011619091034
295	0.87673163	0.116509125	1.2670538	0.55361545	1.5740968	-0.57794523	13.303512	0.943744	0.26043785	1.4575187	-0.5292487	9472000	0.00019467669	0.05601666	0.0080534015	-0.013926394	-0.023627385	0.7424095	0.006972881	0.08075	79.0	8640.3398873806
296	0.8782245	0.11668357	1.2697294	0.5495157	1.561119	-0.47696385	13.285595	0.9618086	0.23871218	1.4174904	-0.58082795	9504000	5.2683055e-05	0.06061588	0.008058107	-0.013575756	-0.0196142	0.73444426	0.007313604	0.0855	79.0	8669.814150094986
297	0.8595065	0.13393259	1.2367932	0.5894285	1.5782992	-0.5276645	13.063218	0.940012	0.26230985	1.6137787	-0.553935	9536000	-0.00027928175	0.059406232	0.00803959	-0.0139867	-0.023900898	0.7374001	0.007386811	0.09025	79.0	8699.218875169754
298	0.8786999	0.10583384	1.273416	0.55149746	1.5389363	-0.5138714	13.445432	0.95427233	0.276474	1.4790243	-1.0552655	9568000	-1.2556091e-05	0.081225395	0.008132348	-0.014664862	-0.038077034	0.7433639	0.008955954	0.094218746	79.0	8728.629781007767
299	0.886511	0.1017286	1.2925893	0.52467865	1.5505291	-0.5190591	13.298995	0.9231903	0.25628254	1.5406436	-0.5925509	9600000	-5.7585537e-05	0.07973239	0.008132449	-0.014264919	-0.03219915	0.7393612	0.007263313	0.09053125	79.0	8758.111072301865
300	0.84359187	0.12575713	1.2259052	0.5923379	1.5498048	-0.5645962	13.355462	0.926768	0.27582288	1.3531454	-0.5884546	9632000	6.28978e-05	0.101613276	0.008329554	-0.014790744	-0.04281103	0.75845146	0.009074226	0.09046875	79.0	8787.538660526276
301	0.847321	0.13922396	1.2216827	0.599287	1.5499492	-0.45767298	13.156457	0.8985342	0.30703002	1.4170911	-0.7875586	9664000	-3.6917627e-05	0.07691254	0.008144603	-0.014046242	-0.03549116	0.7470412	0.007902534	0.095437504	79.0	8817.130056142807
302	0.8794082	0.11220609	1.2773393	0.53944397	1.5578177	-0.4704374	13.244166	0.94643444	0.25935495	1.3992605	-0.5941898	9696000	-1.2042001e-05	0.06774813	0.008046392	-0.015266639	-0.031738404	0.7355123	0.008976515	0.08625	79.0	8846.637166500092
303	0.8768519	0.10784708	1.2727417	0.5408352	1.5720406	-0.4499316	13.450931	0.96033466	0.25893742	1.6485306	-0.9405255	9728000	-6.0637947e-05	0.074497856	0.0084137665	-0.015334867	-0.034938768	0.76523834	0.0078573	0.0826875	79.0	8876.071691989899
304	0.86829233	0.11832164	1.2547675	0.5750952	1.6033473	-0.48224136	13.163223	0.9293418	0.28668237	1.4520324	-0.90539294	9760000	4.030578e-05	0.0680608	0.008113202	-0.013933398	-0.028402502	0.7415739	0.008720844	0.0879375	79.0	8905.61132144928
305	0.8644462	0.12228563	1.2557333	0.56802	1.5483472	-0.48308423	13.164735	0.95019263	0.2617432	1.4274292	-1.0916246	9792000	-2.8515235e-05	0.07982179	0.008242186	-0.0154717695	-0.027869444	0.7558036	0.007519911	0.09184375	79.0	8935.10088968277
306	0.85570014	0.12599409	1.2490686	0.57055265	1.5441885	-0.41567287	13.004918	0.93027955	0.2684029	1.4239457	-0.636093	9824000	0.00018695556	0.09327127	0.008107994	-0.015379812	-0.035569616	0.7396692	0.008000816	0.096499994	79.0	8964.493686914444
307	0.86349237	0.12310204	1.2499624	0.5699913	1.5416609	-0.39477974	13.20598	0.91827786	0.2817161	1.4544382	-0.67967945	9856000	-0.000123851	0.08376186	0.008180328	-0.014428383	-0.03564488	0.7425618	0.008925507	0.09259375	79.0	8994.01177072525
308	0.82339996	0.17170516	1.1839876	0.6368382	1.5527532	-0.40223464	12.754823	0.9139373	0.28833455	1.4077919	-0.46151918	9888000	-0.00010994612	0.086070314	0.008037337	-0.013072775	-0.046226446	0.73096335	0.0075565507	0.09178124	79.0	9023.484557151794
309	0.86905384	0.115690395	1.2603391	0.55369794	1.5948163	-0.4352166	13.368687	0.95013463	0.26045787	1.6344376	-0.6510921	9920000	-2.214685e-05	0.08381273	0.008117653	-0.015664412	-0.037984356	0.73971176	0.009000188	0.09471875	79.0	9053.01710653305
310	0.86675584	0.12822041	1.251065	0.57450545	1.5940886	-0.47838658	13.125413	0.9158225	0.28232282	1.542894	-0.58094144	9952000	0.00014828192	0.061744563	0.0080925375	-0.014637676	-0.025632985	0.73701084	0.007430887	0.09125	79.0	9082.368080377579
311	0.8770206	0.098835796	1.2726586	0.5475837	1.5470524	-0.49343398	13.633134	0.9529418	0.26044768	1.7175578	-0.60752857	9984000	8.433033e-05	0.0964671	0.00843228	-0.014836559	-0.043639205	0.75961846	0.0077015925	0.08221875	79.0	9111.878687858582
312	0.8825085	0.08973766	1.290808	0.52035195	1.5479143	-0.5617584	13.569231	0.9212799	0.26130697	1.5045671	-0.60424083	10016000	-1.1742115e-05	0.0856568	0.008309475	-0.014774821	-0.038970098	0.75820124	0.006090636	0.0846875	79.0	9141.32254743576
313	0.86977535	0.12188956	1.261926	0.5667881	1.5530413	-0.5132893	12.975938	0.94001603	0.26798868	1.5054337	-0.6156632	10048000	0.00025914097	0.06435153	0.007892728	-0.01376419	-0.025959611	0.72304463	0.006084211	0.082718745	79.0	9170.765358448029
314	0.8438246	0.13586634	1.2183813	0.6019998	1.5445938	-0.43546897	13.326891	0.93679464	0.272355	1.4859207	-0.6750721	10080000	-7.589348e-05	0.08987446	0.008397013	-0.015574638	-0.040517718	0.7625481	0.0099286325	0.1038125	79.0	9200.254826545715
315	0.8770997	0.11607224	1.2700413	0.5422175	1.5712928	-0.42922923	13.408784	0.92498696	0.28177786	1.4943199	-0.7385588	10112000	0.00011225045	0.061298836	0.008100203	-0.013261553	-0.024541602	0.7400857	0.0063494993	0.0910625	79.0	9229.802546739578
316	0.8698582	0.098105356	1.263194	0.5483521	1.5782992	-0.43981645	13.791233	0.9507359	0.24196541	1.5844747	-0.6099706	10144000	6.614439e-05	0.105069265	0.008490782	-0.016548693	-0.056068942	0.76852596	0.009509185	0.094624996	79.0	9259.408061265945
317	0.85618776	0.124959394	1.2364163	0.58649176	1.5946397	-0.51522976	13.283027	0.91782445	0.28362295	1.627968	-0.66651845	10176000	-6.9160014e-06	0.08187926	0.008359333	-0.014251519	-0.040694036	0.75947976	0.00718022	0.0866875	79.0	9288.934386730194
318	0.8651489	0.09596633	1.2587997	0.56368583	1.5458994	-0.7097554	13.848167	0.91061985	0.3070916	1.4939915	-0.7540171	10208000	7.989444e-05	0.10808095	0.008717365	-0.01454097	-0.046054944	0.78941953	0.00903609	0.09528124	79.0	9318.466044664383
319	0.88524467	0.09959297	1.2975748	0.51419204	1.5440894	-0.52104783	13.237083	0.89732826	0.28068423	1.6169906	-0.67064106	10240000	0.000151054	0.09078446	0.008094331	-0.013695374	-0.04392075	0.7322115	0.0075078458	0.087312505	79.0	9347.950441360474
320	0.8528272	0.13391672	1.2359897	0.5900245	1.5507663	-0.45016673	12.988562	0.93243426	0.2578445	1.453527	-0.5924173	10272000	-0.000132774	0.09162813	0.008093493	-0.014909313	-0.04101398	0.736081	0.00648626	0.093125	79.0	9377.42233991623
321	0.84116215	0.14867598	1.2112511	0.60655516	1.5559671	-0.4299315	13.075123	0.92263776	0.27599528	1.4203901	-0.5744383	10304000	-0.00015285425	0.06592162	0.008158585	-0.013125397	-0.027653644	0.7448792	0.006500669	0.0846875	79.0	9406.993722200394
322	0.87019074	0.11455805	1.2624456	0.5572504	1.567669	-0.6462109	13.351431	0.93922085	0.27407995	1.7241462	-0.54431885	10336000	-2.7749687e-05	0.08036875	0.00824256	-0.014268445	-0.034865238	0.7466469	0.007928677	0.088875	79.0	9436.503161430359
323	0.8672996	0.10878757	1.2558278	0.56210726	1.5898721	-0.4255273	13.409206	0.9428696	0.25951236	1.5250375	-0.865211	10368000	-0.00010554027	0.086871676	0.008265579	-0.015705112	-0.036453195	0.7498104	0.009091424	0.087625004	79.0	9466.042223453522
324	0.87334895	0.120003454	1.2622969	0.56423265	1.5848567	-0.41811928	13.130972	0.931065	0.28046775	1.3919815	-1.1262947	10400000	0.00011923723	0.06486097	0.00807016	-0.014485477	-0.02347337	0.730733	0.007035247	0.08503125	79.0	9495.51090836525
325	0.87360036	0.11634637	1.2700324	0.55021644	1.541264	-0.5069354	13.229097	0.95744354	0.22540247	1.4856564	-0.61714435	10432000	0.00012744032	0.0884011	0.008191941	-0.013849929	-0.03461016	0.7387709	0.007905952	0.0873125	79.0	9524.918690919876
326	0.8540015	0.1346968	1.2441702	0.5844588	1.5543522	-0.5012669	12.723917	0.9480457	0.23265661	1.4941909	-0.31562608	10464000	6.32829e-05	0.08644535	0.007849233	-0.013667345	-0.029463693	0.70926493	0.0076068863	0.083343744	79.0	9554.509154081345
327	0.84330916	0.14008765	1.2205839	0.60699135	1.5542144	-0.43603927	13.0	0.9259071	0.27499196	1.4400969	-0.49310544	10496000	-9.901263e-05	0.08105193	0.008124563	-0.01487293	-0.03624765	0.7355906	0.008027589	0.092468746	79.0	9583.975128173828
328	0.8573326	0.12879835	1.2368797	0.58537436	1.5607537	-0.56359226	13.367424	0.89698523	0.31274045	1.5637015	-0.61396194	10528000	-0.00014199503	0.07698368	0.008182238	-0.014866941	-0.029616563	0.7408638	0.007457942	0.09228125	79.0	9613.51299571991
329	0.88157237	0.111644045	1.2778951	0.5443404	1.599344	-0.5701855	13.273829	0.94763905	0.2413999	1.4561025	-0.6642577	10560000	5.032867e-06	0.0683842	0.008042841	-0.014814041	-0.025817797	0.72612166	0.009312665	0.09940625	79.0	9642.936076641083
330	0.852039	0.12605461	1.2320224	0.58783877	1.6033473	-0.49514562	13.24792	0.94017136	0.26546973	1.5717757	-0.6446464	10592000	-8.13806e-05	0.08868748	0.008187531	-0.016036801	-0.0370066	0.7396928	0.010145839	0.091625	79.0	9672.405939817429
331	0.8744302	0.1083833	1.2700111	0.55500036	1.5489467	-0.4560397	13.305882	0.93289185	0.2650997	1.5525098	-0.77550334	10624000	6.120466e-05	0.07736774	0.008262802	-0.014087297	-0.031039676	0.7439799	0.0068014385	0.08871875	79.0	9701.782478094101
332	0.88604414	0.10710594	1.2907043	0.53313136	1.5473024	-0.46668884	12.999183	0.93321735	0.26274782	1.4989588	-0.76732755	10656000	-0.000107996166	0.061105877	0.00791214	-0.012379529	-0.020875214	0.7175524	0.008050294	0.076968744	79.0	9731.243099212646
333	0.87994826	0.101434365	1.2849294	0.53118443	1.5500014	-0.4318333	13.234167	0.9623239	0.24728186	1.4161856	-0.6894724	10688000	5.734712e-05	0.069303036	0.008017072	-0.01403334	-0.031358995	0.7209472	0.00850691	0.0910625	79.0	9760.626716136932
334	0.86133385	0.12516862	1.2465727	0.57507175	1.5527532	-0.529197	13.155786	0.93644494	0.27787742	1.4987345	-0.65385336	10720000	6.9759786e-05	0.06405754	0.007946395	-0.0152801415	-0.028091699	0.72120917	0.010141697	0.09009375	79.0	9789.984173297882
335	0.86646926	0.12327533	1.2523885	0.57051706	1.5508914	-0.69078934	13.329698	0.9498821	0.26371646	1.6818951	-0.6752685	10752000	0.00011722185	0.07802481	0.008034864	-0.015127655	-0.031039936	0.7232783	0.00805562	0.097937495	79.0	9819.513462781906
336	0.89593154	0.07973773	1.3058143	0.500551	1.5948163	-0.4635874	13.655335	0.94033486	0.2510928	1.5586349	-0.46198785	10784000	8.512288e-06	0.083065316	0.008184305	-0.01550529	-0.037146308	0.7339821	0.008144846	0.09265625	79.0	9848.875356435776
337	0.8805687	0.10429253	1.2799594	0.544944	1.5948163	-0.484281	13.203488	0.9444822	0.26699674	1.3607341	-0.9114095	10816000	-2.1015294e-05	0.06015758	0.007953183	-0.014148023	-0.023683693	0.7138643	0.00716963	0.0861875	79.0	9878.352578639984
338	0.8779362	0.1001393	1.2802273	0.5408043	1.5531228	-0.49541986	13.316583	0.94954175	0.261018	1.4778662	-0.62038964	10848000	-3.161654e-05	0.075139344	0.007897905	-0.014002176	-0.029771782	0.7156042	0.0076764002	0.0830625	79.0	9907.813260316849
339	0.8841976	0.092229515	1.2969719	0.5167209	1.5497808	-0.49197638	13.18325	0.95065737	0.24111965	1.4640504	-0.36737272	10880000	7.751584e-05	0.082586996	0.007844025	-0.014934046	-0.033967517	0.70446515	0.008634305	0.087125	79.0	9937.285601615906
340	0.8715317	0.11688765	1.271824	0.55596846	1.5494522	-0.43365762	12.92439	0.9471431	0.24656017	1.4477162	-0.49553514	10912000	0.00020003505	0.0721654	0.0077212937	-0.015560272	-0.036354307	0.6929192	0.0070642764	0.08775	79.0	9966.744806528091
341	0.846094	0.13890475	1.2236801	0.6029955	1.5834023	-0.50579715	12.94259	0.9275945	0.2957425	1.4066267	-0.69650066	10944000	8.055754e-05	0.07204608	0.007674787	-0.01523809	-0.02897613	0.6955026	0.007558317	0.08034375	79.0	9996.323979377747
342	0.87471354	0.106769904	1.2726214	0.54200006	1.5948939	-0.42945507	13.313545	0.94041663	0.27394772	1.4892414	-0.6925917	10976000	3.558863e-05	0.06940143	0.00782375	-0.013292744	-0.028672533	0.7124062	0.008594187	0.0929375	79.0	10025.805563926697
343	0.86601484	0.12084803	1.256979	0.5680599	1.5940886	-0.43188095	13.025735	0.95104116	0.2629048	1.4514086	-0.7964276	11008000	0.00023076986	0.06702721	0.0077601913	-0.014424454	-0.02734702	0.70410293	0.008049079	0.088343754	79.0	10055.273160219193
344	0.8740193	0.1092215	1.2710216	0.5572772	1.5396551	-0.49200132	13.199005	0.94196373	0.289282	1.48936	-1.1204159	11040000	0.00011987891	0.07659572	0.00780936	-0.014956056	-0.027800974	0.70818776	0.008970041	0.1013125	79.0	10084.864505767822
345	0.88268864	0.104065135	1.2887765	0.53299356	1.5508336	-0.4129616	13.12438	0.9554796	0.23526433	1.4613372	-0.5672314	11072000	2.9429793e-05	0.089255124	0.00785167	-0.014995204	-0.03949077	0.7063379	0.008548926	0.0871875	79.0	10114.406443357468
346	0.8807979	0.105579175	1.285537	0.5311618	1.5441366	-0.46844074	13.193708	0.9386004	0.26569036	1.4683224	-0.5832947	11104000	-0.00012486055	0.06846904	0.0076701823	-0.014062512	-0.029108211	0.6956166	0.008470433	0.08809375	79.0	10143.920482873917
347	0.8696218	0.12544227	1.2572107	0.57438135	1.5833609	-0.63060874	13.007774	0.952426	0.267238	1.5127672	-1.0094697	11136000	3.1919684e-05	0.06333892	0.0077951206	-0.013284206	-0.031462688	0.70469356	0.007475459	0.0898125	79.0	10173.425239562988
348	0.87090224	0.109844856	1.2622308	0.55631346	1.5529135	-0.53616947	13.456356	0.94709545	0.2708213	1.6366836	-0.54448533	11168000	-0.000119995326	0.07847865	0.007970878	-0.015402965	-0.04107023	0.7134248	0.009388475	0.08578125	79.0	10202.998582601547
349	0.90191674	0.09129697	1.308786	0.500502	1.6081593	-0.75156623	13.340336	0.9426419	0.2505648	1.4749734	-0.70010006	11200000	0.00010361313	0.05581571	0.0077604502	-0.013364627	-0.026603121	0.7032442	0.006078408	0.08109375	79.0	10232.506298065186
350	0.8779639	0.10990129	1.2704289	0.55431855	1.5848567	-0.39976352	13.210548	0.9557442	0.2636181	1.4757599	-0.60865617	11232000	0.00016063824	0.06372519	0.007875534	-0.014551998	-0.025514236	0.71186185	0.00938664	0.0928125	79.0	10261.982815980911
351	0.88869	0.10103349	1.2960331	0.52243465	1.542986	-0.41233683	13.218386	0.96594006	0.2415324	1.5194056	-0.61604404	11264000	5.13196e-05	0.0595171	0.007737741	-0.013807388	-0.02317895	0.6993146	0.0074410266	0.09196875	79.0	10291.416781187057
352	0.8734723	0.1082787	1.2799695	0.5388872	1.5428478	-0.42627928	13.07278	0.97706366	0.21296336	1.4767579	-0.5808714	11296000	0.00023253821	0.10939096	0.0078237755	-0.016685095	-0.052846603	0.6976689	0.010785958	0.09675	79.0	10320.80124926567
353	0.88901854	0.10234393	1.2988065	0.52207494	1.547952	-0.42935783	13.106672	0.9423253	0.2568776	1.4304078	-0.6940408	11328000	4.4539105e-05	0.058687728	0.007768331	-0.0133691775	-0.022196393	0.69777966	0.006620476	0.07971875	79.0	10350.299230337143
354	0.8655529	0.12257336	1.2547297	0.56940025	1.5445938	-0.45890713	13.328152	0.9360319	0.27661058	1.4038426	-0.6689989	11360000	-0.00016534328	0.05760496	0.007795587	-0.013273535	-0.027576204	0.7055871	0.007593608	0.0885	79.0	10379.687918663025
355	0.9075078	0.08216487	1.3208133	0.47995332	1.5948163	-0.5797218	13.663511	0.95128816	0.26204965	1.5321642	-0.5612752	11392000	0.00012059696	0.05483585	0.007803441	-0.013950072	-0.022463467	0.7053705	0.008447999	0.09259375	79.0	10409.215819597244
356	0.89336085	0.08951068	1.299787	0.5119997	1.5948163	-0.46148086	13.511479	0.9680105	0.22622137	1.4596696	-0.62387425	11424000	2.3398548e-05	0.0621962	0.00800274	-0.01269635	-0.028109316	0.719695	0.007339473	0.086812496	79.0	10438.657698631287
357	0.88745797	0.10057889	1.2936633	0.53147566	1.5511718	-0.3762781	13.1770315	0.94947606	0.27352875	1.465272	-0.82513946	11456000	0.00010446645	0.05383435	0.00777884	-0.0131234825	-0.02049987	0.70322967	0.007953929	0.0835	79.0	10468.14049911499
358	0.89128435	0.095223434	1.303678	0.5069107	1.5433472	-0.43089208	13.29097	0.96020585	0.23993824	1.4243715	-0.5268697	11488000	1.6342849e-05	0.07096155	0.007882021	-0.013589525	-0.02564665	0.70831174	0.007139477	0.08234375	79.0	10497.658712625504
359	0.8741391	0.11928081	1.2778888	0.5465466	1.5491569	-0.5161937	12.826736	0.95446116	0.22616386	1.6426579	-0.5754479	11520000	0.00013598055	0.068373375	0.00787287	-0.013721589	-0.025166431	0.70589405	0.0071575707	0.08303125	79.0	10527.136182308197
360	0.861374	0.12535554	1.2515222	0.58070004	1.5445938	-0.45745263	12.947068	0.94636655	0.26292187	1.4194252	-0.64476144	11552000	-2.0298176e-05	0.062371545	0.007823551	-0.015042448	-0.029986084	0.7039249	0.009108202	0.08471875	79.0	10556.633006572723
361	0.86326826	0.12483187	1.2490417	0.5779852	1.601264	-0.8800509	13.134106	0.9409946	0.28016493	1.3946767	-0.572492	11584000	-3.054738e-07	0.06416101	0.007793623	-0.015942626	-0.026912402	0.70250696	0.008803991	0.09090625	79.0	10586.066403388977
362	0.87817574	0.10839196	1.2752373	0.5458115	1.5932107	-0.5142884	13.281407	0.9553011	0.2467133	1.4385924	-0.70907485	11616000	3.6265235e-05	0.064403765	0.008010831	-0.0149163185	-0.027755935	0.7213204	0.0078677535	0.08690625	79.0	10615.464504241943
363	0.8637248	0.121024214	1.2578932	0.5640359	1.6068586	-0.36266896	13.068781	0.93743956	0.2895813	1.4029484	-0.72085303	11648000	-0.000102262944	0.06753041	0.008073425	-0.014513459	-0.02866616	0.72260976	0.009521819	0.09071875	79.0	10644.857445955276
364	0.883624	0.10092257	1.2903907	0.5288978	1.5488089	-0.43846664	13.289298	0.94233936	0.26623008	1.3724886	-0.65936136	11680000	-6.1893836e-05	0.07259633	0.008094238	-0.015394144	-0.026135106	0.72869426	0.009401672	0.10250001	79.0	10674.274873971939
365	0.89210427	0.09301406	1.3090577	0.5068179	1.5458105	-0.43556905	13.03396	0.9499769	0.2301146	1.5502615	-0.75003797	11712000	-0.00011076592	0.07310335	0.0078090494	-0.013624571	-0.033269733	0.7013395	0.0074446807	0.082781255	79.0	10703.651651620865
366	0.8792692	0.1057811	1.2841036	0.5420949	1.5481156	-0.45213476	12.961664	0.9656692	0.22678189	1.4394042	-0.40164325	11744000	5.2380376e-05	0.07072351	0.007889323	-0.014718013	-0.032105938	0.70116305	0.009394383	0.08993749	79.0	10733.113443136215
367	0.8650571	0.121359386	1.2536919	0.5712739	1.5499492	-0.63519126	13.250834	0.9334463	0.2942847	1.418871	-0.76481	11776000	-6.0987193e-05	0.05649838	0.007946029	-0.012433872	-0.028058216	0.7168687	0.0073747667	0.083000004	79.0	10762.62276506424
368	0.8976004	0.08346493	1.3085191	0.50285196	1.5781229	-0.7923248	13.540956	0.95487267	0.27338046	1.4245305	-0.71485794	11808000	-5.8184844e-05	0.05241392	0.00802483	-0.012630202	-0.019531494	0.71980846	0.0077767246	0.085687496	79.0	10792.007737159729
369	0.9117317	0.08326586	1.3289213	0.47786236	1.5948163	-0.34614268	13.297819	0.96833044	0.23839596	1.4364108	-0.7158084	11840000	8.664094e-05	0.039396703	0.0078069554	-0.012758727	-0.017028324	0.70545226	0.006768113	0.084625	79.0	10821.494151592255
370	0.8871417	0.10105589	1.2922145	0.5328275	1.5948163	-0.37233377	13.209718	0.9653919	0.260061	1.388481	-0.7062756	11872000	7.055141e-05	0.055673502	0.007940706	-0.015565988	-0.023166342	0.7144418	0.009896049	0.0910625	79.0	10850.933994531631
371	0.89361465	0.09493346	1.303482	0.5161682	1.5446551	-0.39579257	13.092105	0.9722126	0.2350794	1.4292326	-0.6499697	11904000	1.4503486e-05	0.06631533	0.0079997545	-0.014798998	-0.026531115	0.7175567	0.008839603	0.095874995	79.0	10880.369737386703
372	0.8837733	0.09808779	1.298725	0.52364224	1.5470436	-0.46692002	13.021721	0.9721228	0.22362465	1.530088	-0.5078571	11936000	0.00026416965	0.07590674	0.007926859	-0.014904415	-0.03699401	0.7091273	0.009062249	0.08059375	79.0	10909.70073723793
373	0.8851061	0.09815854	1.295694	0.52775645	1.5445938	-0.40502867	13.173588	0.9452092	0.2750329	1.5068799	-0.69290257	11968000	-2.530124e-05	0.05757721	0.008022856	-0.014783036	-0.025635466	0.72143537	0.007591539	0.0849375	79.0	10939.165907382965
374	0.8815328	0.108374625	1.2818444	0.53906554	1.5527532	-0.44269842	13.301003	0.95071155	0.27237403	1.5285374	-0.57401603	12000000	1.2333505e-05	0.057133507	0.00791995	-0.0145858945	-0.027894963	0.71727204	0.009129131	0.0885	79.0	10968.571520328522
375	0.88456	0.09091437	1.2872152	0.52927554	1.5948163	-0.9802815	13.730138	0.9647621	0.24576731	1.4036994	-1.0022676	12032000	-4.2580068e-05	0.080527745	0.008296257	-0.01424346	-0.037214033	0.7477099	0.0075433175	0.088	79.0	10998.096825838089
376	0.85773087	0.116026804	1.2439563	0.58057415	1.5948163	-0.49019408	13.256261	0.90916896	0.29612595	1.3313184	-0.59940726	12064000	3.5255216e-05	0.082480475	0.008262161	-0.014349591	-0.043921806	0.7457932	0.008322852	0.08921875	79.0	11027.548798561096
377	0.8973979	0.0892433	1.3113346	0.5103041	1.5515468	-0.43519306	13.199834	0.9409271	0.28297877	1.3844658	-1.2376397	12096000	-1.7548446e-05	0.067503646	0.007989259	-0.013419866	-0.034744658	0.7213675	0.006780514	0.076000005	79.0	11056.96103310585
378	0.88980955	0.09505892	1.3000598	0.51656824	1.541383	-0.40498278	13.255425	0.960478	0.24749291	1.6289918	-0.5832559	12128000	7.432047e-05	0.089726254	0.008175027	-0.014824545	-0.040468194	0.73610395	0.0096873725	0.09228125	79.0	11086.447386980057
379	0.86934465	0.11575401	1.269277	0.5588835	1.5551237	-0.44318438	12.961193	0.9443942	0.24860147	1.441524	-0.47338074	12160000	0.00012623891	0.07773137	0.007960633	-0.015601499	-0.030131023	0.71535444	0.008491401	0.09571876	79.0	11115.861297369003
380	0.85632265	0.13033023	1.2406071	0.58796924	1.5559671	-0.8010782	12.99468	0.91537064	0.31188118	1.6558748	-0.9831779	12192000	-4.2477623e-05	0.06432851	0.007987715	-0.014019985	-0.027870324	0.7219023	0.007871941	0.08375	79.0	11145.299827337265
381	0.8732443	0.10781448	1.2701794	0.5531861	1.5445938	-0.7679199	13.327181	0.9508548	0.26062813	1.4123127	-0.6652265	12224000	1.328066e-05	0.07695216	0.008071747	-0.015798025	-0.033595767	0.7207475	0.008604122	0.09025	79.0	11174.695949554443
382	0.8553873	0.112451404	1.2427123	0.5761121	1.599344	-0.36742052	13.428632	0.9272249	0.2848329	1.4320253	-0.80748427	12256000	4.0438958e-05	0.08775222	0.008325288	-0.014908998	-0.036305886	0.7522241	0.0077098766	0.09275	79.0	11204.112083673477
383	0.8692879	0.105380215	1.2646523	0.56146765	1.6081593	-0.45127225	13.362185	0.9170836	0.28052557	1.5914699	-0.5903319	12288000	4.5958906e-05	0.076385185	0.008232978	-0.014488042	-0.036006164	0.73886275	0.007829638	0.087249994	79.0	11233.489824533463
384	0.8796601	0.10187545	1.2822142	0.54025173	1.5532748	-0.48960876	13.215589	0.9222986	0.2909546	1.4369938	-0.67224866	12320000	9.502284e-06	0.08661826	0.008208619	-0.0146560995	-0.038889736	0.73928463	0.006818367	0.08934375	79.0	11262.913487434387
385	0.88201714	0.09796965	1.2951621	0.52561295	1.5466548	-0.4035459	13.00531	0.9512044	0.25197124	1.5859523	-0.47195864	12352000	-0.00016301498	0.07878052	0.008077385	-0.014804624	-0.035204545	0.72373474	0.008919245	0.089375004	79.0	11292.354330301285
386	0.8846563	0.10205126	1.2950839	0.52810705	1.5475113	-0.4629377	13.092409	0.9603786	0.2507902	1.4173881	-0.49617553	12384000	-8.909078e-05	0.059548788	0.007855977	-0.014266419	-0.024570342	0.69953597	0.009756849	0.09918749	79.0	11321.874374866486
387	0.8634752	0.12656459	1.2549472	0.57117647	1.5445938	-0.63984793	12.964577	0.94458324	0.27514708	1.4081993	-0.7193682	12416000	3.6647543e-06	0.052327663	0.007777893	-0.014229139	-0.018538289	0.7029712	0.008295467	0.08915625	79.0	11351.318699121475
388	0.8692764	0.11017798	1.2662213	0.55444086	1.5918803	-0.43289378	13.254167	0.94839025	0.26730505	1.4719923	-0.60369384	12448000	7.6286495e-05	0.08032516	0.008075886	-0.016706143	-0.035394978	0.7266505	0.011140987	0.101843745	79.0	11380.919142246246
389	0.859107	0.12927386	1.246842	0.5823437	1.5940886	-0.45433	12.927642	0.92272043	0.29028162	1.566324	-0.5771284	12480000	0.00012304401	0.06865994	0.007968472	-0.013394636	-0.031147115	0.7183231	0.0074273543	0.093875006	79.0	11410.383378982544
390	0.8929804	0.09011673	1.3068253	0.5127809	1.5449761	-0.45272127	13.271285	0.96817464	0.2717441	1.5323666	-1.3317406	12512000	2.7125701e-05	0.06414262	0.00800419	-0.014117907	-0.02550607	0.71918154	0.008674477	0.09034375	79.0	11439.818868398666
391	0.87530726	0.105936214	1.2762278	0.54775125	1.5524323	-0.54364395	13.037704	0.95320934	0.25170365	1.4688886	-0.6026149	12544000	-2.0150095e-05	0.08164537	0.008230582	-0.015858542	-0.037982546	0.7333123	0.007534763	0.09296875	79.0	11469.212745189667
392	0.88812757	0.095313765	1.3001953	0.52182776	1.5525345	-0.43556905	13.071958	0.94330835	0.26463115	1.5335809	-0.81198853	12576000	-5.53485e-05	0.0760099	0.007854654	-0.014069105	-0.039158538	0.70052433	0.007101177	0.09196875	79.0	11498.599749803543
393	0.858355	0.13685763	1.2451719	0.58811605	1.5527532	-0.4926056	12.657643	0.95159453	0.2650154	1.4364785	-0.7620557	12608000	7.0301816e-05	0.053799473	0.0075827106	-0.013643259	-0.025081756	0.6790604	0.0078226905	0.08903125	79.0	11528.130040168762
394	0.8748597	0.11520493	1.2717874	0.55389243	1.5527532	-0.7100628	13.083746	0.9665851	0.25737795	1.5099667	-0.6197108	12640000	-0.00011271052	0.06420931	0.0077668885	-0.014002249	-0.029039051	0.69809866	0.008906499	0.095656246	79.0	11557.599414110184
395	0.8853907	0.104583204	1.2885048	0.5322059	1.5918803	-0.4889637	13.22625	0.95093006	0.26138303	1.4110088	-0.7455564	12672000	-2.8513372e-05	0.066406205	0.0079385415	-0.01481926	-0.028474087	0.71555614	0.008414507	0.0905	79.0	11586.983253240585
396	0.88127685	0.1036237	1.2828959	0.54366004	1.5948163	-0.4173238	13.145696	0.94996417	0.25215155	1.5717536	-0.64925015	12704000	3.5692938e-05	0.07834302	0.0080381585	-0.014125577	-0.041262444	0.7161883	0.009006767	0.08671875	79.0	11616.519093990326
397	0.8847469	0.10520747	1.2888494	0.53657794	1.5417418	-0.56446105	13.1093235	0.9668526	0.23006815	1.4951797	-0.54889876	12736000	-5.2702613e-05	0.07189669	0.008089807	-0.01471003	-0.0351714	0.7279463	0.009364377	0.09478125	79.0	11645.814923763275
398	0.89677465	0.09006579	1.3158945	0.5010862	1.5469141	-0.5678379	13.02414	0.97897834	0.22701477	1.4807723	-0.58607846	12768000	-0.00023009651	0.07245719	0.00793216	-0.014469609	-0.029080434	0.7085402	0.00727089	0.0866875	79.0	11675.15973687172
399	0.87646294	0.1138571	1.278174	0.55108804	1.5532465	-0.46828395	12.936482	0.9626283	0.25657323	1.5258687	-0.5964088	12800000	0.00011446839	0.06625522	0.007883742	-0.014096197	-0.02988543	0.70375824	0.008232311	0.0916875	79.0	11704.56039738655
