Iteration	AverageLoss	StdLoss	MaxLoss	MinLoss	RewardLoss	StateLoss	Reward	EnvInteractions	Time
0.0	7.3930826	0.0	7.3930826	7.3930826	0.07022499	7.38606	0.015	4	0.0637972354888916
13.0	3.8394709	1.6118037	6.9450316	1.6998008	0.86994576	3.7524765	-0.0010494074	104	0.16984105110168457
38.0	3.106112	1.1557198	5.9504533	1.7536045	0.95808244	3.010304	0.031048194	204	0.25405287742614746
63.0	3.7168374	0.9532146	5.3503165	2.1942344	1.3235189	3.5844858	0.019451803	304	0.33950161933898926
88.0	3.0958645	0.8665035	4.785119	2.1576428	0.91754305	3.0041094	0.029179111	404	0.4259796142578125
113.0	2.8062751	0.8334546	4.2217836	1.5523795	0.14181504	2.7920935	0.016312499	504	0.5116136074066162
138.0	2.2842245	0.5346094	3.219138	1.736516	0.064909406	2.2777336	0.027364941	604	0.5968344211578369
163.0	2.3426695	0.2676674	2.8597906	2.0472775	0.07548526	2.3351207	0.01144686	704	0.6827526092529297
188.0	1.6143304	0.37696964	2.576931	1.246744	0.05418304	1.608912	0.018106634	804	0.768625020980835
213.0	1.7184324	0.4596714	2.662454	1.1641437	0.06718611	1.711714	0.045356568	904	0.8542718887329102
238.0	1.1485157	0.14887126	1.6523116	0.9334221	0.024168745	1.1460986	0.01249807	1004	0.9380106925964355
263.0	1.5245906	0.30805013	2.6216846	1.1389645	0.05488546	1.519102	0.026461087	1104	1.0216801166534424
288.0	1.5385334	0.32481596	2.4845297	1.1800557	0.110597804	1.5274738	0.015028522	1204	1.105642557144165
313.0	2.9668128	0.34598145	4.0904884	2.3184524	0.3700853	2.9298043	0.03338367	1304	1.1928305625915527
338.0	2.290139	0.3691618	3.086386	1.7642435	0.3854097	2.251598	-0.0058628465	1404	1.2784056663513184
363.0	1.6547629	0.66056836	2.9938228	0.6886332	0.17254482	1.6375087	0.0034145014	1504	1.3654975891113281
388.0	1.575486	0.5022568	2.6172802	0.6712293	0.059826408	1.5695032	0.014964212	1604	1.4526262283325195
413.0	1.4920408	0.6692671	2.9789226	0.80330235	0.10088608	1.481952	0.018444998	1704	1.539231538772583
438.0	1.7971038	0.6477193	3.0726857	0.8546488	0.09247056	1.7878565	0.024726873	1804	1.6246213912963867
463.0	0.9401419	0.46243322	2.1699107	0.4936764	0.058815937	0.9342603	0.006008161	1904	1.7104482650756836
488.0	1.9458698	0.29583788	2.720691	1.5315797	0.10570066	1.9352995	0.025980322	2004	1.7935492992401123
513.0	1.3129027	0.3759274	2.1394134	0.8689583	0.06308042	1.3065945	0.026281834	2104	1.8782517910003662
538.0	1.6635667	0.3041986	2.448117	1.3852932	0.09271707	1.6542952	0.03573504	2204	1.9774763584136963
563.0	1.4329269	0.22281288	1.9313681	1.1759453	0.07844016	1.4250828	0.013174371	2304	2.0648350715637207
588.0	1.6846893	0.32410386	2.3636625	1.2700028	0.09090873	1.6755983	0.02680055	2404	2.1513381004333496
613.0	1.2293409	0.35060754	2.5071535	0.9329138	0.08117845	1.2212231	0.02852036	2504	2.240196466445923
638.0	1.479322	0.38894013	2.6310241	1.1165707	0.07752607	1.4715692	0.0326098	2604	2.325497627258301
663.0	1.2350879	0.33476546	2.0800934	0.9254559	0.08133166	1.2269547	0.013836546	2704	2.40975284576416
688.0	1.7537308	0.21170735	2.303312	1.5050982	0.09299378	1.7444313	0.027322583	2804	2.539902448654175
713.0	1.0850357	0.2745168	1.9727496	0.9156571	0.04967226	1.0800685	0.029584661	2904	2.6248464584350586
738.0	1.2787453	0.3802238	2.4890127	0.7702857	0.065716535	1.2721736	0.031925946	3004	2.7109313011169434
763.0	1.0968795	0.39025977	2.023871	0.7179012	0.123591356	1.0845202	0.010197743	3104	2.8000128269195557
788.0	1.4006289	0.49649814	2.3825927	0.80119765	0.108422816	1.3897865	0.02166297	3204	2.8942244052886963
813.0	1.2086622	0.7803964	4.5659714	0.80450445	0.07180523	1.2014816	0.031010954	3304	2.989083766937256
838.0	1.3505329	0.5529305	2.9470565	0.66766304	0.11062125	1.3394709	0.02228338	3404	3.0761160850524902
863.0	1.3436085	0.6877586	3.934714	0.6285716	0.10290675	1.3333178	0.02259547	3504	3.1627871990203857
888.0	1.0235406	0.3364669	2.373761	0.729045	0.1166582	1.0118748	0.011446438	3604	3.252101182937622
913.0	2.051411	0.9918926	5.0343437	0.89388233	0.092366904	2.0421743	0.033177305	3704	3.340693712234497
938.0	0.9921542	0.3379462	1.8922738	0.6728637	0.08566577	0.98358756	0.0051297233	3804	3.426386833190918
963.0	2.17221	0.52711105	3.1241024	1.2056029	0.11389408	2.1608207	0.03668627	3904	3.5133025646209717
988.0	0.6486601	0.2128669	1.4923025	0.5062615	0.037135143	0.6449466	0.015731473	4004	3.602534055709839
1013.0	2.0531385	0.6572405	3.694628	1.0665472	0.20927313	2.032211	0.031142658	4104	3.6890130043029785
1038.0	0.98019564	0.6791555	2.9269178	0.38066226	0.1384849	0.9663472	0.007349609	4204	3.7767248153686523
1063.0	1.707294	0.91507107	3.0721383	0.4769146	0.17432499	1.6898614	0.030165544	4304	3.975552558898926
1088.0	0.79117805	0.5986713	2.2773685	0.3589291	0.051046096	0.7860733	0.02342436	4404	4.074751615524292
1113.0	1.3237228	0.61824435	3.0247717	0.5494504	0.051770944	1.3185457	0.040431704	4504	4.17336893081665
1138.0	0.66998065	0.3592651	2.1725903	0.42262006	0.07830174	0.6621505	0.009414349	4604	4.261007308959961
1163.0	1.306216	0.4913376	2.2851572	0.53653014	0.08949277	1.2972667	0.039896972	4704	4.349012851715088
1188.0	0.6495947	0.32182172	1.4743965	0.39031813	0.04028365	0.64556634	0.017218461	4804	4.435839653015137
1213.0	1.1640713	0.46721515	2.376022	0.7110466	0.07399994	1.1566713	0.04634197	4904	4.523550987243652
1238.0	0.8224021	0.37334314	2.0036316	0.4887476	0.062636524	0.81613845	-0.01051132	5004	4.611811637878418
1263.0	1.2780676	0.70056355	2.6730597	0.4777564	0.059753798	1.2720923	0.028888617	5104	4.69916844367981
1288.0	1.5727733	0.6894787	2.632359	0.628154	0.07460093	1.5653131	0.02223175	5204	4.786362409591675
1313.0	0.9551727	0.3865158	2.2901273	0.5987637	0.082696505	0.94690305	0.02812028	5304	4.873879432678223
1338.0	0.9132756	0.4462993	1.8793322	0.3787128	0.05498834	0.9077767	0.017228583	5404	4.962023973464966
1363.0	1.0895504	0.30907503	1.8066684	0.42402506	0.08164844	1.0813854	-0.010251087	5504	5.049994945526123
1388.0	1.6175991	0.4422617	2.7138262	1.1746265	0.1332632	1.6042731	-0.00012615598	5604	5.209524393081665
1413.0	0.8943639	0.19015378	1.3830578	0.70759827	0.08800126	0.8855638	0.0020007072	5704	5.296139717102051
1438.0	2.0419624	0.54422057	3.6074126	0.83696854	0.0983147	2.032131	0.048357263	5804	5.386327505111694
1463.0	0.78463674	0.28033006	1.4359087	0.422587	0.08994623	0.77564216	0.00011096947	5904	5.474078416824341
1488.0	1.7768501	0.80486697	4.9497957	1.1305951	0.25548613	1.7513015	0.029830718	6004	5.564466953277588
1513.0	0.6654278	0.2510523	1.2711152	0.42208624	0.07739758	0.65768796	-0.0049893893	6104	5.652880907058716
1538.0	1.1176337	0.4839443	2.2570314	0.51506084	0.13487722	1.104146	0.028885067	6204	5.736723184585571
1563.0	0.6716415	0.30223748	1.7323718	0.48539805	0.0397791	0.66766363	0.024728019	6304	5.821460723876953
1588.0	1.2062207	0.42137778	2.677315	0.5922959	0.068377964	1.1993829	0.025021333	6404	5.908458471298218
1613.0	0.7307767	0.39100978	1.803527	0.40171194	0.05616356	0.72516036	0.021915238	6504	5.997024059295654
1638.0	1.4616609	0.50106406	2.639893	0.6657018	0.14036657	1.4476243	0.05060295	6604	6.085248708724976
1663.0	0.4739945	0.1370204	0.8443814	0.32839748	0.03794799	0.47019967	0.0031864983	6704	6.174600839614868
1688.0	1.3629701	0.4447152	2.3735154	0.57568085	0.10799252	1.3521711	0.049331516	6804	6.2624595165252686
1713.0	0.5245136	0.20808513	1.0484278	0.3338043	0.047416992	0.5197719	0.0043467237	6904	6.3503923416137695
1738.0	1.52957	0.49800503	2.823406	0.6420057	0.112242706	1.5183458	0.04448383	7004	6.441348552703857
1763.0	0.48612916	0.15174112	0.9167234	0.33472773	0.04086025	0.48204315	0.0030439252	7104	6.529301404953003
1788.0	1.5326562	0.78071094	3.4850967	0.598936	0.10906727	1.5217496	0.046790313	7204	6.662747621536255
1813.0	0.68653786	0.27293327	1.4143264	0.4377263	0.1175991	0.6747779	0.0035687261	7304	6.746737003326416
1838.0	1.9683801	0.86034745	3.822703	0.60447246	0.15870109	1.9525099	0.04511811	7404	6.831763982772827
1863.0	0.63962847	0.3125479	2.0357242	0.4087657	0.07834625	0.63179386	0.0004435196	7504	6.916741847991943
1888.0	1.6130481	0.55098605	3.2227747	0.95089364	0.1506899	1.5979791	0.038890082	7604	7.00313663482666
1913.0	0.81053716	0.32247394	1.6229459	0.4400686	0.11500097	0.79903716	0.007936404	7704	7.08893895149231
1938.0	1.8179054	0.88642335	4.3898077	0.5823103	0.11982312	1.8059233	0.042281885	7804	7.1755828857421875
1963.0	1.1280807	0.5240868	2.5640087	0.56898385	0.105117865	1.117569	0.008658311	7904	7.261811971664429
1988.0	1.3393444	0.59451497	3.0267344	0.61795926	0.09016263	1.3303281	0.025932062	8004	7.348759412765503
2013.0	1.6864314	0.67965585	3.0368264	0.7168051	0.14589468	1.6718421	0.020480866	8104	7.436327219009399
2038.0	0.71211153	0.33870402	2.287223	0.50360125	0.07211398	0.7049	-0.0044312407	8204	7.524003267288208
2063.0	1.8523307	0.6924968	4.2431564	0.8796155	0.107648894	1.8415657	0.02856729	8304	7.613909959793091
2088.0	1.398853	0.68062675	2.7000148	0.6133021	0.09116717	1.3897363	0.013970388	8404	7.703078031539917
2113.0	0.9776815	0.49083608	2.6415522	0.5569417	0.088815555	0.96879995	0.016664457	8504	7.792715311050415
2138.0	1.879729	0.67830783	3.3282008	0.7247754	0.13590753	1.8661381	0.03402101	8604	7.881523132324219
2163.0	0.6897867	0.154901	1.1141939	0.55135924	0.04371566	0.685415	-0.0004323715	8704	7.968219518661499
2188.0	1.7224782	0.45949677	3.1668358	1.1857394	0.06229483	1.716249	0.029484354	8804	8.05439567565918
2213.0	0.7916004	0.65666664	3.8161888	0.48233953	0.08471398	0.783129	0.016343532	8904	8.141232013702393
2238.0	1.4066128	0.6037289	2.8746483	0.5672569	0.2024105	1.3863716	0.028417239	9004	8.232957124710083
2263.0	1.0200324	0.39365572	2.111892	0.5947519	0.071705274	1.0128618	0.024494506	9104	8.322467565536499
2288.0	1.2537996	0.5839245	2.9771464	0.681533	0.15562874	1.2382367	0.024059244	9204	8.41066598892212
2313.0	1.4894607	0.5300477	2.8651934	0.7731923	0.13961834	1.4754989	0.022067158	9304	8.498799562454224
2338.0	0.94559777	0.38271722	2.293172	0.6215443	0.066776045	0.93892014	0.011248444	9404	8.58687448501587
2363.0	1.6394554	0.4575932	2.7153752	1.1325436	0.18599918	1.6208555	0.030755298	9504	8.674099445343018
2388.0	0.8218663	0.268571	1.5238658	0.44758216	0.04083793	0.8177825	-0.004371662	9604	8.760404109954834
2413.0	1.4579204	0.38680437	2.6645536	1.1147422	0.09110898	1.4488095	0.026402285	9704	8.846609115600586
2438.0	1.1900904	0.45390025	2.4311328	0.73345137	0.10628894	1.1794616	0.016778264	9804	8.932856559753418
2463.0	0.88292015	0.3163542	1.5360242	0.4797855	0.031044664	0.8798157	0.011751936	9904	9.019394636154175
2488.0	1.6370277	0.74773973	3.367739	0.56977874	0.08370805	1.6286569	0.03764253	10004	9.107211828231812
2513.0	0.65145713	0.1795447	1.1279758	0.48571825	0.050808806	0.64637625	0.00019848165	10104	9.19489073753357
2538.0	1.4501202	0.3425147	2.1769805	0.8214036	0.1286279	1.4372576	0.03744947	10204	9.282165765762329
2563.0	0.91790164	0.2755673	1.8682925	0.66309667	0.07854398	0.91004723	0.025398793	10304	9.370903253555298
2588.0	0.9369524	0.39501628	2.5960422	0.6264827	0.072555535	0.92969686	0.015417023	10404	9.457730293273926
2613.0	1.1772915	0.5099888	2.78916	0.7249026	0.12152477	1.1651392	0.036000386	10504	9.545422554016113
2638.0	1.068472	0.3025945	1.755409	0.66592973	0.07426218	1.0610458	0.013998852	10604	9.6309072971344
2663.0	1.3852353	0.56610125	3.5682814	0.6626931	0.103194706	1.3749157	0.035487402	10704	9.715118885040283
2688.0	1.012616	0.576329	3.1536975	0.62692773	0.063720495	1.0062441	0.02738078	10804	9.801020622253418
2713.0	1.204178	0.44966543	2.53474	0.76343906	0.08351694	1.1958263	0.02462827	10904	9.887858152389526
2738.0	1.2962251	0.3433314	2.1924455	0.8960699	0.076032214	1.2886218	0.027524069	11004	9.973663806915283
2763.0	1.1345862	0.433234	2.381093	0.7495404	0.08837564	1.1257486	0.035187267	11104	10.059749841690063
2788.0	0.946218	0.53797823	2.6940646	0.49435773	0.075459935	0.938672	0.027606383	11204	10.147100925445557
2813.0	1.1122814	0.36529854	2.5154493	0.5809077	0.09583909	1.1026977	0.025664145	11304	10.233129978179932
2838.0	1.1762724	0.55167574	2.6467931	0.5423797	0.09172634	1.1670998	0.026573112	11404	10.322618246078491
2863.0	1.1581419	0.31807804	2.0607626	0.6998633	0.065374546	1.1516044	0.02542731	11504	10.410061120986938
2888.0	1.1340013	0.3832033	2.5821903	0.74993825	0.10628315	1.123373	0.025482183	11604	10.49604606628418
2913.0	0.8845086	0.3486162	1.9882299	0.53484005	0.05939681	0.8785689	0.014418031	11704	10.581952333450317
2938.0	1.3464084	0.7336064	4.03234	0.5445719	0.0769786	1.3387107	0.033290554	11804	10.667814016342163
2963.0	1.0743923	0.5178242	2.6409867	0.5784311	0.05570422	1.0688218	0.009775999	11904	10.754484176635742
2988.0	1.2543567	0.55379856	2.8093994	0.60646456	0.11183224	1.2431735	0.023272047	12004	10.840861797332764
3013.0	0.7926928	0.4883335	2.293118	0.39993817	0.048344284	0.7878584	0.005690163	12104	10.927744626998901
3038.0	1.2735918	0.40173164	2.451724	0.47231883	0.06312974	1.2672788	0.00864214	12204	11.013083219528198
3063.0	1.095604	0.46219164	2.4513903	0.7045927	0.07658815	1.087945	0.024374135	12304	11.099097728729248
3088.0	1.4899641	0.6336787	3.3052082	0.8084764	0.17275268	1.4726889	0.025979508	12404	11.185857772827148
3113.0	0.9946215	0.38523436	1.8815581	0.5621156	0.09021162	0.9856003	0.013074488	12504	11.270984172821045
3138.0	1.6573688	0.6309632	2.9855626	0.8674612	0.13954823	1.643414	0.037871905	12604	11.358481884002686
3163.0	0.8930596	0.5610157	2.5228782	0.32566053	0.08861795	0.88419783	0.021588178	12704	11.447429656982422
3188.0	0.79812014	0.23054075	1.715724	0.60269207	0.10354181	0.78776586	0.015025964	12804	11.533064603805542
3213.0	1.1555394	0.39551726	2.064821	0.38659957	0.09900066	1.1456393	0.0322233	12904	11.618428945541382
3238.0	0.6104259	0.33775747	1.5458821	0.32063577	0.029363329	0.6074895	-0.0061356216	13004	11.703861713409424
3263.0	1.043435	0.48815122	2.300852	0.34445426	0.08220216	1.0352147	0.022877607	13104	11.792200326919556
3288.0	1.0906085	0.2911959	2.349644	0.86207545	0.051583413	1.0854502	0.011314857	13204	11.876859188079834
3313.0	1.3559781	0.6228099	2.5679874	0.65434146	0.1117245	1.3448055	0.011704274	13304	11.965328931808472
3338.0	1.8406726	0.7217135	3.582037	1.2012848	0.23405178	1.8172674	0.024091113	13404	12.05232548713684
3363.0	1.492845	0.3907932	2.7201762	1.1117228	0.12084796	1.4807602	0.022269819	13504	12.138171195983887
3388.0	1.7128046	0.8734046	3.5215044	0.57017636	0.10852963	1.7019516	0.01972194	13604	12.224543333053589
3413.0	1.3358437	0.53788805	2.6830208	0.59132326	0.065990694	1.3292445	0.015314434	13704	12.31108283996582
3438.0	1.5714759	0.56787956	3.3898222	1.1013272	0.15029816	1.5564461	0.033477858	13804	12.40830135345459
3463.0	1.278541	0.52501446	3.1553807	0.53521585	0.07941679	1.2705992	0.014697157	13904	12.497153520584106
3488.0	0.92714524	0.44167072	2.3057258	0.5551592	0.04306679	0.92283857	0.025809068	14004	12.58586597442627
3513.0	1.1368222	0.49821144	2.495129	0.7115948	0.0923905	1.1275833	0.035766486	14104	12.674001693725586
3538.0	1.2508255	0.42886233	2.468162	0.86625767	0.11066698	1.239759	0.010620823	14204	12.760907173156738
3563.0	1.060483	0.49345216	2.533112	0.677873	0.08797703	1.0516853	0.025777921	14304	12.847570419311523
3588.0	1.2208602	0.54463327	2.600173	0.6975038	0.080499046	1.2128104	0.039063595	14404	12.935302257537842
3613.0	0.77226204	0.3217034	2.051378	0.5182975	0.055868052	0.7666752	0.010473971	14504	13.020493984222412
3638.0	1.3514334	0.66304517	3.2318826	0.56157064	0.08611556	1.3428218	0.039653193	14604	13.106374025344849
3663.0	0.6004147	0.30358654	1.9701163	0.38186446	0.07802238	0.59261245	0.016197743	14704	13.191884279251099
3688.0	0.9309954	0.7108895	3.8268435	0.44851935	0.052643824	0.92573106	0.032722775	14804	13.27778959274292
3713.0	0.39768752	0.13596484	0.7704951	0.278193	0.049892675	0.39269826	0.0028993287	14904	13.365394592285156
3738.0	1.5750421	0.6737329	3.2214644	0.43971053	0.12108326	1.5629339	0.04850267	15004	13.452906370162964
3763.0	0.43352225	0.25094885	1.4892039	0.2566913	0.06197713	0.42732453	0.00039096153	15104	13.54019284248352
3788.0	0.8318911	0.5130234	2.1899292	0.45442355	0.12672342	0.81921875	0.016208919	15204	13.627408027648926
3813.0	1.2744689	0.5100213	2.674828	0.62667924	0.17053884	1.2574149	0.017540317	15304	13.715275764465332
3838.0	1.4504786	1.0514797	3.6968043	0.31111938	0.07922618	1.4425559	0.031196613	15404	13.80277156829834
3863.0	1.1234732	0.652535	2.5006049	0.31317714	0.12166914	1.1113063	0.0055378512	15504	13.889877557754517
3888.0	1.8292214	1.0272808	3.7574599	0.39736545	0.19065541	1.8101556	0.04549262	15604	13.977010488510132
3913.0	0.75247353	0.3155967	1.419484	0.39602605	0.1241338	0.7400602	-0.0005886696	15704	14.062492609024048
3938.0	1.7184328	0.58812165	4.1053214	1.065277	0.10312921	1.70812	0.047366768	15804	14.147772550582886
3963.0	0.53288835	0.40840372	2.3349254	0.29777366	0.14698397	0.51819	0.013191521	15904	14.23318338394165
3988.0	1.4103853	0.2539145	2.1855469	1.1572348	0.10669086	1.3997164	0.014187101	16004	14.31951379776001
4013.0	1.3551854	0.6849635	2.5658112	0.6182983	0.115910724	1.3435943	0.02658751	16104	14.406408071517944
4038.0	0.7201422	0.42119142	1.9131976	0.37468466	0.06651862	0.7134903	0.026401186	16204	14.498399019241333
4063.0	1.0424505	0.37534565	2.2519844	0.64378464	0.076385185	1.0348121	0.024104394	16304	14.588208198547363
4088.0	0.75654984	0.4227851	2.2363808	0.347151	0.101590365	0.74639094	0.02500116	16404	14.676990509033203
4113.0	1.1692075	0.46420693	3.0287514	0.7409692	0.066460095	1.1625615	0.036925253	16504	14.766042947769165
4138.0	0.79441553	0.32216752	2.0805779	0.5063078	0.08317988	0.7860976	0.014004958	16604	14.85473108291626
4163.0	1.4816823	0.50704646	2.9637873	0.92698365	0.124368645	1.4692453	0.039379936	16704	14.94283676147461
4188.0	1.0990736	0.32333943	1.8714964	0.7486356	0.061316896	1.092942	0.013096807	16804	15.02943229675293
4213.0	1.4400268	0.6319872	3.1923978	0.70413786	0.18308885	1.4217179	0.031198904	16904	15.117022275924683
4238.0	1.0231075	0.48097315	2.8766649	0.6103206	0.06314543	1.016793	0.016825005	17004	15.202932596206665
4263.0	1.5114205	0.89867127	4.982227	0.58256775	0.14743263	1.4966769	0.017103475	17104	15.290285587310791
4288.0	1.7380724	0.9252162	3.6732197	0.5999762	0.062869884	1.7317855	0.0190765	17204	15.476864099502563
4313.0	1.4838402	0.72423226	3.1817112	0.5376596	0.092521146	1.474588	0.029628424	17304	15.563585758209229
4338.0	0.7986298	0.42788824	1.8557199	0.4422179	0.077356145	0.7908943	0.0086832885	17404	15.650059223175049
4363.0	1.690146	0.90602696	5.326489	0.69761693	0.24940899	1.6652051	0.038641002	17504	15.738488912582397
4388.0	1.1243705	0.7248499	2.7747347	0.47020668	0.099841416	1.1143863	0.010472284	17604	15.828645944595337
4413.0	1.641214	0.974098	3.6382954	0.47695532	0.16571179	1.6246428	0.04065951	17704	15.916855573654175
4438.0	0.6392394	0.4417933	1.7259127	0.27354893	0.11323875	0.6279155	0.007927665	17804	16.001858949661255
4463.0	1.4184222	0.92145634	3.8410542	0.51032066	0.07303727	1.4111186	0.04030718	17904	16.090996026992798
4488.0	0.9483804	0.47604147	1.7657279	0.4175679	0.10198168	0.9381823	0.008143935	18004	16.17850399017334
4513.0	1.9972664	1.1108422	5.1372085	0.54545546	0.17169586	1.9800967	0.042010732	18104	16.267478227615356
4538.0	0.47058383	0.24254352	1.0894469	0.2301386	0.078325324	0.4627513	0.0121256355	18204	16.352832317352295
4563.0	1.1250137	0.88343626	3.7467937	0.30275846	0.068405956	1.1181732	0.0407323	18304	16.441519260406494
4588.0	0.7585176	0.35047567	1.4035559	0.31196517	0.085911416	0.7499265	-0.0032678086	18404	16.530043840408325
4613.0	0.6601727	0.59918106	3.3591566	0.3618306	0.09013811	0.6511589	0.024349356	18504	16.62055802345276
4638.0	1.5842797	0.5237994	3.2066283	0.8052388	0.15504412	1.568775	0.02930712	18604	16.70992875099182
4663.0	1.0583042	0.5238967	2.7829118	0.69189245	0.06433511	1.0518707	0.017755438	18704	16.799537658691406
4688.0	1.7575132	0.75194293	4.0207696	1.0407066	0.09714221	1.7477988	0.05079898	18804	16.885750770568848
4713.0	0.53735846	0.105583586	0.8610874	0.40880686	0.07485966	0.5298725	-0.0067778355	18904	16.970717906951904
4738.0	1.2074584	0.49795845	2.2757463	0.5673962	0.115405686	1.1959178	0.0006875858	19004	17.0572190284729
4763.0	1.2146719	0.63444996	3.2917464	0.8292976	0.11887874	1.2027841	0.02496728	19104	17.142305850982666
4788.0	1.2822428	0.7155924	3.8775504	0.6404784	0.2426324	1.2579794	0.025717035	19204	17.228223085403442
4813.0	1.3675857	0.5806366	3.286588	0.9375943	0.104077145	1.3571779	0.021945037	19304	17.31585955619812
4838.0	1.7970401	0.5777225	3.4199271	1.1319902	0.14680603	1.7823595	0.027080443	19404	17.403587579727173
4863.0	0.76165843	0.62185234	2.4909034	0.26460496	0.12269017	0.7493894	0.01883344	19504	17.491870164871216
4888.0	1.8055825	0.78139573	3.7245355	0.60390276	0.2588795	1.7796947	0.02916605	19604	17.580521821975708
4913.0	1.1106242	0.5535612	2.3609788	0.39841893	0.087384894	1.1018858	0.020518146	19704	17.669949531555176
4938.0	1.4942127	0.7595659	3.3311348	0.40923554	0.17756413	1.4764563	0.032199193	19804	17.75822615623474
4963.0	0.6681285	0.5483884	2.3806412	0.27504054	0.052894134	0.6628391	0.01946545	19904	17.847092628479004
4988.0	1.4120646	0.7523897	2.9972768	0.41577613	0.07241104	1.4048234	0.030939732	20004	17.936207056045532
5013.0	0.67830205	0.5793445	2.3815796	0.26465145	0.090433925	0.6692587	0.017636288	20104	18.024718284606934
5038.0	1.0132004	0.4767992	2.0847056	0.50133836	0.06862679	1.0063378	0.0108839795	20204	18.11059045791626
5063.0	0.910726	0.6789674	2.8509054	0.27918825	0.09094018	0.901632	0.040173486	20304	18.198148250579834
5088.0	1.0218902	0.6692929	2.860703	0.31960604	0.10521262	1.011369	0.043137725	20404	18.28599762916565
5113.0	0.48777196	0.3617952	1.953794	0.25864786	0.06086111	0.48168582	0.008136713	20504	18.372875213623047
5138.0	1.3488739	0.9206848	4.1885004	0.38535604	0.10223734	1.3386502	0.041265555	20604	18.458834171295166
5163.0	0.7180172	0.51076305	1.8877488	0.33609185	0.1254133	0.70547575	0.009879988	20704	18.543595790863037
5188.0	1.2131112	0.6536051	2.7176511	0.38394162	0.10991014	1.2021202	0.031038608	20804	18.629251718521118
5213.0	0.7685951	0.5729967	2.5753229	0.33487272	0.2322708	0.74536794	0.0197833	20904	18.721740007400513
5238.0	1.3691505	0.64925957	2.6579747	0.46917883	0.19264959	1.3498857	0.042454872	21004	18.80964994430542
5263.0	0.6612549	0.51248026	2.3991563	0.28852826	0.041264888	0.6571284	0.008949317	21104	18.894306898117065
5288.0	1.5050014	0.7902467	3.726658	0.3812433	0.11340868	1.4936604	0.040461257	21204	18.981821537017822
5313.0	0.6318259	0.3720762	1.9199005	0.37119022	0.057560056	0.62606984	0.0074129235	21304	19.069903135299683
5338.0	1.6050049	0.7273328	3.0366588	0.5497935	0.20155293	1.5848497	0.04200963	21404	19.16015648841858
5363.0	0.7179482	0.43763503	1.8435247	0.35441577	0.043107267	0.7136376	0.011731263	21504	19.24727702140808
5388.0	1.2408988	0.79808784	4.624672	0.5093058	0.19074821	1.2218239	0.039804857	21604	19.334675073623657
5413.0	0.6063516	0.2971377	1.7262629	0.3564893	0.12103131	0.5942485	0.008358807	21704	19.42080307006836
5438.0	1.3617744	0.37435204	2.5249927	0.884274	0.07826227	1.3539484	0.026818294	21804	19.506519317626953
5463.0	0.56322163	0.3513096	1.8771166	0.35074463	0.07094374	0.5561272	0.022837048	21904	19.59219479560852
5488.0	1.071252	0.33369765	1.9727943	0.6410952	0.09984414	1.0612675	0.027701817	22004	19.678261756896973
5513.0	0.7363177	0.2627106	1.4871656	0.45619565	0.06884625	0.7294331	0.025809767	22104	19.763908624649048
5538.0	0.858723	0.49955824	2.558731	0.47378007	0.04743517	0.8539794	0.036021944	22204	19.849412441253662
5563.0	0.68107504	0.3619031	2.3183422	0.45869413	0.08260573	0.6728144	0.01414912	22304	19.93695855140686
5588.0	1.0082254	0.48327562	2.194412	0.364402	0.05800464	1.0024248	0.017511426	22404	20.02674889564514
5613.0	0.52378404	0.27513927	1.7267916	0.3617403	0.06261738	0.5175223	0.016986981	22504	20.116244792938232
5638.0	1.3460419	0.592304	2.808791	0.48719442	0.099110834	1.3361309	0.035084456	22604	20.203567266464233
5663.0	0.7122051	0.3622122	1.6972275	0.39600152	0.068171114	0.70538795	0.013184172	22704	20.291300296783447
5688.0	0.8689317	0.3720428	1.869534	0.49192247	0.054429963	0.8634888	0.019566895	22804	20.378140926361084
5713.0	1.2115071	0.7429856	4.1043506	0.5352275	0.1272181	1.1987853	0.026985008	22904	20.463132619857788
5738.0	0.5579168	0.41394582	2.3284206	0.34564346	0.05549026	0.55236775	0.008191927	23004	20.558303117752075
5763.0	1.8678676	0.6880437	3.2854235	0.74681604	0.06859849	1.8610076	0.024754232	23104	20.645842790603638
5788.0	0.9536544	0.33237866	2.2694285	0.670709	0.21573217	0.9320813	0.009291712	23204	20.733311653137207
5813.0	1.4258038	0.43332213	2.4921126	0.85633814	0.050472964	1.4207566	0.037938837	23304	20.826218605041504
5838.0	1.1707869	0.4297553	1.973481	0.75334454	0.122046396	1.1585823	0.0040028836	23404	20.951847553253174
5863.0	0.5949976	0.3363141	1.405953	0.32421565	0.04498819	0.5904988	0.007878096	23504	21.039315938949585
5888.0	1.5970755	0.5689049	3.1273084	0.85332125	0.08095965	1.5889796	0.024876636	23604	21.12798833847046
5913.0	0.7587209	0.36507592	1.6597788	0.42428613	0.056249067	0.7530959	0.0026090064	23704	21.216728687286377
5938.0	0.9824353	0.37159413	1.8680362	0.4633624	0.08371809	0.9740636	0.012693442	23804	21.30427598953247
5963.0	1.3608985	0.26879483	2.1904483	1.0337287	0.08098089	1.3528003	0.03335707	23904	21.391145706176758
5988.0	0.8307102	0.29622653	1.5229073	0.5405551	0.0734869	0.82336134	0.0056357025	24004	21.47662854194641
6013.0	1.344995	0.4684338	2.4956408	0.90298307	0.07640131	1.3373548	0.03342701	24104	21.563833713531494
6038.0	1.0608783	0.2767246	1.5705305	0.6729153	0.09540985	1.0513374	0.01582674	24204	21.65275001525879
6063.0	1.1944473	0.5355784	2.59295	0.736474	0.072182	1.187229	0.034832846	24304	21.741957187652588
6088.0	0.56400895	0.26500696	1.2512836	0.3207063	0.06423656	0.55758536	0.013936327	24404	21.829536199569702
6113.0	1.079639	0.58935815	2.3708515	0.4981144	0.11698297	1.0679406	0.035159856	24504	21.916013479232788
6138.0	1.1465564	0.512766	2.2069163	0.59886414	0.06053245	1.1405032	0.016317992	24604	22.00232458114624
6163.0	1.4807774	0.88097817	3.7533784	0.80672973	0.06903162	1.4738746	0.035210483	24704	22.089833736419678
6188.0	1.0173888	0.38515192	1.8684704	0.55202556	0.078101814	1.0095787	0.015120279	24804	22.17652463912964
6213.0	1.231243	0.8287403	3.110865	0.31719667	0.10353884	1.2208892	0.030236604	24904	22.26496696472168
6238.0	0.6556966	0.4591428	1.7672087	0.2677839	0.07528029	0.64816856	0.002237283	25004	22.350702047348022
6263.0	1.6108208	0.93803024	3.6217308	0.36878455	0.12365441	1.5984553	0.046218738	25104	22.438572645187378
6288.0	1.1798694	0.7800012	2.8251507	0.36822116	0.034232475	1.1764463	0.007968179	25204	22.524014949798584
6313.0	1.4764764	0.8369522	3.4312847	0.4782575	0.13626638	1.4628501	0.041654173	25304	22.61196231842041
6338.0	0.56499	0.3659268	1.4913672	0.24912342	0.044643693	0.56052566	0.005525665	25404	22.700432062149048
6363.0	1.7563319	0.9419534	4.447026	0.56266207	0.14243625	1.7420884	0.04265484	25504	22.78980803489685
6388.0	0.58903146	0.25280455	1.2799958	0.37805647	0.04176766	0.5848548	0.00069451705	25604	22.878126859664917
6413.0	2.183513	0.90335256	3.9248672	0.75842357	0.14139715	2.1693735	0.046799164	25704	22.967849254608154
6438.0	0.43869466	0.15734112	0.78664875	0.25174	0.068554804	0.43183917	0.007905644	25804	23.05403709411621
6463.0	1.5822133	1.0565277	4.190755	0.42681086	0.1278781	1.5694255	0.04430854	25904	23.14300227165222
6488.0	0.48941875	0.28855833	1.317962	0.25293452	0.11063337	0.4783554	0.0006170059	26004	23.229538679122925
6513.0	2.098444	0.7465968	3.5374453	0.71887225	0.16808067	2.081636	0.04766754	26104	23.316632509231567
6538.0	0.7611429	0.33680177	1.8648248	0.50178736	0.09594072	0.75154895	-0.0040318267	26204	23.403172731399536
6563.0	1.6094322	0.6010302	3.6145875	0.8766447	0.06582561	1.6028497	0.03672585	26304	23.49169421195984
6588.0	0.87297064	0.29588872	1.6562898	0.3594509	0.101837434	0.86278695	0.01204633	26404	23.58225917816162
6613.0	1.3502798	0.69313484	3.6971102	0.5029489	0.12906107	1.3373736	0.032237627	26504	23.67092752456665
6638.0	0.9715317	0.36139277	1.9842436	0.5183976	0.104487315	0.96108294	0.013665109	26604	23.75864338874817
6663.0	1.446222	0.49578196	2.6343703	0.51264596	0.094800875	1.4367418	0.033303272	26704	23.846585512161255
6688.0	0.8343585	0.33389556	2.1746454	0.51224864	0.10235891	0.8241226	0.017295035	26804	23.932978630065918
6713.0	1.2950141	0.5416115	3.4604564	0.7158402	0.10073056	1.2849411	0.029648127	26904	24.01944923400879
6738.0	0.7561296	0.31074873	1.5520707	0.48972723	0.05626357	0.7505033	0.0038209236	27004	24.105385541915894
6763.0	1.7689995	0.631101	3.099602	0.5337731	0.13672881	1.7553267	0.042934407	27104	24.19243288040161
6788.0	0.6293388	0.34743792	1.984161	0.35467196	0.05134187	0.6242046	0.012323767	27204	24.278368711471558
6813.0	1.2811563	0.45750806	2.5409076	0.73672175	0.08833735	1.2723227	0.037976015	27304	24.366305589675903
6838.0	0.70546645	0.21935414	1.3004261	0.5078854	0.06899831	0.6985667	0.00037525472	27404	24.454375743865967
6863.0	1.252142	0.4228438	2.4594464	0.76855516	0.08173843	1.243968	0.026904015	27504	24.542707920074463
6888.0	0.6672743	0.4816047	2.3102274	0.3075849	0.07611803	0.65966254	0.021781353	27604	24.62962818145752
6913.0	1.3872012	0.39527634	2.562775	0.82644916	0.08096133	1.379105	0.02915626	27704	24.718676567077637
6938.0	0.78015214	0.53767955	2.313919	0.3857828	0.046951443	0.775457	0.022082815	27804	24.808709383010864
6963.0	1.1600212	0.45117247	2.5109336	0.6600801	0.10708359	1.1493127	0.027491657	27904	24.898281574249268
6988.0	0.89787626	0.429525	2.3183947	0.5016866	0.08152854	0.8897234	0.021525351	28004	24.991140127182007
7013.0	1.2210708	0.5734703	2.6464348	0.6351475	0.08529815	1.2125411	0.02777778	28104	25.08259654045105
7038.0	1.0868	0.5239035	2.6749294	0.695141	0.08461897	1.0783381	0.024437292	28204	25.17011833190918
7063.0	0.8839434	0.41095725	2.578695	0.59124124	0.09057214	0.87488616	0.023695232	28304	25.257314205169678
7088.0	1.3795677	0.53687423	3.047182	0.8885925	0.08074793	1.3714926	0.03672836	28404	25.346108198165894
7113.0	0.7531795	0.3622193	2.29999	0.48696336	0.086415775	0.7445379	0.0126352785	28504	25.43410873413086
7138.0	1.1397415	0.46168607	2.692449	0.59005624	0.09128357	1.1306134	0.026245844	28604	25.52275538444519
7163.0	0.9313284	0.25391167	1.572599	0.6129534	0.09779607	0.9215489	0.025634075	28704	25.611213207244873
7188.0	1.050014	0.4544913	2.4402583	0.7038639	0.090630464	1.0409509	0.02521617	28804	25.698078632354736
7213.0	0.92275953	0.23407282	1.6004549	0.5522084	0.08210434	0.9145491	0.027247453	28904	25.786002159118652
7238.0	1.2066683	0.45126826	2.3265321	0.53050196	0.07562143	1.199106	0.03174214	29004	25.873592138290405
7263.0	0.58517843	0.29614374	1.3137393	0.3155915	0.04757552	0.5804209	0.0044754846	29104	25.95990562438965
7288.0	1.3475238	0.27560714	1.9920923	0.8667174	0.094393484	1.3380845	0.045378342	29204	26.048129081726074
7313.0	0.5160645	0.15335387	0.90039027	0.35763967	0.08372943	0.50769156	0.00588889	29304	26.13396120071411
7338.0	1.1440201	0.58374166	2.6214902	0.33340344	0.123947494	1.1316254	0.045799866	29404	26.22289800643921
7363.0	0.43135205	0.23918417	1.0581006	0.23857234	0.036142312	0.4277378	0.003222026	29504	26.30733561515808
7388.0	1.6424135	0.43859032	2.6575239	0.6805349	0.19878386	1.6225352	0.047916856	29604	26.3942711353302
7413.0	0.5700128	0.13889462	0.89388776	0.4018222	0.026421234	0.56737065	0.0046279924	29704	26.48101544380188
7438.0	1.2460124	0.4272306	2.563377	0.7237392	0.112801276	1.2347322	0.044537816	29804	26.568742275238037
7463.0	0.87843513	0.28242165	1.4961647	0.56167305	0.055765335	0.87285864	0.014877758	29904	26.657567977905273
7488.0	1.2323847	0.3327098	2.2635014	0.85825324	0.06579189	1.2258055	0.027327547	30004	26.745952606201172
7513.0	1.0828716	0.4552895	2.626208	0.6473654	0.06199919	1.0766717	0.025580049	30104	26.831863403320312
7538.0	1.1047083	0.54996777	3.4123175	0.59952986	0.08792485	1.0959158	0.03425657	30204	26.91699194908142
7563.0	1.1295469	0.67575824	3.0654547	0.55556244	0.093216896	1.1202252	0.011868477	30304	27.003094911575317
7588.0	0.9029299	0.30996558	1.8258954	0.6099696	0.07393357	0.8955366	0.020082885	30404	27.094051599502563
7613.0	1.4678841	0.72620517	3.0494287	0.58460325	0.0515726	1.4627266	0.021050442	30504	27.180434226989746
7638.0	0.97088957	0.71783805	2.9923606	0.35128006	0.07882096	0.96300745	0.030720308	30604	27.26837420463562
7663.0	1.1266263	0.7135049	3.081119	0.36488333	0.11110119	1.1155161	0.017733904	30704	27.357719659805298
7688.0	1.2459953	0.8460914	2.9537416	0.22031768	0.114748284	1.2345206	0.03404975	30804	27.449427843093872
7713.0	0.82761073	0.55158716	2.5286648	0.2172465	0.04984161	0.8226266	0.028413583	30904	27.539764881134033
7738.0	0.9807823	0.46152663	1.9562023	0.36686045	0.081985675	0.9725836	0.021584561	31004	27.629894971847534
7763.0	1.1162947	0.7156803	3.5580797	0.419953	0.061549153	1.1101398	0.028298149	31104	27.721121549606323
7788.0	0.8981398	0.38581407	2.4305608	0.51571167	0.09577577	0.88856226	0.02149725	31204	27.810906887054443
7813.0	1.2166687	0.53512186	2.1348376	0.5040591	0.09755523	1.2069134	0.024338419	31304	27.899462699890137
7838.0	0.78542745	0.2510737	1.7394912	0.50129306	0.04080529	0.781347	0.0119732665	31404	27.98726534843445
7863.0	2.3799038	0.83293957	3.7056358	1.0541375	0.2379267	2.3561113	0.0126307905	31504	28.074625253677368
7888.0	3.6935012	0.47060102	4.9574523	3.103189	0.3110247	3.6623986	0.020263586	31604	28.162451028823853
7913.0	4.7576447	0.63451594	6.5793047	3.9286697	0.49274102	4.708371	0.018206753	31704	28.24931049346924
7938.0	0.47561944	0.48809808	2.839694	0.30272803	0.0381417	0.47180527	-1.410678e-05	31804	28.33523154258728
7963.0	1.2652214	0.49802592	3.0229645	0.63759404	0.099412784	1.2552801	0.039295528	31904	28.422954320907593
7988.0	0.86010027	0.36044487	2.162526	0.5969845	0.050912514	0.855009	0.015155325	32004	28.509376525878906
8013.0	1.3036684	0.52168757	2.6088774	0.40967554	0.10290241	1.2933781	0.047947135	32104	28.597980737686157
8038.0	0.41447997	0.13335256	0.74742794	0.27819258	0.023113634	0.41216865	0.0033636296	32204	28.685588359832764
8063.0	0.9954436	0.38399807	2.1967905	0.70895475	0.08375472	0.987068	0.03535502	32304	28.773592472076416
8088.0	0.9064232	0.3506797	2.392572	0.6778542	0.04622728	0.9018005	0.018205896	32404	28.859680891036987
8113.0	1.0038688	0.39685673	2.3588257	0.6319627	0.10341314	0.99352735	0.035364427	32504	28.948075771331787
8138.0	0.8579534	0.46528092	2.1887867	0.3806835	0.05454751	0.8524987	0.035991207	32604	29.035499334335327
8163.0	0.5110381	0.23696806	1.6227369	0.3840416	0.055195585	0.50551856	0.0111177955	32704	29.12342095375061
8188.0	1.0696889	0.3681094	2.293639	0.6587749	0.08833096	1.0608557	0.030752523	32804	29.21648907661438
8213.0	0.59255373	0.5788442	2.3381326	0.26013473	0.041748133	0.5883789	0.023191283	32904	29.3058762550354
8238.0	0.84906083	0.33420822	1.9883398	0.394439	0.08180842	0.84088	0.027292028	33004	29.394016981124878
8263.0	0.7525097	0.42330122	2.2046123	0.38200283	0.07508798	0.74500084	0.020220408	33104	29.483536958694458
8288.0	0.9874511	0.33783704	1.9224269	0.6311568	0.0542687	0.98202425	0.02809486	33204	29.571357250213623
8313.0	0.79077995	0.3691627	2.21798	0.5064625	0.03562509	0.7872175	0.023394234	33304	29.65930151939392
8338.0	0.86411685	0.4291592	2.2038438	0.5119274	0.060811915	0.85803556	0.037750825	33404	29.74704909324646
8363.0	0.86811614	0.2352101	1.8733556	0.67232525	0.06638869	0.86147726	0.013100732	33504	29.83440923690796
8388.0	1.1470652	0.52883786	2.4275813	0.52309954	0.09577377	1.1374878	0.03890781	33604	29.92280626296997
8413.0	0.7306344	0.3408212	1.9898903	0.42280376	0.07720919	0.72291344	0.023078166	33704	30.01263117790222
8438.0	0.8247714	0.5066421	2.4144483	0.36291426	0.06845717	0.81792563	0.016827095	33804	30.099568605422974
8463.0	0.89621806	0.35565066	2.2157679	0.63061345	0.0728648	0.88893163	0.024987238	33904	30.186185359954834
8488.0	1.1904646	0.40888166	2.3795466	0.5848465	0.05256772	1.1852078	0.037083197	34004	30.271841049194336
8513.0	0.594087	0.27912894	1.5972378	0.34152973	0.031934507	0.59089357	0.015346945	34104	30.358717918395996
8538.0	1.1368926	0.40269482	2.111657	0.7151805	0.14641902	1.1222506	0.045965496	34204	30.445940256118774
8563.0	0.5489779	0.120031126	0.883933	0.433162	0.040227875	0.5449551	0.006301797	34304	30.53294539451599
8588.0	0.97333807	0.39640674	2.2224455	0.5230534	0.073540196	0.96598405	0.030582221	34404	30.620768070220947
8613.0	0.8285872	0.55632687	2.7097223	0.39590654	0.05007125	0.82358	0.020617202	34504	30.706924438476562
8638.0	1.1811372	0.7496604	3.2998402	0.40163693	0.055960402	1.1755412	0.031350974	34604	30.797034978866577
8663.0	1.1251509	0.50416934	2.207647	0.4340741	0.12542506	1.1126084	0.017855048	34704	30.88573932647705
8688.0	0.84892654	0.7312041	2.9258468	0.24982606	0.105616204	0.83836496	0.035027064	34804	30.97487497329712
8713.0	0.8223654	0.28836137	1.825081	0.44845992	0.078886434	0.81447685	0.0108631775	34904	31.06162977218628
8738.0	1.3307489	0.35623795	2.366824	1.076258	0.09892275	1.3208566	0.023453724	35004	31.148987293243408
8763.0	0.6223302	0.38402668	1.8758067	0.28798425	0.045137513	0.61781645	0.016603373	35104	31.237926244735718
8788.0	1.481558	0.61397153	2.949098	0.60509825	0.10399995	1.4711581	0.04556416	35204	31.330626964569092
8813.0	0.74647874	0.40776893	2.1023765	0.38942018	0.13989842	0.7324888	0.014670972	35304	31.4191997051239
8838.0	1.3924137	0.49631035	3.062698	0.48661315	0.07191739	1.3852218	0.038577255	35404	31.507885694503784
8863.0	0.6908583	0.33503127	2.2270937	0.44156522	0.06829078	0.68402934	0.008657461	35504	31.597898483276367
8888.0	1.2552894	0.41563067	2.563589	0.7288187	0.10295762	1.2449937	0.026252842	35604	31.686878204345703
8913.0	1.2825524	0.39044222	2.3635342	0.70334584	0.11987488	1.2705647	0.02473729	35704	31.774364948272705
8938.0	1.178771	0.33655515	2.20697	0.78561604	0.06594343	1.1721766	0.027262628	35804	31.861645936965942
8963.0	1.0158921	0.38823533	2.4278026	0.638414	0.07729965	1.0081623	0.018172823	35904	31.947601795196533
8988.0	1.6344125	0.9006474	3.601784	0.59357285	0.16733229	1.6176792	0.017821195	36004	32.03208041191101
9013.0	1.0103453	0.52505535	2.9617014	0.59541625	0.08133656	1.0022116	0.031400096	36104	32.118834495544434
9038.0	1.2701868	0.81219107	4.0682783	0.51037484	0.072746746	1.262912	0.0391203	36204	32.20402812957764
9063.0	0.9561719	0.2008782	1.4956967	0.746695	0.060403444	0.95013154	0.0031324395	36304	32.29026985168457
9088.0	1.373228	0.73017144	3.587019	0.6232404	0.075649045	1.3656632	0.040069632	36404	32.38102078437805
9113.0	0.809167	0.5266136	2.446391	0.48362797	0.08192864	0.8009742	0.015445427	36504	32.46904134750366
9138.0	1.0085477	0.5033655	2.97057	0.64397836	0.074130245	1.0011346	0.00049647084	36604	32.5562903881073
9163.0	1.5298864	0.370043	2.2285717	0.6855925	0.108031176	1.5190833	0.034386564	36704	32.64483118057251
9188.0	0.9046839	0.4787489	2.2699516	0.47228935	0.08173819	0.89651	0.025319628	36804	32.73190975189209
9213.0	0.9512561	0.18844925	1.4531986	0.74346304	0.08592783	0.9426634	0.011593572	36904	32.817814350128174
9238.0	1.6120259	0.4808128	3.135524	0.90547705	0.10166338	1.6018597	0.039771777	37004	32.90546250343323
9263.0	0.81443727	0.4103404	2.6205907	0.6048012	0.071290486	0.80730826	0.0071821827	37104	32.994691610336304
9288.0	0.9195463	0.298909	2.0499632	0.6998497	0.063472465	0.913199	0.024722343	37204	33.08282971382141
9313.0	1.4265938	0.58825785	3.9918337	0.57225055	0.09261946	1.4173318	0.021118335	37304	33.16963005065918
9338.0	0.42123047	0.114362754	0.74124527	0.2988349	0.036862813	0.41754422	-0.0011670659	37404	33.25525784492493
9363.0	1.6818454	0.6367439	2.9115412	0.81269896	0.12603237	1.6692421	0.049193967	37504	33.343961000442505
9388.0	0.45206437	0.1352448	0.7549209	0.30137968	0.029541947	0.44911018	0.0033035977	37604	33.43645262718201
9413.0	1.4606289	0.7108625	3.7735987	0.5127034	0.08163927	1.4524647	0.04839521	37704	33.52584457397461
9438.0	0.41161254	0.13351756	0.81111705	0.291113	0.035215054	0.40809104	0.0023674045	37804	33.61421203613281
9463.0	1.516526	0.59667283	2.828098	0.62852985	0.08218582	1.5083075	0.04777975	37904	33.70335817337036
9488.0	0.5352246	0.28163388	1.3925573	0.32280302	0.0324891	0.5319757	-0.00664331	38004	33.79110360145569
9513.0	1.2947737	0.3842872	2.2928648	0.77694446	0.09400514	1.2853731	0.034398302	38104	33.87828016281128
9538.0	0.86021864	0.28954962	2.1368883	0.5776277	0.06782596	0.85343605	0.010645521	38204	33.96433687210083
9563.0	0.859701	0.3270997	1.865917	0.5459428	0.06715743	0.8529852	0.02264447	38304	34.051069498062134
9588.0	1.1811149	0.51297355	2.4584916	0.5476601	0.06839019	1.1742759	0.015685866	38404	34.1386604309082
9613.0	0.48787883	0.25457293	1.5643331	0.2591511	0.07264707	0.4806141	0.004643044	38504	34.22359871864319
9638.0	1.1466125	0.3680032	2.3624153	0.8222087	0.095593385	1.137053	0.03476684	38604	34.31125211715698
9663.0	0.84203386	0.24695279	1.9060978	0.57320654	0.092137985	0.8328201	0.013908847	38704	34.395798683166504
9688.0	0.7376439	0.26482037	1.506883	0.45160702	0.05033425	0.73261046	0.025872935	38804	34.481597900390625
9713.0	0.9425274	0.36971295	1.7417275	0.47400326	0.075398184	0.93498755	0.028494224	38904	34.56837725639343
9738.0	0.5829655	0.31130874	1.7227275	0.3470396	0.042323966	0.5787331	0.002026111	39004	34.653515338897705
9763.0	1.0370817	0.4683355	2.2054698	0.44111246	0.06743762	1.030338	0.03232437	39104	34.74037313461304
9788.0	0.5657138	0.33423036	1.7900156	0.30354422	0.053257007	0.5603881	0.012895911	39204	34.82894253730774
9813.0	1.3670704	0.429545	2.8366604	1.0342777	0.112636015	1.3558067	0.023332058	39304	34.91961407661438
9838.0	0.76109564	0.47917628	1.6995603	0.3228955	0.07857925	0.75323766	0.008131191	39404	35.00990557670593
9863.0	1.3548168	0.670091	2.946581	0.7032315	0.13051873	1.3417649	0.028236745	39504	35.097726345062256
9888.0	1.0160981	0.4332213	2.3480256	0.51336783	0.071320385	1.0089661	0.01933746	39604	35.18549561500549
9913.0	0.9598226	0.38723722	1.8153942	0.50125676	0.05508505	0.9543141	0.0062044766	39704	35.272541999816895
9938.0	1.4129578	0.8715404	3.1498115	0.30572662	0.07654584	1.4053032	0.031874076	39804	35.36220979690552
9963.0	0.6030047	0.31251255	1.458741	0.27202564	0.06550776	0.5964539	0.0038261625	39904	35.45319962501526
9988.0	1.2843804	0.48227224	2.5146658	0.8038669	0.14994541	1.2693859	0.032922428	40004	35.5459463596344
10013.0	0.60693705	0.25834236	1.27103	0.35429746	0.041375723	0.60279953	0.013086695	40104	35.63300085067749
10038.0	1.5492085	0.52154166	3.1754816	0.77459043	0.11559527	1.537649	0.036641017	40204	35.71956706047058
10063.0	0.61211604	0.31484175	1.4161253	0.3017841	0.064801306	0.6056359	0.011673673	40304	35.805948972702026
10088.0	1.3302019	0.7577825	3.417238	0.6285459	0.106757514	1.3195262	0.021654975	40404	35.919373512268066
10113.0	0.6557454	0.38523024	1.551194	0.25984198	0.05661792	0.65008354	0.013049513	40504	36.006800413131714
10138.0	1.4107409	0.5021547	2.9727907	0.96127254	0.08059443	1.4026815	0.034692176	40604	36.09650635719299
10163.0	0.9973444	0.38702938	2.5838912	0.6587368	0.07714357	0.98963004	0.0119250035	40704	36.18403673171997
10188.0	1.5073842	0.3282365	2.388664	1.0278294	0.111208506	1.4962633	0.03762472	40804	36.272191762924194
10213.0	0.6350339	0.43428475	1.7159524	0.34910625	0.05037277	0.62999666	0.010778686	40904	36.357053995132446
10238.0	1.2965147	0.5951488	3.060999	0.7005402	0.12707585	1.283807	0.032875806	41004	36.44355654716492
10263.0	1.0737684	0.29049194	1.6905189	0.73585117	0.185675	1.0552008	0.010546621	41104	36.53182554244995
10288.0	1.3272058	0.4990629	2.7721295	0.74544567	0.110286735	1.316177	0.029060515	41204	36.62142586708069
10313.0	0.86083895	0.5087209	1.8988869	0.4785493	0.052650776	0.85557383	0.020429442	41304	36.7101366519928
10338.0	1.3206816	0.5702739	2.9429905	0.61199266	0.10904677	1.3097769	0.013192934	41404	36.79681587219238
10363.0	0.73097426	0.38736376	1.9302328	0.46572554	0.077368826	0.7232373	0.020946302	41504	36.882628440856934
10388.0	1.2517756	0.41766506	2.1462157	0.65071875	0.17064865	1.2347107	0.02411356	41604	36.96870517730713
10413.0	1.0656568	0.20742658	1.552887	0.8407234	0.0772534	1.0579314	0.0136541305	41704	37.05692958831787
10438.0	1.1574675	0.43627244	2.1214714	0.71906537	0.1339823	1.1440692	0.025987213	41804	37.14621567726135
10463.0	1.0883077	0.4149788	2.6525	0.7810118	0.06788383	1.0815192	0.025430936	41904	37.23419189453125
10488.0	1.0643389	0.4190946	2.625242	0.7883105	0.09237079	1.0551019	0.024264345	42004	37.32183480262756
10513.0	1.5908775	0.51712054	3.4215136	1.0642625	0.12504938	1.5783725	0.022496538	42104	37.40846347808838
10538.0	2.0265076	0.78158355	3.444956	0.95285636	0.1865086	2.0078568	0.021912167	42204	37.49527359008789
10563.0	1.4295524	0.46557385	2.122055	0.5734304	0.25369778	1.4041828	0.02308781	42304	37.586357831954956
10588.0	0.70243454	0.2738382	1.9340394	0.5500555	0.12058258	0.69037634	0.015281456	42404	37.67426633834839
10613.0	1.2032084	0.54745156	2.7655013	0.70186013	0.09085237	1.194123	0.033243846	42504	37.76334476470947
10638.0	1.1400232	0.39267367	2.3629858	0.68116075	0.17159978	1.1228633	0.01940142	42604	37.85098123550415
10663.0	0.9223167	0.4653467	1.8425851	0.33248034	0.10647809	0.91166896	0.033591304	42704	37.939754247665405
10688.0	0.8855586	0.4432963	1.9589458	0.338625	0.086749524	0.8768836	0.037393026	42804	38.02695274353027
10713.0	0.7821952	0.19675875	1.3302748	0.3835667	0.070031464	0.77519196	0.012041697	42904	38.11232233047485
10738.0	1.084908	0.6032739	2.9222426	0.4203847	0.10660346	1.0742477	0.02826699	43004	38.19690012931824
10763.0	0.79633415	0.44122034	2.2619483	0.5082562	0.053021528	0.791032	0.021369549	43104	38.283716678619385
10788.0	1.2550216	0.5988302	3.4507828	0.7407247	0.09990858	1.2450306	0.027403457	43204	38.37006735801697
10813.0	0.98905283	0.53869396	3.2859447	0.50179374	0.115904644	0.9774624	0.019054838	43304	38.45673727989197
10838.0	0.6851108	0.34299237	1.7528925	0.4245269	0.06257299	0.67885345	-0.00752512	43404	38.543233156204224
10863.0	0.86502695	0.43469623	2.382252	0.44194984	0.07176027	0.85785097	0.00855417	43504	38.63147711753845
10888.0	0.6863054	0.2972937	1.8540663	0.41825795	0.06627801	0.6796776	0.025537409	43604	38.718605756759644
10913.0	1.0869638	0.33370835	1.9641324	0.44472507	0.094280206	1.0775357	0.02657547	43704	38.808427572250366
10938.0	0.71481615	0.28784606	1.4887611	0.46880904	0.11151734	0.7036645	0.02225152	43804	38.89411997795105
10963.0	0.936161	0.3669107	1.8847958	0.5044162	0.07900266	0.9282606	0.027137047	43904	38.97940444946289
10988.0	0.5561148	0.35269848	1.8208866	0.31185645	0.07105709	0.549009	0.019334685	44004	39.06424570083618
11013.0	0.7952116	0.5685686	2.426402	0.2461099	0.046808638	0.7905308	0.018595276	44104	39.14854907989502
11038.0	1.0763404	0.59493244	2.9126003	0.27993575	0.09156536	1.067184	0.03369935	44204	39.23570942878723
11063.0	0.8586067	0.5372448	2.6061182	0.2768823	0.058057085	0.8528011	0.028225092	44304	39.32102704048157
11088.0	0.7967321	0.39428824	2.0142748	0.40422025	0.10026401	0.78670573	0.024388047	44404	39.4080536365509
11113.0	1.2426256	0.45255873	2.3745313	0.6169432	0.123382576	1.2302873	0.02155684	44504	39.495985984802246
11138.0	1.5530156	0.5395576	2.4718206	0.67267066	0.15609774	1.5374057	0.026250696	44604	39.58301830291748
11163.0	0.8621575	0.27729818	1.7838864	0.6747639	0.044673715	0.8576903	0.025127418	44704	39.6739706993103
11188.0	0.8615917	0.35958946	2.2716172	0.5471935	0.1035291	0.8512388	0.02483154	44804	39.76452016830444
11213.0	0.84483045	0.37903827	2.0785174	0.28135917	0.09212067	0.83561844	0.020141313	44904	39.854331970214844
11238.0	0.9222474	0.44129476	1.8099482	0.30170077	0.06111257	0.9161361	0.027082356	45004	39.94322729110718
11263.0	0.7129525	0.35351676	1.9067047	0.3302242	0.08865455	0.704087	0.026148833	45104	40.0316207408905
11288.0	0.8646982	0.49516684	2.0808094	0.34829998	0.07706419	0.8569918	0.011169647	45204	40.12020993232727
11313.0	1.1312952	0.4358585	2.0725746	0.58737385	0.10237461	1.1210577	0.019668572	45304	40.20907735824585
11338.0	0.92893624	0.24599007	1.8026161	0.6942009	0.046019584	0.92433417	0.01635309	45404	40.2976861000061
11363.0	1.4105475	0.57548755	2.4133518	0.5925537	0.15294223	1.3952532	0.03407608	45504	40.3876473903656
11388.0	1.0197225	0.34803268	2.1232693	0.6334155	0.09154065	1.0105685	0.015551925	45604	40.47562885284424
11413.0	1.5633985	0.3864631	2.2446094	0.9487562	0.16480911	1.5469176	0.03332429	45704	40.565478801727295
11438.0	1.0331583	0.35569337	1.7431754	0.5997001	0.09266748	1.0238916	0.02759243	45804	40.65369462966919
11463.0	0.7973723	0.615434	3.7419217	0.48967376	0.047709156	0.79260135	0.022824978	45904	40.74375104904175
11488.0	0.92957693	0.3555035	2.113798	0.54249805	0.06634811	0.9229421	0.0136207985	46004	40.831488609313965
11513.0	2.3504498	0.37263635	3.5980089	1.7304349	0.42504215	2.3079457	0.032528378	46104	40.91922998428345
11538.0	0.890347	0.317584	1.7482595	0.61927634	0.08381946	0.8819651	0.014896737	46204	41.01156282424927
11563.0	1.2505517	0.45670405	2.6591628	0.47062904	0.21370092	1.2291816	0.03759965	46304	41.10105061531067
11588.0	0.8083359	0.35849467	2.0718966	0.4183165	0.05613577	0.8027224	0.01375183	46404	41.18986511230469
11613.0	1.4002862	0.4809876	2.8666344	0.7489081	0.2260283	1.3776833	0.017156191	46504	41.27719831466675
11638.0	0.9261137	0.39397898	2.3896685	0.6811407	0.08613926	0.9174999	0.011319498	46604	41.36563587188721
11663.0	1.146088	0.46819785	2.709905	0.7382417	0.13503326	1.1325847	0.02428456	46704	41.45324397087097
11688.0	0.8884198	0.44254425	2.132048	0.50139564	0.09047604	0.87937224	0.0015052605	46804	41.542089223861694
11713.0	1.5376297	0.5245574	2.5214128	0.71405894	0.06032055	1.5315976	0.0209095	46904	41.62753248214722
11738.0	1.1081879	0.5098161	2.3012974	0.6888473	0.1327218	1.0949157	0.031137927	47004	41.71571326255798
11763.0	1.2083917	0.42591816	2.6349962	0.73676753	0.1440499	1.1939867	0.018658342	47104	41.80766320228577
11788.0	1.9662248	0.66953945	3.7989628	1.1995906	0.25799617	1.9404252	0.017318707	47204	41.89418649673462
11813.0	1.5996655	0.3429503	2.424063	1.210728	0.3053122	1.5691344	0.0025925615	47304	41.98122978210449
11838.0	2.234144	1.2312363	4.754263	0.3733595	0.37204254	2.1969395	0.031388514	47404	42.068122148513794
11863.0	0.582226	0.3713268	1.4150469	0.24343885	0.04325959	0.57790005	0.003810082	47504	42.151846170425415
11888.0	1.5482433	0.5805102	3.2728496	1.104645	0.21720085	1.5265232	0.046142083	47604	42.23710060119629
11913.0	0.7097824	0.45739534	1.8418299	0.3276273	0.055719182	0.7042105	0.0046390137	47704	42.32295060157776
11938.0	1.288006	0.84261966	2.6912167	0.26666543	0.067133196	1.2812926	0.029980924	47804	42.40977072715759
11963.0	0.96041656	0.61944234	2.9026124	0.24303082	0.06718978	0.9536975	0.008309012	47904	42.49654221534729
11988.0	1.2782515	0.2713094	1.781445	0.8769813	0.08214661	1.2700368	0.013866663	48004	42.584370851516724
12013.0	1.3787913	0.32215664	2.524168	1.1216352	0.13305965	1.3654855	0.025103783	48104	42.67321562767029
12038.0	1.1347058	0.30574217	2.2827873	0.7542551	0.06959993	1.1277457	0.019980276	48204	42.75952363014221
12063.0	1.0077437	0.31684884	1.8044946	0.6986008	0.08842587	0.9989012	0.01664883	48304	42.846375703811646
12088.0	1.5081873	0.88088375	4.152423	0.7000038	0.09610817	1.4985764	0.03462632	48404	42.93335938453674
12113.0	0.86168313	0.3316311	1.8698506	0.41927457	0.078459635	0.85383713	0.0119196065	48504	43.021239042282104
12138.0	1.0301043	0.5927667	2.8615117	0.5346066	0.17628205	1.0124761	0.025343325	48604	43.10668087005615
12163.0	1.0745776	0.43833256	2.4364595	0.6202782	0.05939324	1.0686382	0.020062914	48704	43.19262194633484
12188.0	1.009543	0.32347932	1.6632041	0.6191525	0.1478234	0.9947607	0.013170432	48804	43.27716326713562
12213.0	1.3916245	0.58906126	2.533654	0.63837147	0.142375	1.3773868	0.028330553	48904	43.36351418495178
12238.0	1.1692889	0.45305425	2.803988	0.72876734	0.06890285	1.1623986	0.0207271	49004	43.450522899627686
12263.0	1.2417756	0.4068059	2.4948988	0.8000626	0.12022428	1.2297533	0.026432285	49104	43.53859734535217
12288.0	1.177884	0.52182066	2.634476	0.7015614	0.09973852	1.1679101	0.026167745	49204	43.628432750701904
12313.0	0.7966769	0.54541135	2.6873128	0.34603345	0.07661559	0.78901535	0.02087039	49304	43.715121269226074
12338.0	1.6944203	0.48326978	2.871703	0.93964696	0.093790576	1.6850413	0.026260259	49404	43.80203604698181
12363.0	0.9892939	0.38408613	1.8437629	0.60518646	0.091631554	0.9801307	0.025237592	49504	43.89594221115112
12388.0	1.3221279	0.44399935	2.934172	0.97858435	0.13139097	1.3089889	0.024602866	49604	43.98708939552307
12413.0	0.87111056	0.3360826	1.7424579	0.52702385	0.052140724	0.8658965	0.021340525	49704	44.07495975494385
12438.0	1.2747978	0.34972453	2.2590811	0.7025205	0.071645	1.2676333	0.025327256	49804	44.16126084327698
12463.0	1.0499154	0.32734862	1.8551729	0.66619325	0.14634082	1.0352814	0.014023788	49904	44.24880886077881
