Epoch	SuccessRate	CollRate	AverageEpRet	StdEpRet	MaxEpRet	MinEpRet	EpLen	AverageVVals	StdVVals	MaxVVals	MinVVals	TotalEnvInteracts	LossPi	LossV	LossDist	DeltaLossPi	DeltaLossV	Entropy	KL	ClipFrac	StopIter	Time
0	0.0	0.22753792	-0.6268359	0.17839587	-0.19717985	-1.1195905	25.046677	0.05628007	0.053730488	0.19981852	-0.10235348	32000	3.1515956e-06	0.10921405	0.028623529	-0.022547724	-0.09447946	2.8238962	0.015679238	0.38740623	16.0	18.50946354866028
1	0.0	0.36496833	-0.44646603	0.15026423	-0.08589639	-0.90639454	22.836231	-0.2677098	0.059079323	0.11285506	-0.44113922	64000	-3.2121316e-06	0.020222869	0.028190855	-0.020158555	-0.010397619	2.816449	0.01595242	0.36325002	18.0	37.657373666763306
2	0.0	0.3147424	-0.2505957	0.13388333	0.14386086	-0.7278116	22.756466	-0.16518892	0.080281936	0.20877877	-0.33637643	96000	-5.11948e-06	0.015076995	0.02784286	-0.026419522	-0.007393337	2.7825701	0.015733173	0.39884374	12.0	54.74565601348877
3	0.015064698	0.45814058	-0.11707129	0.21609388	1.2861679	-0.47445074	19.715088	-0.09407836	0.049360212	0.07996777	-0.20912503	128000	3.632158e-07	0.024633825	0.027368013	-0.017048448	-0.0057314895	2.7353692	0.016888358	0.4683125	11.0	71.72160959243774
4	0.08998993	0.59809315	0.0029139877	0.41113976	1.3943484	-0.37063017	17.0456	-0.027159931	0.060934555	0.23674975	-0.20129894	160000	-2.0014122e-06	0.09981588	0.026466325	-0.00928227	-0.021330444	2.6448483	0.013533236	0.13184375	79.0	106.7549831867218
5	0.13400188	0.62451637	0.052166156	0.5070567	1.4333478	-0.40220147	14.676772	0.021075886	0.11500301	0.48172048	-0.31841984	192000	-1.0515563e-05	0.15723969	0.025548281	-0.006315577	-0.02738062	2.553447	0.01019621	0.08471875	79.0	142.06459832191467
6	0.11966645	0.6670656	0.022024348	0.49677184	1.4644455	-0.48694515	13.229515	0.02252229	0.109741196	0.5082957	-0.32497108	224000	-4.110858e-06	0.16626191	0.024967378	-0.0045493674	-0.022734702	2.4955845	0.007294443	0.03915625	79.0	177.15276527404785
7	0.13066451	0.69072026	0.04195965	0.5141772	1.4583098	-0.5289031	12.090943	0.023413556	0.14492123	0.66981184	-0.46320644	256000	1.0065734e-05	0.19232498	0.024797397	-0.007079554	-0.03703125	2.4785156	0.011682706	0.077625	79.0	212.10130214691162
8	0.10600411	0.71373034	0.010144641	0.47000736	1.4500254	-0.5326583	11.475504	0.013624981	0.1633488	0.65784776	-0.48542702	288000	4.1127205e-06	0.1630562	0.02471074	-0.0060788235	-0.027737793	2.4697337	0.009913648	0.053937502	79.0	247.13276553153992
9	0.09700022	0.72544175	2.5948666e-05	0.44187498	1.4448591	-0.39013037	11.936747	0.02987254	0.15815212	0.6425409	-0.44319573	320000	1.2814999e-06	0.15298215	0.024975086	-0.007799985	-0.03869716	2.4960911	0.009258678	0.06521875	79.0	282.1213037967682
10	0.14900449	0.6794479	0.09131408	0.52807313	1.4288074	-0.33878228	12.771371	0.036949076	0.14893308	0.631082	-0.4067638	352000	-3.7355348e-06	0.18093419	0.024680931	-0.0066504194	-0.040855087	2.4665847	0.008624651	0.0511875	79.0	317.1813271045685
11	0.13879493	0.6800363	0.074759565	0.5102768	1.453658	-0.34807262	12.789984	0.0668633	0.16206242	0.788514	-0.45343196	384000	4.079193e-06	0.16957188	0.024907146	-0.0077770744	-0.032970864	2.4889982	0.00823506	0.06506249	79.0	352.35744738578796
12	0.12169495	0.6739269	0.058073472	0.48327982	1.431694	-0.3021234	12.700721	0.07409108	0.14703058	0.53417015	-0.38131872	416000	6.519258e-08	0.14687562	0.024662469	-0.0075211753	-0.025788609	2.4643893	0.010577233	0.07403125	79.0	387.4795517921448
13	0.21366009	0.5659902	0.19664958	0.602142	1.4610115	-0.29878825	14.814607	0.08881515	0.16352002	0.68480474	-0.4575344	448000	1.400616e-05	0.19408956	0.024800925	-0.008829734	-0.027352246	2.4778366	0.007981075	0.0699375	79.0	422.7596139907837
14	0.20287207	0.60192746	0.18058476	0.589423	1.452366	-0.34179607	13.817509	0.17534715	0.16119295	0.8953191	-0.2819246	480000	-5.012378e-06	0.19432083	0.02446486	-0.0080416	-0.03152249	2.4431448	0.0065999953	0.061406247	79.0	458.0031781196594
15	0.15636848	0.6749522	0.106323384	0.54381734	1.4916283	-0.35380659	12.116412	0.15455665	0.16098166	0.7861099	-0.27697015	512000	2.5670975e-05	0.17993109	0.024324827	-0.009378381	-0.03535257	2.4278905	0.010545712	0.0833125	79.0	493.11180424690247
16	0.1839797	0.65495944	0.14641108	0.5839281	1.4732053	-0.29453894	12.448276	0.14063437	0.19193015	0.90697765	-0.49669316	544000	2.6557595e-05	0.18792894	0.023990791	-0.010365592	-0.032550335	2.393664	0.0068734586	0.0731875	79.0	528.1337656974792
17	0.22314458	0.5848595	0.20887499	0.6216253	1.4539113	-0.3113148	13.747392	0.1449379	0.20894463	1.0289193	-0.5483686	576000	-2.2351742e-08	0.19645157	0.023908805	-0.011093743	-0.0424639	2.3844962	0.008944759	0.08828125	79.0	563.2719206809998
18	0.25304312	0.5681739	0.25266716	0.65107685	1.480587	-0.30652973	13.613208	0.15289032	0.2145069	0.9042814	-0.49517706	608000	-5.4962e-06	0.2143606	0.02380266	-0.010988636	-0.045343913	2.3713312	0.008794608	0.097406246	79.0	598.35356092453
19	0.32844576	0.4931966	0.37489718	0.6924519	1.4908296	-0.30214992	15.186898	0.23198834	0.24242201	0.9482396	-0.71121854	640000	3.1553209e-06	0.22600687	0.023850938	-0.011541811	-0.057551086	2.3757582	0.0094546415	0.0935625	79.0	633.708176612854
20	0.32499275	0.51249623	0.36504564	0.7093146	1.4892124	-0.3587338	14.04707	0.3204312	0.2333197	1.1461395	-0.4096689	672000	2.9126182e-05	0.22945721	0.023409136	-0.009727964	-0.049240176	2.3307571	0.007836789	0.072124995	79.0	668.6645455360413
21	0.24755016	0.57207286	0.2560884	0.6509043	1.4891269	-0.369211	13.885123	0.2927867	0.2748288	1.2699695	-0.63315487	704000	4.5330264e-05	0.21228467	0.023559649	-0.011425551	-0.044263422	2.34367	0.008883231	0.0936875	79.0	703.5902361869812
22	0.27790773	0.57350755	0.29432857	0.6753554	1.5029963	-0.3112845	13.19625	0.21169497	0.24101974	1.0028608	-0.549213	736000	6.155111e-05	0.22050494	0.023428943	-0.010853051	-0.05291771	2.3299174	0.007717923	0.0818125	79.0	738.8366651535034
23	0.3122198	0.5522673	0.34839174	0.7041485	1.4935461	-0.3593574	13.568377	0.30926824	0.24330372	1.2405741	-0.32626557	768000	2.779672e-05	0.2151722	0.023372605	-0.011282889	-0.048269264	2.32444	0.0093577895	0.093062505	79.0	773.9948887825012
24	0.3404472	0.5019074	0.39175865	0.717526	1.4882147	-0.4373157	14.307554	0.3245403	0.27307418	1.2034764	-0.6447088	800000	-0.00014503533	0.21032065	0.023425985	-0.011134702	-0.035154454	2.3277068	0.008349948	0.0860625	79.0	809.3037493228912
25	0.39142996	0.4599009	0.46030214	0.741188	1.5067774	-0.46777144	14.168011	0.37078822	0.27805167	1.259209	-0.5676168	832000	-7.2158873e-06	0.22974932	0.023396	-0.010184562	-0.06475878	2.3246849	0.0077040824	0.08015625	79.0	844.3526966571808
26	0.410735	0.44065043	0.5089243	0.7473811	1.5097125	-0.33102316	14.9295845	0.42176196	0.27060255	1.3509153	-0.45311612	864000	-1.6144477e-05	0.22957587	0.023008058	-0.010734174	-0.048033226	2.286892	0.008292618	0.08465625	79.0	879.4679324626923
27	0.4155053	0.4396965	0.5095974	0.7482519	1.5281557	-0.4326022	14.786847	0.37789017	0.2671994	1.2288805	-0.43775222	896000	0.00011594128	0.2232281	0.022879995	-0.011400715	-0.055169865	2.2728076	0.00895271	0.09693751	79.0	914.6495943069458
28	0.37303916	0.5019582	0.4436074	0.73730993	1.5146811	-0.3370135	13.600945	0.40329257	0.2981116	1.2832894	-0.6646865	928000	0.00012374204	0.2184521	0.02254857	-0.01171574	-0.057787053	2.2361345	0.008444796	0.09284375	79.0	949.7570209503174
29	0.36967832	0.5087472	0.42937803	0.7319603	1.5081555	-0.388181	13.51453	0.36572692	0.27830735	1.1423419	-0.48733446	960000	3.7571415e-05	0.23241243	0.022519078	-0.011183286	-0.08450375	2.2342415	0.008491661	0.0875625	79.0	984.8164863586426
30	0.35571393	0.47860032	0.42608324	0.72599167	1.5058447	-0.4040634	14.423358	0.43822393	0.29710352	1.4799997	-0.4302367	992000	1.5355647e-05	0.24564552	0.022060124	-0.012086739	-0.09076385	2.186847	0.00920184	0.094000004	79.0	1020.0476579666138
31	0.4810021	0.41541845	0.59511924	0.7582704	1.4949969	-0.36411297	14.601377	0.39609215	0.29300177	1.2613443	-0.6813535	1024000	0.00016283896	0.23263456	0.021713264	-0.013176687	-0.073999494	2.1518617	0.0085708285	0.10440625	79.0	1055.0887763500214
32	0.46062958	0.40303087	0.5678702	0.761116	1.4982023	-0.3564354	14.766233	0.4755669	0.2804647	1.1642231	-0.5929284	1056000	-7.718429e-05	0.22236699	0.021580096	-0.0122329965	-0.06653899	2.1346903	0.009007795	0.099	79.0	1090.2076389789581
33	0.55593044	0.34967655	0.71785206	0.7638083	1.5260245	-0.35677335	15.265474	0.49945977	0.25782096	1.2088034	-0.38899803	1088000	4.3488573e-05	0.21681148	0.021188468	-0.011262074	-0.0485195	2.0982192	0.0064143986	0.08384375	79.0	1125.171663761139
34	0.537972	0.37025976	0.69524574	0.77208143	1.5177784	-0.4593131	14.738339	0.5667413	0.25662196	1.2740566	-0.5415834	1120000	4.3169595e-05	0.20553972	0.020951381	-0.012316215	-0.054557197	2.0736275	0.00902012	0.0985625	79.0	1160.2049703598022
35	0.5038292	0.39988893	0.6342134	0.7649337	1.5179513	-0.35477132	14.628004	0.5276191	0.32539657	1.481687	-0.4709794	1152000	-7.097982e-05	0.2272127	0.020919697	-0.012187785	-0.07039367	2.067271	0.007978681	0.0875625	79.0	1195.2002058029175
36	0.45425242	0.4658221	0.54935175	0.7758509	1.5063529	-0.3617416	13.357264	0.49508086	0.30045953	1.3530627	-0.5401711	1184000	-0.000121578574	0.21873735	0.020686463	-0.011940643	-0.07040505	2.0442314	0.0069837025	0.09109375	79.0	1230.479472398758
37	0.47295725	0.43348128	0.58822566	0.7673238	1.5213529	-0.43237156	14.424545	0.55592257	0.325691	1.6189387	-0.5107331	1216000	-6.482005e-05	0.2405721	0.020288542	-0.012028333	-0.084720686	2.005879	0.0068479544	0.0895625	79.0	1265.675196647644
38	0.5459454	0.38044056	0.6998084	0.77582306	1.4997222	-0.39390546	14.308558	0.4982161	0.27311662	1.268535	-0.6438009	1248000	2.6645139e-06	0.21385333	0.020093802	-0.01258695	-0.059232853	1.9856638	0.0073052025	0.10109375	79.0	1300.7699818611145
39	0.520792	0.367566	0.66007936	0.7763712	1.5101444	-0.4656412	14.945489	0.58203346	0.2937233	1.472097	-0.3467583	1280000	9.845477e-06	0.22726643	0.01996132	-0.011833953	-0.07784112	1.967854	0.00745372	0.0909375	79.0	1335.8968336582184
40	0.5927868	0.3058248	0.78956294	0.7601061	1.5198092	-0.42041516	15.374516	0.5614482	0.30056763	1.3888812	-0.4914885	1312000	8.0343336e-05	0.21978891	0.019261012	-0.011499727	-0.06359536	1.9026972	0.006251812	0.0840625	79.0	1370.952620267868
41	0.64376813	0.30580607	0.86772805	0.74908435	1.5209917	-0.42170683	14.847197	0.6215017	0.2841233	1.4117292	-0.47585338	1344000	6.524101e-05	0.18205436	0.01860426	-0.011995907	-0.04445135	1.8354118	0.00878349	0.08940625	79.0	1405.95370554924
42	0.5892428	0.3351891	0.77176946	0.77371055	1.5168401	-0.7349797	14.481751	0.6348568	0.29234582	1.5088199	-0.38276783	1376000	-0.00013335422	0.2009495	0.018721525	-0.011430489	-0.059683315	1.8428781	0.0070458082	0.090625	79.0	1440.9726111888885
43	0.51591015	0.4412591	0.6471285	0.79656506	1.5141878	-1.0245396	12.881922	0.58362526	0.2974349	1.3145412	-0.5513058	1408000	-0.00010107504	0.20583293	0.018621188	-0.012126237	-0.055916816	1.8331587	0.007331712	0.0925	79.0	1476.0583744049072
44	0.5391207	0.40223396	0.6759405	0.7892592	1.5181425	-0.53702545	13.722751	0.6090704	0.32587373	1.5736494	-0.799178	1440000	7.40625e-05	0.21074526	0.018292634	-0.011940332	-0.06330288	1.8006904	0.0076020816	0.09328125	79.0	1511.128103017807
45	0.5848659	0.33756262	0.77175623	0.77908206	1.5096703	-0.56555176	14.5404415	0.6003051	0.2934908	1.4780873	-0.52916175	1472000	1.15241855e-05	0.20931372	0.017909333	-0.0119110625	-0.059609182	1.7629323	0.009474335	0.09090625	79.0	1546.0545344352722
46	0.5934895	0.32473958	0.7771549	0.7794826	1.512421	-0.42012757	14.506868	0.6197064	0.31348222	1.4502689	-0.6148439	1504000	-2.5331974e-05	0.21400112	0.018187946	-0.01245692	-0.058073457	1.7857771	0.0071895	0.08915625	79.0	1581.1776678562164
47	0.6375464	0.29426888	0.8506766	0.7567395	1.5266964	-0.79651946	15.014177	0.6329315	0.29856047	1.325957	-0.3454085	1536000	0.00011843513	0.20098071	0.01764173	-0.012079671	-0.05787627	1.7378523	0.006509007	0.090312496	79.0	1616.5320513248444
48	0.6678058	0.26562148	0.903433	0.75395864	1.5266511	-0.77846676	14.909474	0.6684615	0.29337418	1.3877984	-0.68577343	1568000	2.7463771e-05	0.18153921	0.017496532	-0.012773367	-0.05268401	1.7189835	0.008588223	0.0996875	79.0	1651.6198544502258
49	0.6373738	0.30038446	0.8503552	0.7573914	1.5184314	-0.38059175	14.648524	0.67188096	0.3137594	1.5660824	-0.5155338	1600000	-8.729659e-05	0.1904785	0.01742098	-0.013440436	-0.067918465	1.7106025	0.008911733	0.1008125	79.0	1686.844622373581
50	0.59220207	0.3663142	0.7626705	0.7993959	1.5095148	-0.7526846	13.576627	0.64633083	0.31094995	1.5182381	-0.99750286	1632000	-9.739399e-05	0.21036276	0.017318096	-0.011284278	-0.07388668	1.6978214	0.0070952633	0.0866875	79.0	1721.994879245758
51	0.60907865	0.36481848	0.788042	0.7860496	1.5204663	-0.63464004	13.793043	0.6961986	0.33987555	1.7432035	-0.6077268	1664000	-9.611063e-05	0.19572821	0.017010603	-0.011948289	-0.057712413	1.6711433	0.0067174686	0.08453125	79.0	1757.0076127052307
52	0.6444149	0.31097347	0.8604826	0.7660895	1.5171666	-0.56579864	14.157754	0.6524479	0.3027228	1.4290926	-0.4756025	1696000	-8.6426735e-05	0.19141799	0.016710643	-0.012251478	-0.052678775	1.6398356	0.008379316	0.08928125	79.0	1792.0527038574219
53	0.64461637	0.31795162	0.85980517	0.7630259	1.5124165	-0.38508546	13.917251	0.7033945	0.27702594	1.4041252	-0.53395087	1728000	-5.0375238e-05	0.18927015	0.01666155	-0.011986444	-0.06314616	1.6343241	0.0068212543	0.08059375	79.0	1827.0844583511353
54	0.7005868	0.27034426	0.93971944	0.74630976	1.5279512	-0.8386315	14.327758	0.7326101	0.2850161	1.5206292	-0.22290409	1760000	0.00022323988	0.15942535	0.016356388	-0.012183605	-0.044919066	1.6091137	0.0075788256	0.08528125	79.0	1862.0329911708832
55	0.72511935	0.23043767	0.9934151	0.7286895	1.5252123	-0.50625557	14.564679	0.7623512	0.27399206	1.5262908	-0.51991427	1792000	-0.00013389532	0.18125139	0.01617421	-0.011547899	-0.0572851	1.5870419	0.008277758	0.0845	79.0	1897.3554503917694
56	0.68549514	0.278507	0.9212855	0.7508448	1.5186061	-0.39451498	14.075798	0.750788	0.302319	1.5355996	-0.60993797	1824000	3.0448195e-05	0.16021334	0.016148772	-0.0122081265	-0.051289443	1.5813417	0.0061742347	0.0955625	79.0	1932.5880708694458
57	0.61411846	0.33866805	0.8131328	0.79117626	1.5253054	-0.7486489	13.666093	0.7280914	0.3072983	1.4952862	-0.79862833	1856000	8.405163e-05	0.20937046	0.016219033	-0.011717364	-0.064725064	1.5862348	0.0067500444	0.086281255	79.0	1967.5419161319733
58	0.6410465	0.34230456	0.8413309	0.78333545	1.523934	-0.47738996	13.26586	0.7153874	0.3388319	1.8413239	-0.60184187	1888000	5.4052565e-05	0.17667928	0.015659563	-0.011461254	-0.058346648	1.5330102	0.0061186645	0.07953125	79.0	2002.6855251789093
59	0.67826927	0.27706885	0.9240696	0.755544	1.5281425	-0.697669	14.053983	0.70352453	0.31871176	1.622469	-0.78276527	1920000	-5.1743817e-05	0.17419294	0.015332151	-0.012236607	-0.043070402	1.4993258	0.0071401643	0.0920625	79.0	2037.7009897232056
60	0.68255043	0.27658153	0.91578245	0.75549096	1.5198855	-0.5164677	13.996919	0.7569282	0.28345436	1.5246385	-0.44513732	1952000	0.0001015407	0.18132031	0.015488552	-0.012881516	-0.058894757	1.5114095	0.007531515	0.0975625	79.0	2072.725056409836
61	0.7386162	0.22461438	1.0122972	0.7156595	1.5287687	-0.41387793	14.461364	0.7604674	0.27978772	1.3978691	-0.42193878	1984000	-0.000121494755	0.15499881	0.015075207	-0.011864574	-0.045751415	1.4730341	0.0058110333	0.08925	79.0	2107.774812221527
62	0.76873326	0.20188579	1.0694249	0.6870096	1.5236393	-0.45807013	14.411202	0.8001803	0.25929657	1.4383689	-0.41811126	2016000	-0.00013412163	0.15124798	0.014824152	-0.0120879235	-0.046778746	1.4455472	0.0074062077	0.08934376	79.0	2142.793720960617
63	0.71994585	0.24809924	0.9826809	0.74320656	1.5203998	-0.91104996	13.778114	0.79660857	0.28705058	1.4218051	-0.6899791	2048000	6.575044e-05	0.1648249	0.014792233	-0.011934029	-0.05398342	1.4407102	0.006839365	0.0925	79.0	2178.0830392837524
64	0.6544515	0.3268187	0.8778795	0.7754606	1.5232106	-0.6411098	13.259615	0.7729286	0.2947882	1.4133009	-0.97800624	2080000	0.0001527248	0.17662008	0.014861779	-0.011920776	-0.05312434	1.4449427	0.0066226413	0.08078125	79.0	2213.3900532722473
65	0.6407811	0.32594123	0.8543726	0.78689975	1.5363067	-0.98568857	13.491087	0.7485248	0.32564476	1.4642982	-0.71513027	2112000	5.4575503e-06	0.17884833	0.014753272	-0.012732493	-0.05712691	1.4388565	0.008879632	0.0964375	79.0	2248.3372881412506
66	0.6763941	0.26429236	0.9331732	0.7481785	1.538883	-0.42446518	14.176339	0.70373595	0.34164274	1.5232263	-0.84867126	2144000	3.5616104e-05	0.19262646	0.014600588	-0.012087809	-0.064178765	1.4209272	0.007699159	0.08446875	79.0	2283.4969551563263
67	0.7230544	0.23989813	0.99049467	0.7331175	1.5202397	-0.7145116	13.926754	0.7455794	0.29241398	1.4535279	-0.5443248	2176000	-4.420709e-05	0.16825137	0.014300883	-0.011640552	-0.052874696	1.3901674	0.0072256587	0.0885625	79.0	2318.680798768997
68	0.75607073	0.21922067	1.0466759	0.70637935	1.5351896	-0.47370666	13.811411	0.80981475	0.26587227	1.4576764	-0.3455208	2208000	-2.582185e-05	0.13791546	0.014150759	-0.0124445595	-0.03765676	1.3779008	0.006173167	0.081781246	79.0	2353.7153182029724
69	0.752983	0.21093518	1.0509444	0.7009218	1.5284201	-0.70770025	14.182468	0.81328684	0.2750003	1.4749204	-0.6713555	2240000	-0.00013308134	0.15715227	0.014155528	-0.012251325	-0.053906105	1.376718	0.006192639	0.08721875	79.0	2388.7520039081573
70	0.74153066	0.23388001	1.0227375	0.7273304	1.5303448	-0.9429007	13.604202	0.80372435	0.30927733	1.5174129	-0.6948311	2272000	-1.2321398e-05	0.13775305	0.014078476	-0.012412805	-0.05002299	1.3663104	0.0055883825	0.07909375	79.0	2423.9560000896454
71	0.66574425	0.31748998	0.8875369	0.7851638	1.5341922	-0.9464141	13.148179	0.78267163	0.34060243	1.5515581	-0.83353424	2304000	-0.00014389493	0.18268582	0.0141622685	-0.011644835	-0.06335957	1.3738527	0.005902607	0.0784375	79.0	2459.2092428207397
72	0.6822016	0.30605686	0.9105261	0.77744126	1.5368587	-0.99304587	13.223333	0.78535277	0.31243357	1.5785942	-0.59878576	2336000	8.815061e-05	0.14993492	0.014028316	-0.013062563	-0.047909867	1.3633769	0.008259712	0.0974375	79.0	2494.4509766101837
73	0.74476206	0.22327688	1.0270396	0.7198922	1.5808014	-0.55283755	13.923245	0.79165465	0.31373245	1.5581412	-0.75506306	2368000	-5.3662807e-06	0.16276702	0.0136915	-0.01199006	-0.050945792	1.330351	0.006511377	0.0875625	79.0	2529.56654214859
74	0.7682371	0.20836309	1.0598551	0.6950206	1.5237863	-0.64663243	14.085841	0.8012836	0.27605197	1.4982812	-0.52672046	2400000	0.00011119805	0.14378253	0.013659744	-0.013723187	-0.053217996	1.3211703	0.008274802	0.095375	79.0	2564.598819255829
75	0.7769375	0.20363115	1.0798829	0.69382864	1.5262488	-0.87533826	13.811411	0.8467047	0.26427296	1.5613017	-0.61103374	2432000	0.00017546397	0.14436057	0.013554827	-0.013424809	-0.04917386	1.315587	0.008128336	0.09228125	79.0	2599.6503760814667
76	0.7591509	0.22330582	1.0555757	0.7076477	1.5368468	-0.89793473	13.666523	0.8575179	0.2532794	1.4772048	-0.48181644	2464000	-3.8662925e-05	0.148824	0.013354517	-0.013670876	-0.051891074	1.2931721	0.0090859365	0.094125	79.0	2634.7828402519226
77	0.72188294	0.25950372	0.99001664	0.7541228	1.5333364	-0.8877468	13.22629	0.8165658	0.3077924	1.4465265	-0.541511	2496000	-6.586057e-05	0.1578204	0.013486157	-0.013067494	-0.059028722	1.3041636	0.007871152	0.1033125	79.0	2669.84854221344
78	0.71376264	0.27618983	0.9721361	0.7509881	1.526952	-0.8887588	13.344221	0.8013146	0.32414076	1.5277476	-0.92389536	2528000	-1.4751684e-05	0.16333109	0.013258791	-0.011392191	-0.06587507	1.2810209	0.005726749	0.08515625	79.0	2704.836436510086
79	0.7074455	0.2700177	0.96932644	0.7484814	1.5288109	-0.50384253	13.385942	0.80322164	0.31334445	1.5119729	-1.178853	2560000	-7.7600125e-05	0.17470154	0.013167371	-0.013778841	-0.06859465	1.271597	0.009377152	0.103625	79.0	2739.941843032837
80	0.7510741	0.22636086	1.0492698	0.70365995	1.5318468	-0.46653178	13.618557	0.816645	0.2910774	1.5237199	-0.8439713	2592000	5.967822e-05	0.16268687	0.012695733	-0.0126949595	-0.05996003	1.2261536	0.008154076	0.091843754	79.0	2775.107885122299
81	0.77589136	0.20305759	1.0747291	0.6938846	1.5333723	-0.8042336	13.771341	0.8145222	0.27093783	1.4882697	-0.3862807	2624000	5.345256e-05	0.13562833	0.012967376	-0.0135640055	-0.05302919	1.2510405	0.007652846	0.0935625	79.0	2809.9869146347046
82	0.8006017	0.17964612	1.1333473	0.64912426	1.5351462	-0.4445494	14.042845	0.8765969	0.26232055	1.5027915	-0.77803856	2656000	8.4208325e-05	0.12862045	0.012753138	-0.012888422	-0.04485723	1.2325602	0.0067264494	0.08659375	79.0	2845.1290736198425
83	0.76585495	0.21659446	1.0657231	0.7039301	1.5389212	-0.5222138	13.640035	0.83294904	0.29368234	1.5660145	-1.0716519	2688000	2.9475894e-05	0.14303061	0.012603793	-0.013533442	-0.053704247	1.2123995	0.00825331	0.095656246	79.0	2880.1946375370026
84	0.73147434	0.22825778	1.0117949	0.7309481	1.5346704	-0.6814915	13.8540945	0.8067758	0.3261873	1.6250205	-0.7645393	2720000	2.131518e-05	0.16088027	0.013127226	-0.012741452	-0.06288846	1.2609658	0.006256204	0.084874995	79.0	2915.3910059928894
85	0.72879744	0.26266208	0.9912899	0.7486045	1.5307894	-0.665522	13.167496	0.8068362	0.30548602	1.5979306	-0.7643209	2752000	0.0001652533	0.14299324	0.012432506	-0.012262868	-0.054613587	1.2028161	0.007684316	0.0818125	79.0	2950.3810560703278
86	0.75177836	0.23812595	1.0444378	0.7136888	1.570522	-0.5382037	13.366386	0.8277365	0.30677074	1.5174493	-0.74314815	2784000	-0.00026390806	0.14051001	0.012475232	-0.013197921	-0.054654412	1.2032707	0.008173399	0.092125	79.0	2985.6447422504425
87	0.75836724	0.21113542	1.0590934	0.7066681	1.5836158	-0.7396575	13.466949	0.8410534	0.27492264	1.4707566	-0.5945419	2816000	-4.4330955e-07	0.14153405	0.012368675	-0.01362466	-0.055350956	1.1912876	0.008545204	0.08903125	79.0	3020.5575234889984
88	0.785745	0.1858582	1.0959835	0.680819	1.5313764	-0.69901913	14.04292	0.83786577	0.3003471	1.5324317	-0.50954795	2848000	7.3963776e-05	0.12026917	0.0125938635	-0.012983811	-0.043132044	1.210181	0.007360433	0.0873125	79.0	3055.7138164043427
89	0.81240785	0.17669412	1.1410086	0.6525888	1.5272655	-0.4826048	13.759948	0.8557042	0.28231475	1.4554712	-1.1461645	2880000	7.330929e-05	0.12180889	0.012059473	-0.012481015	-0.05158721	1.1668248	0.0072004166	0.08328125	79.0	3090.8962857723236
90	0.7611533	0.21969551	1.059505	0.71054167	1.5300258	-0.7933905	13.473684	0.8456823	0.29030892	1.5126603	-0.5721018	2912000	6.0591847e-06	0.12126431	0.012161039	-0.012454453	-0.043858163	1.1699551	0.0073996866	0.08915625	79.0	3126.192875623703
91	0.71038985	0.27109113	0.9798165	0.7503941	1.5322655	-0.7831498	13.082373	0.8179891	0.32605672	1.5277287	-0.79090756	2944000	-0.00012524799	0.16092807	0.012122202	-0.013047548	-0.069824725	1.1662284	0.0075224554	0.089	79.0	3161.378966331482
92	0.7476365	0.24184428	1.0251693	0.72821385	1.5409636	-0.8537743	13.569658	0.8234606	0.32348248	1.4898287	-0.71476775	2976000	3.250409e-05	0.14377823	0.012013268	-0.012940987	-0.0513967	1.1546844	0.008868923	0.0933125	79.0	3196.6105873584747
93	0.7759316	0.2050773	1.0898155	0.69163185	1.5975703	-0.4993166	13.458968	0.8461906	0.30555245	1.8514316	-0.5291207	3008000	-0.00010113185	0.14112806	0.011652635	-0.011345087	-0.0513059	1.1198683	0.006375024	0.07628125	79.0	3231.6500873565674
94	0.7663655	0.2096135	1.0700356	0.69909817	1.6031593	-0.42697594	13.455161	0.85917544	0.2707086	1.5966414	-0.40256447	3040000	9.438768e-05	0.13296634	0.011764813	-0.013501375	-0.05014112	1.1292868	0.008155635	0.09828125	79.0	3266.6668860912323
95	0.7958803	0.18148516	1.1164055	0.6729042	1.5341569	-0.9116562	13.78993	0.88254875	0.27029735	1.5535748	-0.56900424	3072000	-3.7612393e-05	0.13699654	0.011879757	-0.012820394	-0.0575277	1.1423194	0.007233273	0.08871875	79.0	3301.71315073967
96	0.79620576	0.18309756	1.1237267	0.665179	1.5229005	-0.43306398	13.653945	0.87852484	0.27157235	1.4768293	-0.63569045	3104000	-1.5793834e-05	0.113462105	0.011458097	-0.012409812	-0.04459894	1.1009245	0.0075749354	0.087875	79.0	3336.5682606697083
97	0.7443448	0.23214565	1.0431347	0.7148064	1.5341569	-0.49017668	13.18386	0.84673476	0.31786367	1.5440294	-0.80514634	3136000	0.00019097095	0.1302079	0.011537582	-0.013530485	-0.052296326	1.1066468	0.010448944	0.101375	79.0	3371.662053346634
98	0.75425696	0.23233746	1.0439757	0.72001845	1.5325254	-0.57683325	13.273451	0.8132259	0.3525162	1.5005018	-1.2730666	3168000	-6.1688945e-05	0.1214214	0.011324512	-0.011955665	-0.051794473	1.0883213	0.006961001	0.08337501	79.0	3406.718044281006
99	0.78242874	0.20381522	1.0905701	0.68858397	1.5925448	-0.69526404	13.551959	0.88411486	0.3013867	1.4861054	-0.79587305	3200000	1.1328608e-05	0.1228747	0.011240266	-0.012769875	-0.04451089	1.0765104	0.008301739	0.085125	79.0	3441.785264968872
100	0.77636933	0.20481119	1.0916275	0.6863312	1.6052469	-0.46570733	13.334874	0.8766217	0.28502846	1.5899565	-0.5939307	3232000	-0.000120515935	0.14100194	0.011109762	-0.013064904	-0.053231634	1.0624126	0.007196333	0.087937504	79.0	3476.7662858963013
101	0.8035613	0.18625107	1.1251113	0.66713893	1.5807159	-0.42352408	13.45713	0.8672756	0.2729988	1.5580662	-0.37888038	3264000	2.6337802e-05	0.104454026	0.011407307	-0.012462992	-0.03826311	1.0953629	0.0070489375	0.08171875	79.0	3511.7426908016205
102	0.82858545	0.15918437	1.1753017	0.6243308	1.5278485	-0.82217276	13.769965	0.90235716	0.2663005	1.4470727	-0.6479092	3296000	4.1615218e-05	0.11701249	0.0112125985	-0.012237158	-0.049009174	1.0787895	0.0069406126	0.07575	79.0	3547.029633283615
103	0.8000186	0.18922564	1.1316539	0.6619045	1.5287253	-0.4884644	13.446791	0.8942893	0.2592232	1.3917403	-0.5326039	3328000	2.2807857e-05	0.10814212	0.011217449	-0.012531811	-0.04198513	1.0780892	0.007682209	0.085062504	79.0	3581.8370735645294
104	0.7598895	0.22186145	1.0639398	0.71031225	1.5360594	-0.71367455	13.176325	0.8569646	0.30597582	1.588415	-0.67902493	3360000	0.00018137693	0.12678124	0.011345112	-0.012333479	-0.05605845	1.0896733	0.0070636943	0.084031254	79.0	3616.865587234497
105	0.7727121	0.21381198	1.0759562	0.6984343	1.535533	-0.4374949	13.43201	0.86162317	0.32170367	1.4698994	-0.9635346	3392000	-0.00011084229	0.12350765	0.011155564	-0.01259377	-0.04981339	1.0694201	0.007162176	0.0856875	79.0	3651.819235086441
106	0.7805284	0.20583661	1.100095	0.68136835	1.5696799	-0.47727934	13.530664	0.8805385	0.29654482	1.6102396	-0.6166384	3424000	9.14298e-05	0.13096255	0.011135405	-0.01245338	-0.059492264	1.0655668	0.008236188	0.086187504	79.0	3686.7865855693817
107	0.8146974	0.17176223	1.1534963	0.6499798	1.595	-0.48861396	13.277592	0.8848167	0.26971447	1.5992979	-0.6719483	3456000	-4.24264e-05	0.104147375	0.010935023	-0.012988303	-0.041826677	1.0461347	0.00888595	0.092625	79.0	3722.0236847400665
108	0.8128779	0.17686933	1.1469353	0.65660363	1.5326066	-0.5567776	13.378161	0.9103749	0.2538607	1.6254456	-0.61983085	3488000	-5.968148e-06	0.102327615	0.011109542	-0.012940815	-0.041270193	1.064398	0.0075290357	0.0908125	79.0	3757.4748964309692
109	0.82880074	0.16765296	1.172947	0.6322616	1.5332147	-0.4462806	13.622852	0.8974246	0.27417868	1.6267854	-0.8591296	3520000	0.00013991818	0.09767343	0.010840902	-0.013223097	-0.04196756	1.0397651	0.0066447603	0.079218745	79.0	3792.5416350364685
110	0.7844201	0.1985198	1.1111486	0.6740134	1.5305264	-0.45258027	13.443124	0.8827932	0.27985665	1.562238	-0.5695449	3552000	6.076973e-05	0.11357911	0.010854531	-0.012575215	-0.04923145	1.0367874	0.005399141	0.08028124	79.0	3827.7174038887024
111	0.7553928	0.23301168	1.0545899	0.71326053	1.5391569	-0.4099154	13.021312	0.8479063	0.33201075	1.4692118	-0.7884972	3584000	2.082903e-05	0.12328813	0.011055444	-0.014607713	-0.054019384	1.0538346	0.009246699	0.0896875	79.0	3862.9704942703247
112	0.78268945	0.21033709	1.090535	0.68677825	1.5289774	-0.5097305	13.436548	0.87847316	0.3045009	1.529905	-0.49854848	3616000	-9.642588e-05	0.10164705	0.010692173	-0.013274103	-0.03232637	1.018828	0.008536777	0.09384374	79.0	3898.1020634174347
113	0.78087103	0.19005488	1.1095192	0.6783648	1.6081593	-0.4141009	13.495331	0.8599437	0.32022455	1.5868006	-0.6697776	3648000	0.00011589937	0.12701257	0.010782562	-0.012089905	-0.04758627	1.0187485	0.008002218	0.082156256	79.0	3933.4245216846466
114	0.7843257	0.20582002	1.1022825	0.69238687	1.6025	-0.5264198	12.981997	0.8936027	0.25694266	1.5493875	-0.60405785	3680000	-3.6951154e-05	0.11629067	0.010806216	-0.013977626	-0.048795115	1.0256383	0.0078480765	0.094031245	79.0	3968.433726787567
115	0.8277405	0.15121906	1.1675423	0.64990366	1.5323131	-0.848249	13.724049	0.8924275	0.28229666	1.646711	-0.95346206	3712000	-0.00010205712	0.12409254	0.010779738	-0.012983754	-0.06536819	1.0247619	0.008262012	0.08428125	79.0	4003.5838928222656
116	0.8023848	0.18202063	1.1382821	0.66134214	1.5329468	-0.51138145	13.59343	0.9048758	0.2702383	1.4068178	-0.82032	3744000	6.2702224e-05	0.117936164	0.0106417965	-0.013270848	-0.054431528	1.0121313	0.0069677783	0.094875	79.0	4038.887971639633
117	0.8093462	0.17195266	1.1524973	0.64880407	1.5422657	-0.39621502	13.359191	0.8573373	0.30873796	1.5218916	-0.72296715	3776000	3.3922493e-05	0.103225425	0.010624418	-0.012856562	-0.044299662	1.0095282	0.0066682836	0.080656245	79.0	4074.1004304885864
118	0.7803837	0.20417587	1.0897267	0.6999474	1.5329512	-0.6275387	13.30067	0.8716588	0.33205983	1.4370995	-1.0226663	3808000	0.00011780299	0.10480408	0.010604991	-0.011717506	-0.042031493	1.0100081	0.007120262	0.0804375	79.0	4109.282105445862
119	0.7741257	0.21373995	1.0875094	0.6909481	1.593806	-0.46199518	13.471137	0.88956493	0.31303924	1.4678731	-1.0940585	3840000	-8.0969185e-06	0.12595318	0.010417174	-0.01358274	-0.04780848	0.9882998	0.008416941	0.08946875	79.0	4144.609058141708
120	0.7995509	0.19204576	1.133651	0.67215496	1.6075	-0.5807211	13.136175	0.85564035	0.297372	1.5599917	-0.5286334	3872000	-0.00014654454	0.11310104	0.010154091	-0.0126551185	-0.04455353	0.9612855	0.006779431	0.088125	79.0	4179.629436254501
121	0.83763367	0.14291593	1.1907799	0.61917186	1.5888752	-0.8184472	13.661054	0.8671464	0.27869186	1.5218511	-0.70302194	3904000	2.2312626e-05	0.11148499	0.010489557	-0.015157368	-0.05178202	0.99042916	0.0094546545	0.093281254	79.0	4214.749366760254
122	0.8306069	0.15514043	1.1836652	0.62642777	1.5338308	-0.76989895	13.745242	0.9116051	0.27921456	1.6212482	-0.6430139	3936000	-6.867573e-05	0.10227321	0.010359973	-0.0126821995	-0.039593384	0.9836338	0.0066442406	0.086125	79.0	4249.8137583732605
123	0.79718363	0.18361402	1.1323184	0.65712285	1.536133	-0.44889542	13.618986	0.9000469	0.2813631	1.5550524	-1.0407897	3968000	-3.8443133e-05	0.11638908	0.010402646	-0.014716487	-0.050726235	0.982944	0.008260744	0.090875	79.0	4285.054929256439
124	0.7739574	0.2076856	1.0924966	0.69446903	1.5379468	-0.6688659	13.178572	0.8340819	0.3115372	1.7483243	-0.54145694	4000000	8.221809e-05	0.12795895	0.010343134	-0.013301598	-0.054779757	0.98066354	0.004577776	0.07640625	79.0	4320.354159116745
125	0.78799003	0.20867664	1.1010513	0.69100744	1.5346446	-0.7687944	13.381734	0.8647732	0.31103808	1.4986334	-0.68314147	4032000	2.2018328e-05	0.11408876	0.010299483	-0.013570721	-0.051728316	0.9741286	0.0058132648	0.07890625	79.0	4355.492542266846
126	0.7899517	0.18915668	1.116963	0.67240435	1.6031593	-0.5476345	13.67642	0.888593	0.29563436	1.4975256	-0.7801442	4064000	-4.7992915e-05	0.13294193	0.010368014	-0.013178535	-0.06420682	0.9663471	0.008988728	0.088375	79.0	4390.737826824188
127	0.8358556	0.15407316	1.1911471	0.61711913	1.6031593	-0.49212497	13.357383	0.8911762	0.26889825	1.4652771	-0.7343038	4096000	-0.00015315227	0.09977484	0.01001588	-0.013706099	-0.043348882	0.94570047	0.0077820914	0.097812496	79.0	4426.090410709381
128	0.82591283	0.16535166	1.1694206	0.64452124	1.5286267	-0.7457152	13.3762665	0.9088469	0.26261023	1.5716892	-0.907188	4128000	-4.1956082e-07	0.10976227	0.010177126	-0.014083227	-0.046971396	0.95934963	0.0081324	0.090812504	79.0	4461.275208473206
129	0.85350263	0.13787842	1.2217419	0.58932143	1.5351462	-0.5645266	13.596581	0.91528815	0.27587825	1.57093	-0.6991018	4160000	3.1872652e-05	0.08666415	0.009944845	-0.013454155	-0.043752752	0.9375225	0.008426151	0.086906254	79.0	4496.252420663834
130	0.77381444	0.211424	1.0902522	0.7031944	1.5426776	-0.5976601	13.001639	0.9158924	0.2646916	1.5756254	-0.67582643	4192000	1.4228281e-05	0.12408054	0.010022669	-0.013096618	-0.061911635	0.9434787	0.007710644	0.09234375	79.0	4531.337697505951
131	0.7610937	0.20785393	1.068292	0.70943457	1.5348092	-0.6958403	13.37963	0.85289437	0.3389121	1.5295156	-0.97363454	4224000	5.791895e-05	0.15043807	0.010252455	-0.013818201	-0.0748505	0.9640627	0.008521173	0.0858125	79.0	4566.225972414017
132	0.7925572	0.19740772	1.1043837	0.6872068	1.5311553	-0.5382665	13.410354	0.837566	0.3415572	1.4877049	-1.020253	4256000	6.753206e-05	0.09768978	0.009880181	-0.013634464	-0.04043232	0.9292044	0.007661054	0.09065625	79.0	4601.305580854416
133	0.82636744	0.15497339	1.1841587	0.62959665	1.6075	-0.45264226	13.403457	0.8859956	0.32423437	1.5128621	-0.86761725	4288000	4.402548e-05	0.09289311	0.009783656	-0.011427691	-0.036375254	0.91378456	0.00674628	0.0818125	79.0	4636.4829177856445
134	0.83468664	0.15670148	1.1837317	0.62607175	1.6072656	-0.38185844	13.53029	0.91728944	0.26023105	1.5142962	-0.7936996	4320000	6.907433e-05	0.09431558	0.009932812	-0.013738327	-0.034439564	0.9301562	0.008419475	0.09215625	79.0	4671.452734231949
135	0.845892	0.14172748	1.2067726	0.5937453	1.5345148	-0.5234143	13.931261	0.9164845	0.25895822	1.5202519	-0.7311282	4352000	-0.000114959665	0.09722459	0.009846433	-0.014434108	-0.040343586	0.92508245	0.009174572	0.09509375	79.0	4706.770069360733
136	0.82526153	0.15924461	1.1807016	0.62607265	1.5393814	-0.47284865	13.622642	0.9163509	0.25623554	1.5343903	-0.73238873	4384000	8.09622e-06	0.09641331	0.009801939	-0.013430072	-0.035485856	0.9202206	0.007161169	0.09009375	79.0	4741.887668371201
137	0.82061505	0.16739096	1.1718534	0.6319818	1.5348092	-0.48914346	13.207642	0.8911017	0.29682896	1.5992461	-1.1348277	4416000	4.849769e-05	0.09436023	0.009764942	-0.012558287	-0.040213954	0.9186484	0.008115329	0.08825	79.0	4776.975501298904
138	0.7611617	0.23234317	1.0624727	0.7163245	1.5413882	-0.4282949	12.700559	0.8754652	0.32612735	1.4629087	-0.9343288	4448000	-2.3888424e-05	0.09318427	0.009795667	-0.014147367	-0.04708304	0.92468226	0.008113418	0.09275	79.0	4812.207853794098
139	0.8037765	0.18242124	1.1367	0.66188323	1.5346446	-0.5086136	13.531091	0.90665	0.28904572	1.501508	-1.118818	4480000	8.9092646e-05	0.10979768	0.009711798	-0.013699479	-0.04882329	0.91214883	0.008042325	0.086875	79.0	4847.363019704819
140	0.8240751	0.16250029	1.1744442	0.64286923	1.6075	-0.49791577	13.1890545	0.879894	0.30917615	1.5065712	-1.1286833	4512000	-5.396083e-05	0.100864254	0.009809235	-0.012912129	-0.04539601	0.9202651	0.007984776	0.084968746	79.0	4882.427127122879
141	0.813993	0.17431486	1.1575682	0.64793235	1.5341922	-0.5606424	13.216778	0.9304237	0.25158453	1.6159396	-0.77565026	4544000	-4.4104643e-05	0.108981475	0.009745315	-0.0141208805	-0.04689452	0.91071	0.00886913	0.091156244	79.0	4917.56924366951
142	0.86909664	0.11121866	1.2499661	0.56180525	1.533263	-0.91034275	14.05	0.9093429	0.2950202	1.6215996	-0.82771426	4576000	9.4124116e-05	0.09734373	0.009743436	-0.013579503	-0.0496059	0.91529185	0.008168809	0.089	79.0	4952.637209415436
143	0.80867994	0.18464744	1.1448265	0.6604475	1.5370146	-0.596781	13.243739	0.92410326	0.25943914	1.5354414	-0.7135123	4608000	6.93379e-05	0.10377912	0.009654655	-0.014098543	-0.049755383	0.90625936	0.00800451	0.090406254	79.0	4987.825116634369
144	0.8156836	0.17421576	1.1629668	0.6442215	1.5383364	-0.39799598	13.062294	0.8850442	0.3019654	1.5343702	-0.56573904	4640000	-6.0128048e-05	0.09986155	0.009727359	-0.01323822	-0.055850036	0.91424215	0.0068572396	0.08153125	79.0	5022.942944526672
145	0.8021532	0.19113389	1.1253412	0.6803058	1.5403448	-0.45774195	13.128099	0.9046046	0.2837398	1.4397668	-0.62109774	4672000	-6.2635634e-05	0.079227746	0.009549523	-0.012934468	-0.034941643	0.9001416	0.008821951	0.09065625	79.0	5057.923096418381
146	0.8114438	0.1766788	1.1489078	0.6631711	1.608051	-0.43312895	13.2404	0.9202152	0.30061996	1.6597883	-0.88902605	4704000	-4.7802925e-05	0.09528712	0.009752965	-0.012781917	-0.041710895	0.91337	0.0063027954	0.08721875	79.0	5093.095050096512
147	0.8154156	0.17480081	1.1633465	0.65132195	1.6031593	-0.37432992	12.885332	0.9411804	0.24425094	1.4761992	-0.8517288	4736000	-3.511831e-05	0.10945904	0.009579273	-0.01444189	-0.045594074	0.8961266	0.008273868	0.0954375	79.0	5128.110529899597
148	0.8234761	0.16605167	1.1739838	0.6335159	1.5399357	-0.48531312	13.268782	0.90153676	0.27205837	1.6924818	-0.5891937	4768000	0.0001261381	0.10469895	0.009555432	-0.014924547	-0.049034208	0.89437044	0.0066632805	0.08953126	79.0	5163.178469419479
149	0.8798785	0.11496011	1.273711	0.5423327	1.5419619	-0.45474717	13.438135	0.93633544	0.2628368	1.4735607	-0.7591043	4800000	-8.6380634e-05	0.068630904	0.00927756	-0.013350174	-0.034283143	0.87385905	0.007629348	0.082906246	79.0	5198.1701328754425
150	0.8101207	0.18827674	1.1496282	0.66089255	1.5409636	-0.55912375	12.737981	0.91692406	0.3051451	1.5665917	-0.87742245	4832000	-1.1531636e-05	0.08023264	0.009351749	-0.013413276	-0.039726876	0.87834495	0.007602583	0.08809375	79.0	5233.249260187149
151	0.7802625	0.2165116	1.094768	0.7005094	1.5388308	-0.461145	12.755618	0.9058806	0.30294505	1.5705808	-1.0560794	4864000	1.3906043e-05	0.10048581	0.0094451215	-0.012655899	-0.045359567	0.8872512	0.0080037415	0.08059375	79.0	5268.343644142151
152	0.81738913	0.18092164	1.1572274	0.65309525	1.5430951	-0.8834191	13.209234	0.899458	0.2954974	1.664998	-0.6785663	4896000	-1.0587275e-05	0.080059886	0.009340974	-0.013665649	-0.033339106	0.8774276	0.007486478	0.09065625	79.0	5303.4508600234985
153	0.82211167	0.16625297	1.1768957	0.6362994	1.608051	-0.50790167	13.030738	0.93225694	0.2765463	1.5172046	-0.7498367	4928000	-6.8293884e-06	0.11465442	0.009599991	-0.0142664835	-0.04884182	0.89354837	0.008740302	0.094125	79.0	5338.537523984909
154	0.8657954	0.12004992	1.242203	0.56435645	1.6053554	-0.4502649	13.625428	0.91861403	0.252797	1.6025174	-0.48628363	4960000	8.085044e-05	0.08677804	0.009565736	-0.014279634	-0.039908897	0.8944791	0.007430977	0.0884375	79.0	5373.74930024147
155	0.85580397	0.13379979	1.2310323	0.5878406	1.5348092	-0.8164888	13.659208	0.9529044	0.23528619	1.6172101	-0.91661435	4992000	-3.6931597e-05	0.103356645	0.009498719	-0.015441546	-0.051944062	0.8937111	0.009197632	0.0900625	79.0	5408.917366266251
156	0.81376755	0.18282965	1.1605458	0.6519267	1.5426066	-0.46813366	13.065271	0.90712065	0.26300263	1.5263386	-0.9303489	5024000	2.3191795e-05	0.10513821	0.009406222	-0.013918129	-0.05532532	0.87982965	0.0064966204	0.08871875	79.0	5443.94265961647
157	0.8045214	0.17720419	1.1452578	0.6578787	1.5379512	-0.51117456	13.006536	0.891787	0.30440223	1.5533983	-0.7984048	5056000	8.356292e-07	0.10327145	0.009453338	-0.015946113	-0.052855976	0.88119614	0.015093621	0.099781245	60.0	5473.8386743068695
158	0.8183304	0.16958034	1.1576014	0.65158075	1.5441569	-0.49434283	13.519165	0.90507865	0.28881449	1.5076082	-0.6339966	5088000	-1.3326295e-05	0.0977083	0.0094255395	-0.014222078	-0.04315558	0.880878	0.007780416	0.086624995	79.0	5508.972305059433
159	0.79700834	0.18478295	1.1314658	0.6725641	1.6075	-0.544586	13.273789	0.89233786	0.31412587	1.5051506	-0.5576771	5120000	7.887883e-05	0.10222573	0.009396851	-0.012025113	-0.047484886	0.8677784	0.008609124	0.09028125	79.0	5543.96981215477
160	0.81470346	0.16708945	1.162303	0.6495506	1.6	-0.38914782	13.083881	0.90698045	0.29271117	1.5823228	-0.8888238	5152000	-2.700556e-05	0.109034225	0.009451803	-0.015049588	-0.04930146	0.88351434	0.011022789	0.102718756	79.0	5579.182738542557
161	0.81277484	0.1771076	1.1590072	0.65036863	1.5376066	-0.5427821	13.191348	0.91625303	0.2596988	1.6472733	-1.0797608	5184000	2.5227084e-05	0.12595056	0.009774119	-0.014831878	-0.060812395	0.9098811	0.0073079853	0.0968125	79.0	5614.126546621323
162	0.88085777	0.10698748	1.2722881	0.5453212	1.5389845	-0.5386715	13.707253	0.9133177	0.2673282	1.4369556	-0.8917495	5216000	-3.0510128e-06	0.07951975	0.009509894	-0.01414973	-0.03956665	0.8912077	0.006370609	0.08953125	79.0	5649.251604318619
163	0.83065605	0.16100693	1.1866719	0.6309749	1.5397017	-0.5506188	13.179701	0.93363744	0.28124714	1.4979371	-0.7777218	5248000	0.000118198805	0.07938003	0.009325301	-0.013266017	-0.036877207	0.8732935	0.0072662355	0.08715625	79.0	5684.527629375458
164	0.7795131	0.20563117	1.1021087	0.690558	1.5447462	-0.4489371	13.010621	0.9128834	0.2955142	1.5554668	-0.5251723	5280000	-5.7230005e-05	0.10858287	0.009776615	-0.014687889	-0.0542953	0.91158086	0.00944728	0.1014375	79.0	5719.5019063949585
165	0.8434446	0.14613007	1.204047	0.6052269	1.5396447	-0.50319284	13.710345	0.8694527	0.3183234	1.5080267	-0.80011916	5312000	-4.0140003e-06	0.10764675	0.009296598	-0.014133414	-0.050047413	0.86751926	0.006977733	0.08528125	79.0	5754.695621728897
166	0.8014457	0.18016657	1.1425562	0.6601771	1.6081593	-0.736646	13.241639	0.9181962	0.28514996	1.5748365	-0.8267592	5344000	3.759563e-05	0.116855904	0.0096295485	-0.013232356	-0.053809002	0.88632065	0.0080192685	0.09015626	79.0	5789.783479690552
167	0.8214886	0.16339263	1.1680686	0.6463674	1.6081593	-0.50062317	13.177153	0.900129	0.2723809	1.5342906	-1.0844489	5376000	-8.013472e-05	0.1025539	0.009557359	-0.014102083	-0.044856716	0.8911998	0.007556269	0.08684375	79.0	5825.167245149612
168	0.8463819	0.1502166	1.209958	0.6178879	1.539011	-0.92757225	13.1334715	0.9128163	0.28630427	1.7290367	-1.0900595	5408000	-4.367996e-05	0.08528291	0.009461181	-0.013560418	-0.037956484	0.8871835	0.007849826	0.08965625	79.0	5860.2193167209625
169	0.84574497	0.14923126	1.2143213	0.613176	1.5443814	-0.49522406	13.088284	0.9559403	0.26157776	1.4729677	-0.95306236	5440000	-7.820316e-06	0.073892295	0.009147223	-0.012719626	-0.037544496	0.8604416	0.0048800297	0.080531254	79.0	5895.14440369606
170	0.8159256	0.17244692	1.1690187	0.6459289	1.5402397	-0.55351895	13.07278	0.93735164	0.28479615	1.5726808	-0.7817812	5472000	8.960441e-05	0.100711316	0.009378085	-0.014099644	-0.039872497	0.87243044	0.0067422586	0.087718755	79.0	5930.26722741127
171	0.8122872	0.17435575	1.1502272	0.660588	1.5443814	-0.45574784	13.341863	0.90517414	0.2885454	1.4782305	-0.75862443	5504000	0.00010600686	0.095466614	0.009403245	-0.013455707	-0.050389744	0.8791166	0.0080534415	0.0894375	79.0	5965.463969945908
172	0.8243649	0.16197899	1.1750088	0.63517773	1.6	-0.47063088	13.445854	0.91961825	0.2991146	1.6265996	-0.77095747	5536000	1.1952594e-05	0.095702246	0.009122965	-0.013267666	-0.042058963	0.8514123	0.0083431965	0.0805	79.0	6000.704670190811
173	0.8387469	0.14622585	1.2105714	0.60916305	1.6081593	-0.48055252	13.217138	0.89441884	0.32299986	1.4482871	-0.73275185	5568000	-5.6533143e-05	0.11076053	0.0091352295	-0.01276434	-0.055934988	0.8499854	0.007790574	0.08265625	79.0	6035.908432483673
174	0.86481637	0.12159509	1.2395953	0.5855729	1.5390252	-0.56816304	13.482627	0.9210066	0.2529609	1.5043936	-0.5036913	5600000	9.6412376e-05	0.09355028	0.009411591	-0.013984051	-0.042220525	0.87243265	0.006542217	0.0833125	79.0	6071.006275653839
175	0.85934615	0.13213852	1.2383922	0.59397626	1.5415914	-0.92987454	13.352596	0.950835	0.2530326	1.4402537	-0.7190625	5632000	1.8013874e-05	0.095536575	0.00899061	-0.0153070595	-0.04651791	0.8429265	0.0069894735	0.089812495	79.0	6105.969063043594
176	0.8111333	0.17526221	1.1588755	0.6585912	1.5379512	-0.5158134	13.186152	0.93485475	0.27415106	1.5689213	-0.69124943	5664000	-0.00014302507	0.10450256	0.00912297	-0.013098966	-0.059423067	0.8495644	0.0074683027	0.08140625	79.0	6141.071836709976
177	0.8291619	0.16252159	1.1849641	0.63539547	1.5434753	-0.4200179	13.08402	0.9127634	0.2875005	1.5478222	-0.79843986	5696000	-8.719694e-05	0.10118581	0.009162129	-0.013325564	-0.05148171	0.8506308	0.008772755	0.085625	79.0	6176.512412786484
178	0.8248967	0.17341416	1.1671634	0.6457953	1.5453553	-0.47531494	13.263773	0.9049414	0.28717908	1.4888139	-0.70702964	5728000	-0.000109537505	0.078655794	0.009009967	-0.012863071	-0.035281092	0.8402641	0.007974712	0.0855	79.0	6211.703341245651
179	0.8379315	0.14857312	1.2008672	0.62134737	1.608051	-0.7264346	13.327471	0.9202459	0.29636228	1.5646199	-0.79674006	5760000	-7.099891e-05	0.0926953	0.009068871	-0.013476562	-0.043555316	0.8357383	0.009365246	0.0885	79.0	6246.9065980911255
180	0.83778024	0.14314109	1.2015048	0.61198014	1.6081593	-0.49212497	13.429477	0.93888783	0.2527032	1.5331949	-0.52403635	5792000	9.825453e-06	0.10197621	0.009250116	-0.01525398	-0.045490157	0.8544736	0.0067059305	0.08753125	79.0	6281.98228263855
181	0.85822606	0.13163638	1.2287419	0.6041271	1.5367918	-0.7878899	13.265025	0.9236775	0.26969916	1.5542762	-1.184221	5824000	-6.553717e-06	0.083106756	0.009246595	-0.015803294	-0.038067624	0.8568779	0.007367706	0.0925	79.0	6317.144659519196
182	0.8502891	0.14286157	1.2235246	0.6025248	1.5437863	-0.5566969	13.374579	0.955874	0.23512203	1.4526191	-0.71079314	5856000	6.593391e-05	0.084995836	0.009025955	-0.013249951	-0.039606147	0.8443349	0.007585572	0.080468744	79.0	6352.435177087784
183	0.8121737	0.17974932	1.1633233	0.6512412	1.5472656	-0.56196684	12.771302	0.91540706	0.30533075	1.5424336	-0.5930053	5888000	2.9752962e-05	0.08102411	0.009001739	-0.014694667	-0.038972873	0.8367595	0.00916544	0.09253125	79.0	6387.479855060577
184	0.8182384	0.17671359	1.1626416	0.6539998	1.5489845	-0.4299217	12.994672	0.8934709	0.3172438	1.5140456	-0.9704293	5920000	6.168056e-05	0.07846767	0.009020955	-0.0144888805	-0.040271122	0.8368544	0.007570402	0.08965625	79.0	6422.4697732925415
185	0.83019054	0.16636102	1.1819592	0.631058	1.6	-0.5261557	13.25	0.93238395	0.28241995	1.505181	-1.0327659	5952000	6.8688765e-05	0.08020209	0.008696433	-0.014740076	-0.03261278	0.8098813	0.008278897	0.08803125	79.0	6457.666342496872
186	0.8067993	0.1669963	1.1599088	0.65167826	1.6081593	-0.40853855	12.913961	0.91109574	0.2890148	1.4818734	-0.75512123	5984000	-0.00015791133	0.099164665	0.008992007	-0.013725393	-0.044046935	0.82534707	0.008354686	0.0811875	79.0	6492.771629571915
187	0.8583223	0.12802157	1.2356735	0.5854071	1.5479512	-0.4823293	13.415963	0.9272952	0.25397468	1.5728165	-0.4905004	6016000	-0.00011131726	0.09155863	0.009136576	-0.014913656	-0.04142738	0.845344	0.010446958	0.097812496	79.0	6528.123736143112
188	0.8548635	0.13323636	1.2391465	0.58316255	1.5439774	-0.5387475	13.307693	0.9315701	0.2821841	1.5853183	-1.0037457	6048000	7.859338e-05	0.09023838	0.008941619	-0.014767201	-0.041459315	0.83635557	0.0070621492	0.086406246	79.0	6563.373725652695
189	0.7973277	0.18406308	1.1402371	0.6738023	1.5413133	-0.55091727	13.190199	0.9039633	0.2914263	1.493739	-0.7045896	6080000	-1.7166138e-05	0.13032305	0.009391532	-0.0141409505	-0.06549848	0.8725258	0.00892025	0.1011875	79.0	6598.586500883102
190	0.8033767	0.19014744	1.1468012	0.66516757	1.5484753	-0.4327096	12.748798	0.8959459	0.30963024	1.5771588	-1.0113922	6112000	0.000103164464	0.10248247	0.009220472	-0.013768388	-0.045573145	0.84838694	0.007947136	0.081562504	79.0	6633.698504686356
191	0.8086765	0.18636146	1.1431482	0.67049736	1.5401462	-0.49857286	13.062808	0.88609016	0.30460724	1.5332154	-0.8528628	6144000	0.00017120223	0.08606222	0.009123399	-0.013853997	-0.040530615	0.8497867	0.0078108357	0.08815625	79.0	6668.921500205994
192	0.8288425	0.16104493	1.1906922	0.6214781	1.6044712	-0.6470005	13.293204	0.89737624	0.32719645	1.5715785	-1.1376233	6176000	-9.9912286e-05	0.095656976	0.008770779	-0.013085969	-0.04014875	0.8104162	0.0082186675	0.089875	79.0	6704.05481338501
193	0.85925263	0.13065603	1.2354966	0.5832401	1.6081593	-0.38386062	13.263819	0.91984546	0.25327846	1.6887431	-1.0433327	6208000	-6.626733e-05	0.08785382	0.00888376	-0.016003761	-0.041302994	0.8217993	0.010148531	0.10309375	79.0	6738.940984249115
194	0.859405	0.13390464	1.2334472	0.59806544	1.5397638	-0.57804435	13.161692	0.9487607	0.25350907	1.6503375	-0.9036056	6240000	-0.00013899803	0.07575628	0.008934211	-0.014253959	-0.03581079	0.8298155	0.008952409	0.09621875	79.0	6774.176337957382
195	0.8860056	0.10712063	1.2865101	0.5384802	1.5389466	-0.6185433	13.358165	0.9536042	0.24391688	1.4893645	-0.62948555	6272000	9.804964e-05	0.0657257	0.008850172	-0.013865544	-0.03479194	0.8264002	0.008615162	0.087375	79.0	6809.2959134578705
196	0.7908233	0.19272083	1.132344	0.6757615	1.5392778	-0.5378021	12.858185	0.9307716	0.3027145	1.6212791	-0.7117633	6304000	0.00012970692	0.10222104	0.009111753	-0.0154407155	-0.04470314	0.8447768	0.009140044	0.105749995	79.0	6844.28323507309
197	0.7689032	0.21804518	1.0829974	0.71020764	1.5448223	-0.44106868	12.784511	0.8822582	0.3241593	1.5834209	-0.9373967	6336000	0.00020079222	0.09854356	0.00915413	-0.0139952935	-0.04620903	0.8513706	0.007943402	0.087000005	79.0	6879.627865791321
198	0.8480893	0.14846098	1.2090648	0.6142602	1.5418587	-0.90930533	13.321906	0.9037052	0.31395677	1.6272875	-1.1160487	6368000	-3.6733225e-05	0.07066562	0.008670306	-0.015077036	-0.03228548	0.8055743	0.010536369	0.0976875	79.0	6914.902095317841
199	0.79691213	0.18020076	1.1414696	0.6667254	1.6068586	-0.42942074	12.896915	0.91852427	0.29998964	1.6014808	-0.7733916	6400000	2.7954578e-05	0.117738344	0.0087540075	-0.013939729	-0.05676384	0.8049879	0.005579677	0.07646875	79.0	6950.018835783005
200	0.88187873	0.11645457	1.2708251	0.5564516	1.5429512	-0.54401803	13.275416	0.9289319	0.25828978	1.626781	-0.5718673	6432000	-7.737987e-05	0.069400944	0.008618397	-0.012279983	-0.028059656	0.7967781	0.0068188384	0.081906244	79.0	6985.379256725311
201	0.88276017	0.11041367	1.2778313	0.5458616	1.5418587	-0.47266418	13.345378	0.95762116	0.2717174	1.4758174	-0.80001473	6464000	-0.000102277845	0.060895585	0.008598676	-0.013759673	-0.030291023	0.79953146	0.006771572	0.07640625	79.0	7020.674107789993
202	0.84674335	0.14491984	1.2220043	0.60974294	1.5424114	-0.6269973	13.110973	0.95262957	0.26183024	1.4945967	-0.5343641	6496000	-2.7168542e-05	0.08140927	0.008602351	-0.012912222	-0.040329963	0.7945095	0.0072943247	0.085031256	79.0	7055.776500463486
203	0.80181646	0.19185287	1.1462766	0.668248	1.5416014	-0.48339078	12.50315	0.9081934	0.32300794	1.5941199	-0.958876	6528000	0.000109151006	0.07346976	0.008652784	-0.014503113	-0.028871406	0.79878986	0.0068429825	0.0855625	79.0	7090.789275884628
204	0.8361791	0.16054943	1.1911101	0.63011825	1.5479512	-0.5357305	13.177741	0.9190299	0.30424082	1.6451608	-0.7732258	6560000	-5.292613e-05	0.06791064	0.008534712	-0.013836147	-0.027971013	0.7886601	0.007573515	0.089125	79.0	7125.884744167328
205	0.82237756	0.1607956	1.1747198	0.6458027	1.6081593	-0.64473504	13.348154	0.92123157	0.3103887	1.5121447	-0.8881037	6592000	2.8833747e-06	0.09795569	0.008597048	-0.0129691735	-0.042785447	0.7871244	0.006093207	0.074	79.0	7160.985389471054
206	0.8470348	0.13976228	1.2213606	0.59233373	1.6081593	-0.3880507	13.225417	0.92573583	0.27441937	1.6218071	-0.7848033	6624000	0.00011257455	0.07776043	0.00857297	-0.013780013	-0.028954055	0.78564775	0.008008074	0.093624994	79.0	7196.297572851181
207	0.87795454	0.11336018	1.2676588	0.553568	1.5400258	-0.4765488	13.440254	0.9343887	0.25052056	1.5873536	-0.8695973	6656000	4.1428953e-05	0.07618922	0.008635828	-0.014424	-0.033659942	0.79171073	0.0077341725	0.0904375	79.0	7231.492922306061
208	0.8616245	0.124833934	1.2480167	0.5789004	1.5389466	-0.6280097	13.247084	0.95651263	0.23588093	1.5035268	-0.6953559	6688000	0.00012957305	0.078194365	0.008738189	-0.015757054	-0.036764503	0.8070779	0.0077331844	0.08940625	79.0	7266.74195766449
209	0.812888	0.1789913	1.1694322	0.65033543	1.5533723	-0.6310106	12.785945	0.92069215	0.27520537	1.5809743	-0.6643126	6720000	1.7616898e-05	0.08823298	0.00854755	-0.0146765355	-0.039353468	0.7849935	0.008493269	0.091000006	79.0	7302.003189086914
210	0.7653696	0.22677684	1.0812943	0.7103105	1.5446447	-0.5348974	12.399452	0.89867383	0.302884	1.4531534	-1.6891978	6752000	1.7636456e-05	0.08976175	0.008737797	-0.015295324	-0.046137616	0.80634236	0.008954063	0.09425	79.0	7337.130109786987
211	0.8367552	0.14787328	1.1976405	0.6118393	1.5420835	-0.51068425	13.540034	0.91078866	0.31010905	1.6027365	-1.0620531	6784000	3.885012e-05	0.088053234	0.008556612	-0.014456628	-0.04032263	0.7861403	0.0077866297	0.08753125	79.0	7372.281126260757
212	0.84727716	0.14618659	1.2262124	0.6019979	1.6081593	-0.43530148	12.778537	0.90864706	0.31085584	1.5534455	-0.6390406	6816000	-5.722977e-07	0.09174113	0.008339789	-0.01357023	-0.048101775	0.76366043	0.008377404	0.09	79.0	7407.2761352062225
213	0.865627	0.12911241	1.2460029	0.5771664	1.5690386	-0.5021658	13.203827	0.954221	0.23674072	1.6236693	-0.7430278	6848000	4.808884e-05	0.08090413	0.008564678	-0.013882926	-0.0368567	0.7863605	0.007662431	0.083625	79.0	7442.410722494125
214	0.88638186	0.108592585	1.2808707	0.5498211	1.5426776	-0.8288494	13.283082	0.9632407	0.26399064	1.5692408	-0.960109	6880000	-6.1964616e-05	0.064120516	0.008643452	-0.013049682	-0.03250713	0.80022097	0.00754619	0.08325	79.0	7477.5075623989105
215	0.8455355	0.14610806	1.2203226	0.6125826	1.5448092	-0.5055716	13.0588	0.95234764	0.26054242	1.560695	-0.95651805	6912000	3.369525e-05	0.08304885	0.008439906	-0.014296264	-0.040797263	0.776384	0.007944467	0.0885625	79.0	7512.905799627304
216	0.8086398	0.17513965	1.1645011	0.6532001	1.5468417	-0.55829006	12.7104	0.9322114	0.29988033	1.5585556	-0.6505383	6944000	9.087287e-05	0.09477404	0.008799443	-0.014806414	-0.04525716	0.8047701	0.008871018	0.092187494	79.0	7548.156081438065
217	0.8132684	0.18008101	1.1549039	0.6566083	1.5500258	-0.44094455	12.950652	0.8951231	0.31325677	1.5498558	-0.7248921	6976000	-8.499622e-05	0.07562789	0.008720586	-0.016028836	-0.031509493	0.8058443	0.00940336	0.098562494	79.0	7583.167687416077
218	0.82747185	0.1590494	1.1911249	0.62723756	1.6081593	-0.5015505	13.144454	0.9187344	0.30965298	1.5178435	-0.7818271	7008000	-4.466623e-06	0.09207536	0.008601811	-0.01467097	-0.039333425	0.78580713	0.009062651	0.09434375	79.0	7618.082961559296
219	0.8462884	0.14217138	1.2213377	0.5968802	1.6081593	-0.33637607	12.986907	0.9278865	0.26073033	1.5972687	-0.68112206	7040000	9.385869e-06	0.08118999	0.008639067	-0.014225587	-0.03537716	0.79260015	0.006245047	0.0841875	79.0	7653.126760005951
220	0.89086735	0.09345211	1.2869014	0.53998023	1.5422657	-0.781484	13.611301	0.93797004	0.2667187	1.6066022	-0.83650404	7072000	2.6154332e-05	0.06839601	0.008773208	-0.013049526	-0.026732637	0.80945164	0.0076728393	0.087656245	79.0	7688.144279241562
221	0.8729154	0.11359176	1.2667451	0.5642053	1.5870795	-0.7415502	13.32802	0.9636394	0.24746276	1.4259435	-0.7794717	7104000	2.6158988e-05	0.07460438	0.008780833	-0.013945268	-0.03318196	0.8126699	0.0058030505	0.090625	79.0	7723.483361005783
222	0.8321906	0.1661861	1.1971997	0.63338864	1.5498092	-0.58844507	12.6904	0.9426241	0.27140975	1.7745945	-0.8947195	7136000	5.227048e-06	0.071983576	0.008523892	-0.013631003	-0.03562201	0.78632236	0.007877894	0.08809375	79.0	7758.686937332153
223	0.8106743	0.18772312	1.1570127	0.65563834	1.5445836	-0.3780868	12.688898	0.910427	0.3078267	1.6774726	-0.7984767	7168000	-4.3921173e-05	0.06147408	0.008603904	-0.013932012	-0.033317998	0.79324627	0.008189276	0.08706249	79.0	7793.710631370544
224	0.8495413	0.14018217	1.2196938	0.59687585	1.6	-0.5179653	13.404399	0.94240576	0.2942398	1.515667	-0.91172767	7200000	5.307421e-05	0.07532395	0.008520782	-0.013367914	-0.0342997	0.78465104	0.008407515	0.090875	79.0	7828.793392419815
225	0.8225695	0.16413754	1.1870484	0.63186747	1.6081593	-0.36759135	12.892683	0.9124858	0.28603765	1.8250442	-0.55737346	7232000	-6.051734e-06	0.09731074	0.008505173	-0.013794141	-0.040400166	0.77377605	0.0083565675	0.08440626	79.0	7864.143560171127
226	0.87805104	0.10814808	1.270235	0.5504728	1.5585965	-0.49672073	13.443645	0.9355073	0.24913633	1.6257951	-0.8447449	7264000	-0.00010761665	0.08036858	0.008787606	-0.015063595	-0.033401765	0.80120975	0.007898724	0.0875625	79.0	7899.041844367981
227	0.8742083	0.112179935	1.2627317	0.5739217	1.5443814	-0.81418395	13.342282	0.9586854	0.28601533	1.802747	-1.0773098	7296000	-7.610023e-05	0.07769956	0.008760452	-0.013684816	-0.040420815	0.8070698	0.0072196643	0.0860625	79.0	7934.198281526566
228	0.8251966	0.16501488	1.1871351	0.63927186	1.5468587	-0.7675624	12.931707	0.9432578	0.2688224	1.5464437	-0.7190858	7328000	6.519072e-05	0.09061324	0.00862149	-0.014644088	-0.04400652	0.7891395	0.008197449	0.09550001	79.0	7969.493634939194
229	0.818122	0.18031546	1.176514	0.64999485	1.5470835	-0.7916939	12.42347	0.9035045	0.31074467	1.5840386	-0.77201974	7360000	-3.099162e-05	0.074614	0.008422787	-0.013389716	-0.03970986	0.77118886	0.0076939277	0.08759375	79.0	8004.63885474205
230	0.8233842	0.17158855	1.1723118	0.6418065	1.5518587	-0.43998477	13.052546	0.93883383	0.2898284	1.521458	-0.6590034	7392000	9.977049e-05	0.06440134	0.008776999	-0.01564129	-0.028008519	0.79879045	0.008176673	0.098749995	79.0	8039.902840614319
231	0.81228447	0.16417235	1.1661587	0.6468531	1.6081593	-0.50672877	13.215947	0.91177475	0.31047603	1.5357842	-0.9964802	7424000	7.765181e-05	0.102728695	0.008782923	-0.014898873	-0.049848624	0.79015136	0.010825005	0.0960625	79.0	8074.821495771408
232	0.8297266	0.15226047	1.1915919	0.6321058	1.6081593	-0.5294647	13.087994	0.9002327	0.28998095	1.5062159	-0.5550884	7456000	0.00015966408	0.098394774	0.008915109	-0.01437928	-0.041453384	0.81333166	0.0068248175	0.08571875	79.0	8110.006870269775
233	0.88160735	0.10294895	1.276673	0.54610944	1.5402123	-0.80799145	13.535775	0.9356021	0.2643603	1.6446494	-1.1030276	7488000	-4.199613e-05	0.07746385	0.008880442	-0.012777874	-0.036121186	0.8122972	0.0054122787	0.0799375	79.0	8145.424021482468
234	0.8781986	0.11511044	1.275749	0.55317676	1.5682888	-0.61608857	13.111798	0.9498404	0.24027684	1.4773067	-0.8613626	7520000	9.233598e-05	0.06758943	0.008679075	-0.0125816	-0.037366565	0.797207	0.0060792305	0.0843125	79.0	8180.647388219833
235	0.8024084	0.18292785	1.1487652	0.6744793	1.5443537	-0.78070796	12.637341	0.9359148	0.30196726	1.8981147	-0.62432504	7552000	-2.5178306e-06	0.09704046	0.008629622	-0.016947132	-0.04758877	0.78237987	0.010899325	0.10509375	79.0	8215.487880945206
236	0.80584466	0.18112065	1.1517253	0.6581993	1.5411553	-0.40089658	12.911407	0.90805775	0.32475862	1.7141932	-0.8812421	7584000	-6.2462874e-05	0.08246102	0.00883338	-0.015860023	-0.037828177	0.80542016	0.008050905	0.0974375	79.0	8250.521488428116
237	0.83722824	0.152611	1.197677	0.62462145	1.6	-0.5108307	13.328152	0.9155696	0.30028465	1.5130794	-0.89026374	7616000	2.0818785e-05	0.07060202	0.008591959	-0.013303311	-0.028219305	0.78445077	0.008471822	0.09315625	79.0	8285.548731088638
238	0.8149501	0.1530985	1.172728	0.64046603	1.608051	-0.48292652	13.298495	0.8999701	0.33824602	1.6772401	-0.7197228	7648000	5.6141987e-05	0.100559734	0.008781082	-0.015227162	-0.040318124	0.79904926	0.010138899	0.095	79.0	8320.922043085098
239	0.8837291	0.10599314	1.2806208	0.53956926	1.5769498	-0.63303757	13.415683	0.9254658	0.26368162	1.6019903	-0.83144796	7680000	0.00010323804	0.078009255	0.008636071	-0.017035898	-0.032192897	0.7881149	0.012371138	0.10665625	79.0	8356.137811422348
240	0.86257184	0.12134185	1.2462404	0.58661556	1.5436875	-0.9034039	13.349833	0.94490504	0.26717138	1.5680876	-0.92961067	7712000	4.6107918e-05	0.08317624	0.008814517	-0.014982951	-0.038146652	0.8086288	0.009141017	0.09878125	79.0	8391.283909082413
241	0.82769954	0.15569305	1.1971465	0.6339485	1.5514214	-0.6753166	13.0110655	0.92980283	0.2830958	1.7650303	-0.60273325	7744000	-2.7091242e-05	0.09986125	0.008482639	-0.012777813	-0.0472212	0.7735644	0.0057639275	0.07646875	79.0	8426.227083206177
242	0.81606126	0.17259371	1.1733022	0.65011245	1.5446447	-0.6957191	12.712	0.91143143	0.31027487	1.5353864	-0.8329326	7776000	4.794961e-05	0.078506246	0.008394866	-0.01510052	-0.032992415	0.7643952	0.0069335303	0.087656245	79.0	8461.617653608322
243	0.83177495	0.1630398	1.1878043	0.6291491	1.5431594	-0.47344363	13.103477	0.92951316	0.29442155	1.5292677	-0.71185654	7808000	6.5336004e-05	0.068587855	0.0085306335	-0.013829998	-0.026420724	0.78034157	0.007567554	0.077156246	79.0	8496.839521169662
244	0.84937	0.13366488	1.2184991	0.60536677	1.6081593	-0.45898932	13.426271	0.91083765	0.32197493	1.5711219	-0.8245267	7840000	4.2112544e-05	0.0698836	0.008547669	-0.013755469	-0.029265236	0.77506137	0.0061054975	0.0836875	79.0	8532.342066049576
245	0.86045665	0.12096776	1.246067	0.57643795	1.608051	-0.47837368	13.303512	0.9160147	0.29338455	1.5349438	-0.605098	7872000	3.8091093e-07	0.07917671	0.008601345	-0.014347637	-0.03134342	0.78413355	0.008309743	0.0885625	79.0	8567.476306438446
246	0.9033107	0.08101008	1.3103272	0.50463367	1.5339845	-0.87181157	13.699827	0.9426711	0.25023103	1.5712845	-1.049567	7904000	-7.636286e-05	0.06550431	0.008550688	-0.014919808	-0.030351635	0.7819905	0.009623194	0.09621875	79.0	8602.802635192871
247	0.8583485	0.13496114	1.2455863	0.588948	1.5465134	-0.79736614	12.97835	0.9560662	0.27252325	1.5015227	-0.9167496	7936000	6.406242e-05	0.06947516	0.008367092	-0.015003751	-0.03274188	0.7691592	0.008650506	0.1018125	79.0	8638.070177078247
248	0.83855915	0.15823525	1.2098159	0.62589073	1.5385054	-0.582395	12.622814	0.92233336	0.3074501	1.6596861	-1.0074807	7968000	-1.911074e-06	0.060821116	0.008203993	-0.01399537	-0.027197618	0.74827194	0.00801063	0.0899375	79.0	8673.332736253738
249	0.83579415	0.15766853	1.201633	0.6211673	1.5436764	-0.42038313	12.9071665	0.9434817	0.28785992	1.5602405	-0.74531573	8000000	-4.842697e-05	0.06291441	0.008289069	-0.012738884	-0.025610775	0.75591254	0.0061165644	0.08503125	79.0	8708.678854703903
250	0.82080865	0.17256264	1.1705606	0.64429367	1.6	-0.45708546	13.069307	0.94416726	0.27492222	1.471611	-0.55481124	8032000	5.216617e-05	0.082512684	0.008260641	-0.014063019	-0.030038578	0.75310427	0.008752587	0.08853125	79.0	8743.837458372116
251	0.8509762	0.12746453	1.2330397	0.5952888	1.608051	-0.41262257	13.006557	0.87526476	0.3290771	1.4936801	-0.74559456	8064000	6.5779546e-05	0.07106441	0.00814259	-0.013236189	-0.03474	0.7388286	0.0067330236	0.080000006	79.0	8778.882084846497
252	0.88638675	0.10331225	1.2833375	0.5370699	1.579383	-0.395395	13.353361	0.971412	0.22826648	1.7545059	-1.0728095	8096000	3.8844533e-05	0.06914227	0.008317454	-0.016153807	-0.03272085	0.7572675	0.0107652685	0.1068125	79.0	8814.180242538452
253	0.87471324	0.120241106	1.2700324	0.5636509	1.543934	-0.8999204	13.138017	0.96430033	0.26677343	1.47725	-0.99256927	8128000	6.6879205e-05	0.061928056	0.008248456	-0.015159661	-0.029502787	0.75384307	0.009981431	0.10153125	79.0	8849.26115822792
254	0.84145343	0.15187645	1.2178944	0.6170319	1.5445375	-0.60035205	12.760032	0.94869596	0.27428207	1.6660695	-1.0713804	8160000	-3.4691766e-05	0.07213655	0.008142039	-0.014182108	-0.028258657	0.74259603	0.007696096	0.0890625	79.0	8884.469822883606
255	0.8449983	0.14842099	1.215791	0.61637795	1.5496703	-0.4717427	12.838853	0.9444533	0.2785843	1.4963903	-0.7690386	8192000	-0.0001568133	0.07629821	0.008275662	-0.013820913	-0.03665424	0.7490845	0.007978706	0.0855625	79.0	8919.273991823196
256	0.8206682	0.16948031	1.1691188	0.64576817	1.5472656	-0.491248	12.9983635	0.91510105	0.31811997	1.6073699	-0.72239006	8224000	2.5081448e-05	0.07368168	0.008299281	-0.016034316	-0.029262783	0.75434184	0.00908082	0.098218754	79.0	8954.439706087112
257	0.8503859	0.125886	1.2245888	0.60059965	1.608051	-0.56930673	13.508518	0.90756965	0.31175616	1.5144906	-0.77519387	8256000	-0.00010296842	0.085414216	0.008415721	-0.01524988	-0.03951118	0.75876004	0.0076518203	0.08571875	79.0	8989.577612161636
258	0.8656391	0.10903197	1.259294	0.56233865	1.608051	-0.4221685	13.371633	0.9136584	0.30314037	1.4714016	-0.6825843	8288000	-3.089942e-05	0.07848516	0.008243637	-0.015572337	-0.029106487	0.74501	0.009608143	0.098875	79.0	9024.9034678936
259	0.9025252	0.085338056	1.3145294	0.5023007	1.5437038	-0.51468605	13.383417	0.9555481	0.23935822	1.6699951	-1.0592808	8320000	-9.26787e-05	0.06376487	0.008275042	-0.015566583	-0.027982537	0.7497808	0.008756291	0.097625	79.0	9059.972840070724
260	0.8828542	0.11372117	1.287659	0.53884804	1.5420964	-0.4758324	13.106198	0.97131294	0.24878547	1.4857079	-0.7290399	8352000	0.0001786109	0.053324744	0.008244143	-0.013855144	-0.023051715	0.7534008	0.006861825	0.089718744	79.0	9095.087851285934
261	0.82763207	0.16751748	1.1866562	0.64699185	1.5492566	-0.5369456	12.7296	0.93964344	0.27482954	1.4964976	-0.9025541	8384000	2.3849308e-05	0.08111037	0.008324971	-0.015688824	-0.033143837	0.75612736	0.0081602605	0.09384375	79.0	9130.02391576767
262	0.8373848	0.15932514	1.2017378	0.62296283	1.5446447	-0.40418333	12.715945	0.9194344	0.30101743	1.5813336	-0.59511584	8416000	5.4370612e-05	0.061570346	0.008169254	-0.014463029	-0.029463433	0.73785734	0.0062988503	0.08615625	79.0	9165.098184585571
263	0.8603408	0.12956476	1.242348	0.5780483	1.6	-0.48905796	13.38978	0.92739064	0.30361527	1.448913	-0.88990843	8448000	1.6177073e-05	0.08403516	0.008292642	-0.014768057	-0.04129477	0.75043535	0.006131195	0.089125	79.0	9200.295204639435
264	0.8397106	0.12422718	1.2154124	0.60809356	1.608051	-0.46625724	13.424704	0.88729054	0.3472605	1.5265942	-0.8292057	8480000	0.00017062202	0.08545085	0.00838707	-0.01464123	-0.032424003	0.7560847	0.008721742	0.100875	79.0	9235.381638288498
265	0.87068105	0.119222805	1.2612526	0.5622866	1.5489845	-0.4369568	13.210199	0.93296695	0.2702355	1.7366996	-1.2402596	8512000	-2.0824373e-06	0.07802944	0.008314092	-0.014688501	-0.033522386	0.7524835	0.008754194	0.09334375	79.0	9270.438034534454
266	0.8774874	0.110743016	1.2766864	0.55284244	1.5439774	-0.77054656	13.152985	0.96831113	0.26489338	1.4823837	-0.89526105	8544000	-4.4358894e-05	0.06934269	0.0082730595	-0.015370701	-0.0317212	0.749936	0.009171402	0.09090625	79.0	9305.590108633041
267	0.85115063	0.1355812	1.2345372	0.5991426	1.5484929	-0.52735585	13.076033	0.94348377	0.2698286	1.6587245	-0.6386686	8576000	5.3476542e-05	0.083773375	0.008306064	-0.014708696	-0.04448662	0.7530173	0.0076329787	0.09346875	79.0	9340.794037342072
268	0.8311037	0.1656912	1.1981268	0.63082397	1.5472656	-0.46167842	12.439844	0.93037367	0.29681194	1.5963109	-0.73482114	8608000	-2.3583882e-05	0.07208544	0.008234634	-0.01654347	-0.030016623	0.7430837	0.008779285	0.09825	79.0	9375.945577144623
269	0.8288866	0.16266456	1.188653	0.62874454	1.5518587	-0.474666	12.962071	0.9235486	0.2900375	1.4985827	-0.78012824	8640000	8.548936e-05	0.08317527	0.008346402	-0.014667084	-0.03815867	0.7538284	0.0062516043	0.092031255	79.0	9411.135443925858
270	0.8586911	0.12571251	1.2376527	0.5933546	1.608051	-0.5136569	13.364478	0.9019591	0.3185617	1.4361017	-1.3648053	8672000	-8.9327805e-05	0.0822642	0.008303713	-0.01392963	-0.042940445	0.74221456	0.00762092	0.0835	79.0	9446.32950425148
271	0.8716111	0.114962995	1.2674687	0.5530872	1.6081593	-0.40946454	13.226627	0.94191784	0.27414578	1.6421556	-0.49309063	8704000	0.00012519909	0.07437628	0.00826899	-0.015101722	-0.031218752	0.7429387	0.008222146	0.0926875	79.0	9481.46103143692
272	0.88429546	0.114059776	1.2815764	0.5494136	1.543934	-0.4539292	13.034483	0.9804805	0.21647978	1.5811586	-1.3714397	8736000	-2.1962449e-05	0.0675759	0.008299927	-0.013891321	-0.028157037	0.7467698	0.0074849105	0.08925	79.0	9516.811745405197
273	0.8831701	0.11025035	1.2890882	0.5366879	1.5464324	-0.32917473	13.073191	0.97354716	0.23667207	1.3653301	-0.72155106	8768000	0.00011696573	0.05406467	0.008270489	-0.014918286	-0.022312982	0.74893427	0.009116361	0.09359375	79.0	9551.71854543686
274	0.8193706	0.17581955	1.1714073	0.6649738	1.5491569	-0.9201125	12.582409	0.95251155	0.2600291	1.6666979	-0.767444	8800000	0.00014214031	0.10424912	0.008518897	-0.014536168	-0.056261778	0.7640022	0.009358986	0.09765625	79.0	9587.056736707687
275	0.833115	0.16043262	1.2026039	0.62437963	1.5520835	-0.3708767	12.636544	0.93164927	0.29873443	1.5607866	-0.89879096	8832000	0.00014108792	0.07737368	0.008378498	-0.013791712	-0.03760565	0.7519615	0.007945912	0.08996875	79.0	9622.06652212143
276	0.8561754	0.1318739	1.2349648	0.5844298	1.5659374	-0.44970012	13.309983	0.9469537	0.280507	1.5555747	-0.65156174	8864000	8.199504e-05	0.07114909	0.0083415825	-0.013314003	-0.036154523	0.7540181	0.0059020002	0.07965625	79.0	9657.155049562454
277	0.83381796	0.1343838	1.2174933	0.59997237	1.6081593	-0.41955343	13.225041	0.8948328	0.33451977	1.4509082	-1.091546	8896000	1.6018748e-05	0.104438245	0.008404492	-0.015240535	-0.048252646	0.74519914	0.009322128	0.09590624	79.0	9692.463440179825
278	0.9062915	0.08692615	1.322728	0.48929366	1.5757499	-0.48117515	13.343698	0.93526393	0.241262	1.5720872	-0.5470979	8928000	6.9900416e-06	0.0718527	0.008308129	-0.01440436	-0.031405997	0.7453078	0.00792559	0.08978125	79.0	9727.465772867203
279	0.87724304	0.11428412	1.270924	0.5704609	1.5472465	-0.9415695	13.140133	0.9588391	0.26852298	1.4037074	-1.2839121	8960000	7.660687e-05	0.068451576	0.008521639	-0.015653418	-0.032617874	0.7692832	0.009552508	0.093375	79.0	9762.49149274826
280	0.85004175	0.13833246	1.2293913	0.6072264	1.5472656	-0.84090817	12.9779415	0.93415105	0.2986931	1.5226877	-0.74534565	8992000	-9.822659e-05	0.08352655	0.008473255	-0.016488282	-0.040594768	0.7605035	0.008400856	0.089375	79.0	9797.521115064621
281	0.84017384	0.15501799	1.212098	0.6182183	1.5441569	-0.44771057	12.614501	0.92001206	0.29312092	1.5436027	-1.0692967	9024000	6.94599e-05	0.06992741	0.008301882	-0.015289143	-0.034336634	0.74388725	0.0074496097	0.08787499	79.0	9832.480019330978
282	0.8487426	0.14961264	1.2201514	0.6098857	1.5636986	-0.4150327	12.94829	0.9321847	0.2840936	1.4549739	-0.64798236	9056000	3.0318275e-05	0.068434104	0.008399208	-0.015005685	-0.037683934	0.7573478	0.006998909	0.09159374	79.0	9867.499499320984
283	0.84859234	0.1261599	1.2347776	0.59112006	1.608051	-0.43905908	13.205075	0.9304526	0.32021427	1.4368771	-1.1128674	9088000	-2.3213215e-05	0.102399506	0.008328193	-0.015880553	-0.05457703	0.7332945	0.011008609	0.098937504	79.0	9902.522362232208
284	0.8424317	0.14434345	1.2230548	0.5953525	1.6	-0.39193296	13.050987	0.927886	0.2724547	1.5361209	-0.61799777	9120000	-4.7500245e-05	0.09449801	0.0084436815	-0.016300313	-0.04055725	0.75676215	0.010474556	0.102437496	79.0	9937.793764591217
285	0.87036926	0.11279922	1.2696133	0.5537753	1.5475	-0.50631046	13.221761	0.936553	0.23883292	1.5334566	-1.0725553	9152000	-5.512312e-05	0.094060205	0.008672465	-0.0159947	-0.041969378	0.77175945	0.008780215	0.0859375	79.0	9972.854729175568
286	0.8890618	0.11093816	1.2949377	0.54057324	1.5443814	-0.45169467	12.993055	0.95815146	0.23662059	1.423018	-0.6260909	9184000	4.1211024e-06	0.060699154	0.008414341	-0.014902875	-0.033409804	0.76033485	0.008642617	0.0916875	79.0	10007.954885959625
287	0.82714677	0.15985757	1.1928492	0.63942236	1.5497638	-0.5534897	12.703926	0.95331514	0.26911467	1.4511042	-0.6148326	9216000	-3.516022e-05	0.088855386	0.008418701	-0.015763897	-0.03994412	0.7517506	0.0075142146	0.093375	79.0	10043.17580318451
288	0.8330457	0.16368614	1.1957879	0.6317531	1.5454715	-0.36925468	12.657643	0.9024389	0.34606495	1.4314233	-0.7849872	9248000	-3.0271709e-05	0.07479125	0.008394526	-0.013689916	-0.04171472	0.74902165	0.008968941	0.09509374	79.0	10078.340682268143
289	0.85799456	0.13679512	1.240073	0.58789545	1.6	-0.46962327	13.151239	0.9523581	0.28301015	1.5191021	-0.7127149	9280000	2.4802983e-05	0.07128292	0.008276367	-0.014518892	-0.03028698	0.7418908	0.00760206	0.09121875	79.0	10113.388906240463
290	0.8574262	0.11754486	1.2517228	0.5741339	1.6081593	-0.40231118	13.209718	0.92303246	0.3147776	1.5376811	-0.6852201	9312000	-7.0709735e-05	0.09089615	0.008249281	-0.014885779	-0.040651787	0.73413515	0.0083902525	0.084781244	79.0	10148.417778730392
291	0.869218	0.108235985	1.263799	0.55688936	1.5690386	-0.44767296	13.448729	0.94723666	0.23388296	1.5307865	-0.4883965	9344000	-2.6527327e-05	0.09002964	0.008716449	-0.014959281	-0.041994512	0.7699385	0.007691047	0.0883125	79.0	10183.616993665695
292	0.8767266	0.11315896	1.2758955	0.5479293	1.5479468	-0.7354493	13.234583	0.93956316	0.29560506	1.4267454	-1.2673694	9376000	6.856397e-06	0.07618522	0.008582169	-0.013067684	-0.034301866	0.76696324	0.0074027767	0.091125	79.0	10218.722165107727
293	0.8687088	0.12641948	1.2620207	0.57867223	1.548024	-0.8948797	12.9158535	0.9622892	0.24823645	1.4467775	-1.0993894	9408000	-0.00010832492	0.065237485	0.008289727	-0.016495496	-0.033168077	0.74378395	0.009450511	0.10240625	79.0	10253.8673889637
294	0.82284415	0.17390689	1.181223	0.6474202	1.5466964	-0.400588	12.4355345	0.9459435	0.27928564	1.576991	-0.7779361	9440000	-4.9514696e-05	0.081287384	0.008334827	-0.014917623	-0.034660734	0.7403625	0.008044069	0.08828125	79.0	10288.939832687378
295	0.8301253	0.16658522	1.1895864	0.6306995	1.5636986	-0.4425828	12.893263	0.9433958	0.26866612	1.5996956	-1.0088685	9472000	2.47024e-05	0.08327849	0.008621947	-0.015189288	-0.04251577	0.7684016	0.0072812904	0.0968125	79.0	10324.008272886276
296	0.85096925	0.13413982	1.2349696	0.6010724	1.6081593	-0.51471263	12.981178	0.9014558	0.34095386	1.4132224	-1.4253423	9504000	-7.8201294e-05	0.09160761	0.008093217	-0.015846748	-0.048654646	0.7171556	0.011842964	0.101125	79.0	10359.14953660965
297	0.8894042	0.1038385	1.2949382	0.5192171	1.6	-0.37646103	13.327471	0.96206117	0.24577375	1.4959648	-0.44525868	9536000	6.772857e-05	0.061287865	0.008305382	-0.014273805	-0.024959773	0.7363888	0.006937063	0.089781255	79.0	10394.345110416412
298	0.8941932	0.10416213	1.2974678	0.53224033	1.5468587	-0.5453445	13.154801	0.9707228	0.23466492	1.6373703	-1.1650045	9568000	5.1750336e-05	0.06451539	0.008377023	-0.014830759	-0.02833537	0.7441746	0.009054979	0.09253125	79.0	10429.359070777893
299	0.8858332	0.09585129	1.2952014	0.541959	1.5514324	-0.82778734	13.156043	0.9750898	0.24319194	1.4806714	-0.9152059	9600000	-5.001761e-05	0.072844274	0.008453649	-0.014891722	-0.04211635	0.750117	0.007578538	0.09325001	79.0	10464.44507408142
300	0.8441254	0.13612854	1.2242368	0.607536	1.5453998	-0.40992472	12.950245	0.95599824	0.2661575	1.8254951	-0.46303	9632000	-5.699508e-05	0.081801735	0.008197727	-0.015989928	-0.037324958	0.7240486	0.008948887	0.0968125	79.0	10499.654639720917
301	0.8487507	0.1480645	1.221302	0.6095947	1.5491569	-0.3764105	12.841828	0.9270454	0.29289743	1.5550013	-0.53261226	9664000	3.558956e-05	0.06553477	0.008108698	-0.013467592	-0.02953754	0.7184317	0.005299867	0.08409375	79.0	10534.915767908096
302	0.8688601	0.12785043	1.2558417	0.5748133	1.6	-0.49355	13.213394	0.96327794	0.26497763	1.5944179	-0.52680194	9696000	7.440895e-05	0.058824636	0.008025627	-0.013913594	-0.022954216	0.7177317	0.0072090626	0.0875625	79.0	10570.22715973854
303	0.843725	0.13133927	1.2308198	0.59714824	1.6081593	-0.4079672	13.067545	0.92672646	0.3011766	1.5111561	-1.0798111	9728000	-2.1877699e-05	0.09286213	0.008101849	-0.013488259	-0.047831677	0.72029555	0.0074439673	0.08909375	79.0	10605.478572368622
304	0.9223865	0.07078604	1.348409	0.44659916	1.6081593	-0.4254872	13.457275	0.9561022	0.22801267	1.5303597	-0.8053914	9760000	7.051043e-06	0.053920303	0.008181345	-0.014011085	-0.025114436	0.72470546	0.007521996	0.081	79.0	10640.47857952118
305	0.8850596	0.10320617	1.2848722	0.55228466	1.5423359	-0.8848303	13.0859375	0.979547	0.25067645	1.4907746	-0.94290614	9792000	1.3222918e-05	0.06575312	0.008255951	-0.015723655	-0.03574395	0.73427093	0.008301898	0.094718754	79.0	10675.658897161484
306	0.85873014	0.13130897	1.2476319	0.58765584	1.5522947	-0.820042	12.928455	0.9633557	0.26200047	1.433758	-0.7565563	9824000	1.9164756e-05	0.07546899	0.008178342	-0.015179637	-0.033204433	0.7259871	0.01002745	0.092437506	79.0	10710.933705091476
307	0.8402934	0.14030069	1.2216821	0.6073984	1.5429468	-0.3563372	12.73	0.9379324	0.28379497	1.5399921	-0.63908565	9856000	6.04135e-05	0.077554084	0.008089712	-0.014955428	-0.03957745	0.71145546	0.0072119064	0.087937504	79.0	10746.106343507767
308	0.8390157	0.15257892	1.2066128	0.61518234	1.5703586	-0.441964	13.1504135	0.9485787	0.2708685	1.5079818	-0.8871644	9888000	-7.760804e-05	0.079431415	0.008416034	-0.01362714	-0.031376094	0.7451124	0.0073495973	0.09078124	79.0	10781.177107572556
309	0.85447437	0.13247398	1.2444056	0.5906314	1.6	-0.42862433	12.811389	0.90891945	0.31610486	1.4140186	-0.9296885	9920000	6.62636e-05	0.07993099	0.007756219	-0.013453758	-0.03725852	0.6852798	0.0070839114	0.08284375	79.0	10816.463864326477
310	0.85470617	0.1269936	1.243696	0.57648706	1.6011671	-0.3585066	13.178394	0.9457317	0.24841371	1.4649012	-0.55036485	9952000	2.5797635e-07	0.082922414	0.00828811	-0.01431144	-0.03260688	0.72839606	0.008412086	0.094843745	79.0	10851.701374053955
311	0.8798177	0.11182579	1.275265	0.5503245	1.5470964	-0.8450682	13.142504	0.92909944	0.260499	1.45824	-0.7604538	9984000	0.00017591938	0.08137624	0.00830406	-0.0149906445	-0.034414493	0.73469514	0.008150752	0.09021875	79.0	10886.85130906105
312	0.89111775	0.098765284	1.2971662	0.541932	1.5459965	-0.8489791	13.169288	0.953928	0.2665742	1.5978078	-0.80219316	10016000	-2.3039524e-05	0.06283494	0.00832757	-0.014250776	-0.03289621	0.7465678	0.006654158	0.084156245	79.0	10921.983380794525
313	0.8370104	0.14337295	1.214134	0.6122532	1.548263	-0.54277426	12.890017	0.93899834	0.27783987	1.5524707	-0.8616796	10048000	8.203462e-05	0.09542905	0.008317945	-0.015894115	-0.043633934	0.7292603	0.008970416	0.0901875	79.0	10957.037630081177
314	0.85165155	0.14834845	1.2305521	0.6018519	1.543566	-0.35214254	12.6924925	0.9258951	0.29583883	1.5150752	-0.8078143	10080000	-7.18981e-07	0.060854945	0.008012069	-0.013362652	-0.033151455	0.714306	0.0071371063	0.08478125	79.0	10992.086545944214
315	0.85183764	0.13482314	1.2325702	0.60030043	1.6	-0.45401007	13.070017	0.97309464	0.24529351	1.4360324	-0.3651799	10112000	3.5987236e-05	0.08413026	0.008016521	-0.016419942	-0.043831676	0.71489906	0.010061254	0.09390625	79.0	11026.990234613419
316	0.84759426	0.14106189	1.2331367	0.5944488	1.608051	-0.34621096	12.742777	0.9390104	0.283857	1.5396978	-0.68917096	10144000	4.10676e-05	0.09257689	0.008041797	-0.01526081	-0.043241095	0.7090291	0.008684596	0.094875	79.0	11061.825368881226
317	0.8922578	0.085229695	1.3030328	0.50512433	1.5531594	-0.7595644	13.614298	0.94406277	0.25433308	1.5668478	-0.9662479	10176000	8.412264e-05	0.08931596	0.008348903	-0.0151976645	-0.04767671	0.73598653	0.008110993	0.08984375	79.0	11096.824119567871
318	0.9035318	0.08799417	1.318846	0.51285136	1.5488042	-0.96846914	13.2005	0.9546474	0.25126675	1.528311	-0.8389586	10208000	-3.430061e-06	0.05700904	0.008321824	-0.014974504	-0.032477103	0.73842573	0.0073465947	0.084437504	79.0	11132.034670352936
319	0.87377346	0.1145107	1.271126	0.55823785	1.5553998	-0.4099078	13.107907	0.9735764	0.26369876	1.5882417	-0.7743939	10240000	6.6485256e-05	0.076678805	0.0081690755	-0.016133863	-0.028722133	0.72143996	0.008173227	0.09640625	79.0	11167.288570404053
320	0.84830916	0.1452182	1.2302161	0.60051465	1.548021	-0.37520656	12.602219	0.9506316	0.2704965	1.48231	-0.49303812	10272000	2.3434404e-06	0.064245716	0.007954134	-0.014229979	-0.023472521	0.70593786	0.008300919	0.080875	79.0	11202.361387491226
321	0.8533973	0.13810347	1.2302321	0.5941723	1.570522	-0.44720128	13.127686	0.9397289	0.2933259	1.5548619	-0.88949835	10304000	-3.8120896e-05	0.06408751	0.008328203	-0.015578834	-0.022101924	0.7351722	0.008267499	0.093281254	79.0	11237.59404015541
322	0.8699335	0.11692048	1.2652162	0.56779927	1.6081593	-0.4748611	12.955955	0.94075376	0.28393522	1.438287	-0.6742121	10336000	-1.4404533e-05	0.06370406	0.007909827	-0.013900241	-0.02677424	0.7006881	0.0064341547	0.081562504	79.0	11272.655658960342
323	0.88794154	0.10867947	1.2910844	0.52683634	1.6	-0.34991166	13.135124	0.96052873	0.24367884	1.4963964	-0.5602981	10368000	0.00012529595	0.05251898	0.008044142	-0.015081563	-0.028519016	0.7118133	0.008286909	0.099562496	79.0	11307.574637651443
324	0.8818913	0.10983664	1.2841965	0.5418864	1.553934	-0.7939043	13.064145	0.9767738	0.23949747	1.557309	-0.82343787	10400000	1.2312084e-05	0.08457729	0.008262204	-0.015947174	-0.03594815	0.73102283	0.009548055	0.0930625	79.0	11342.578238248825
325	0.8862699	0.10210194	1.2905258	0.5453556	1.5491569	-0.7330547	13.109091	0.95896447	0.2587674	1.5410783	-0.83373755	10432000	2.3007393e-05	0.062171727	0.008310864	-0.014882807	-0.030145463	0.7425369	0.007947912	0.09278125	79.0	11377.366135835648
326	0.86550295	0.12799862	1.2584879	0.57246417	1.5481557	-0.42187443	12.832795	0.9491788	0.27625254	1.6760778	-0.6022893	10464000	6.661564e-05	0.068400905	0.008009164	-0.016294071	-0.026355963	0.71096146	0.009781744	0.09790625	79.0	11412.457674503326
327	0.8543925	0.14560747	1.2320775	0.5963051	1.5448608	-0.42388582	12.768459	0.9323028	0.29424283	1.5247351	-0.97045696	10496000	1.0897405e-05	0.050605096	0.008089695	-0.014066473	-0.022042956	0.7158915	0.007178311	0.0834375	79.0	11447.579903364182
328	0.85987294	0.1268122	1.2474701	0.585373	1.6	-0.42989835	13.089521	0.9716296	0.24551883	1.4004807	-0.64882946	10528000	3.111828e-05	0.07682659	0.00797208	-0.0165889	-0.034664035	0.71136606	0.01008567	0.09509375	79.0	11482.543050050735
329	0.87424827	0.112428494	1.279301	0.5479785	1.608051	-0.3865768	12.990589	0.94697165	0.26083228	1.524051	-0.5140075	10560000	4.282687e-06	0.083616026	0.008006465	-0.014849162	-0.03488995	0.70703244	0.009351455	0.105187505	79.0	11517.534180879593
330	0.8606121	0.12607534	1.2515671	0.57228374	1.5576776	-0.3460496	13.021346	0.95104396	0.25898984	1.5940921	-1.0703725	10592000	6.1766244e-05	0.09261138	0.008269922	-0.016713308	-0.040883213	0.7324199	0.009520926	0.0969375	79.0	11552.827656269073
331	0.87745404	0.11102715	1.2723771	0.5720202	1.5489467	-0.85963756	13.026187	0.92996496	0.28531474	1.4442555	-0.94438684	10624000	-4.4476707e-05	0.06668715	0.008337222	-0.014387319	-0.033979982	0.7418196	0.0082579125	0.085187495	79.0	11588.048226594925
332	0.848019	0.14708836	1.2315838	0.6037348	1.5472656	-0.37340456	12.645469	0.9551764	0.28386325	1.6081947	-0.70784485	10656000	-9.430572e-06	0.08042495	0.0081212465	-0.015781445	-0.032635756	0.72149944	0.0076171313	0.09056249	79.0	11622.988355875015
333	0.8460548	0.14740843	1.2301066	0.60114366	1.5494361	-0.39981356	12.518082	0.95207846	0.2641308	1.5381899	-0.7012204	10688000	0.00020706281	0.066205636	0.007882375	-0.014975656	-0.027008343	0.7008345	0.0074239527	0.08578125	79.0	11658.105649471283
334	0.8824967	0.11234186	1.280365	0.53565526	1.5667827	-0.39959508	13.347899	0.97017986	0.25547385	1.4534163	-0.69814503	10720000	-0.00012255274	0.05846496	0.0083334455	-0.014595685	-0.031111917	0.7383907	0.00733409	0.0889375	79.0	11693.307264089584
335	0.8589203	0.11965256	1.2566187	0.57402086	1.6081593	-0.41194066	13.028735	0.9482041	0.29671732	1.6460897	-0.7736889	10752000	7.605925e-05	0.09060012	0.008169242	-0.01613793	-0.04268179	0.714345	0.008845788	0.0921875	79.0	11728.517705440521
336	0.88259315	0.11574021	1.2818823	0.54484016	1.6053554	-0.4496273	12.993453	0.94800633	0.237276	1.5861075	-0.49101067	10784000	-2.35904e-06	0.070361614	0.008227322	-0.014956847	-0.029448356	0.72949964	0.0095389	0.10446875	79.0	11763.544391155243
337	0.87431705	0.101841986	1.2683109	0.56484944	1.5482147	-0.8559133	13.388468	0.9333335	0.2973006	1.495118	-1.0733227	10816000	-3.7310645e-05	0.0864819	0.0087318905	-0.015970591	-0.040034026	0.7703906	0.010751909	0.099125	79.0	11798.810781240463
338	0.8751921	0.11982983	1.2791481	0.55801654	1.5502974	-0.4293679	12.926948	0.96161216	0.2508185	1.4520799	-2.0315123	10848000	-4.7804206e-05	0.07362767	0.00828401	-0.015347302	-0.032556534	0.74100024	0.0092533035	0.098812506	79.0	11833.757327079773
339	0.8507199	0.13459657	1.238525	0.59330565	1.547737	-0.3946508	12.764446	0.95022273	0.26234978	1.4276142	-0.66164255	10880000	-1.1579134e-05	0.078526385	0.0082134735	-0.016232498	-0.038412496	0.7261482	0.007833763	0.08934375	79.0	11868.910441875458
340	0.8809751	0.11735822	1.275854	0.547449	1.5470146	-0.42954278	13.200249	0.9576306	0.26429477	1.5026041	-0.7849568	10912000	7.436657e-05	0.051025793	0.008209395	-0.0144225	-0.023992443	0.72651917	0.0077923965	0.09440625	79.0	11904.061768054962
341	0.8601215	0.12980798	1.2494233	0.57904124	1.6	-0.41083232	13.051724	0.9520957	0.28397962	1.4489893	-1.2543508	10944000	5.515758e-05	0.07382755	0.007964324	-0.01444476	-0.025376417	0.7085412	0.009187101	0.088625	79.0	11939.182205438614
342	0.86441857	0.12912847	1.2574217	0.57436126	1.6	-0.30992925	12.689696	0.959191	0.2418665	1.4561214	-0.83045113	10976000	-5.842559e-05	0.073232956	0.008107837	-0.015112788	-0.036513284	0.7206415	0.009715305	0.09353125	79.0	11974.330562353134
343	0.89761865	0.09234983	1.3036453	0.520909	1.548024	-0.9717639	13.211858	0.96513623	0.2287268	1.5150309	-1.3575422	11008000	-0.000121479854	0.075824164	0.008386148	-0.016864292	-0.030927215	0.7392594	0.011588998	0.10665625	79.0	12009.491585493088
344	0.8884715	0.10330428	1.2937988	0.54475516	1.547902	-0.8939398	13.039409	0.9560082	0.28238082	1.5890536	-0.8585994	11040000	-8.573383e-05	0.059001602	0.008362694	-0.015506849	-0.027370742	0.7447405	0.009600993	0.10884375	79.0	12044.560648679733
345	0.86807835	0.12382457	1.2642176	0.56949896	1.5591569	-0.3770931	12.821256	0.9627809	0.23965347	1.4359868	-0.7610522	11072000	-6.472599e-05	0.080323145	0.008080066	-0.01574626	-0.043219633	0.7172698	0.00916807	0.097593755	79.0	12079.817207574844
346	0.8348402	0.16032809	1.2019821	0.63216436	1.5452577	-0.40074825	12.611508	0.95670944	0.26638186	1.4678589	-0.81032777	11104000	6.8377703e-06	0.073101826	0.00796611	-0.015065911	-0.03780337	0.699342	0.008931366	0.0915625	79.0	12114.934860944748
347	0.8802676	0.1147099	1.2745286	0.5576661	1.5659374	-0.45834008	13.250416	0.95119673	0.28170952	1.4571959	-0.80413616	11136000	4.748255e-05	0.062147573	0.008147722	-0.014343001	-0.032403413	0.723876	0.008385271	0.08596875	79.0	12150.210691690445
348	0.87535226	0.11153139	1.2796195	0.5480556	1.6081593	-0.4876667	13.036885	0.9355164	0.28767157	1.4513718	-0.72517926	11168000	8.140411e-05	0.07448386	0.007993259	-0.014829172	-0.027021123	0.7068332	0.007788426	0.085906245	79.0	12185.132548570633
349	0.8780265	0.1153069	1.2734305	0.5515928	1.6	-0.45686042	13.0573435	0.96633	0.21435046	1.5759754	-0.4980802	11200000	2.6523136e-05	0.06630722	0.008226005	-0.016716978	-0.025982767	0.72846997	0.010614992	0.10309375	79.0	12220.122194290161
350	0.87331724	0.1151173	1.2661738	0.5656883	1.5539774	-0.7865412	12.981178	0.9618972	0.24602886	1.4990443	-1.4199091	11232000	-3.763195e-05	0.07611586	0.008276355	-0.015966326	-0.033780307	0.73423797	0.009153565	0.096	79.0	12255.205818891525
351	0.8517903	0.14173535	1.2376416	0.59111255	1.5502394	-0.4455969	12.801292	0.9558207	0.26117304	1.579074	-0.8092535	11264000	-3.5641715e-06	0.07207232	0.0082801515	-0.015626378	-0.031284444	0.7328614	0.007566391	0.096625	79.0	12290.198673009872
352	0.85941976	0.1324388	1.2548485	0.5750595	1.5493108	-0.3991986	12.686	0.9408834	0.29655606	1.6375504	-1.27725	11296000	-5.9204176e-05	0.072091125	0.007915835	-0.01424657	-0.031018889	0.6960869	0.007975021	0.08540625	79.0	12325.373844623566
353	0.85011023	0.14653395	1.226807	0.60405785	1.5529317	-0.40969065	12.957178	0.9405804	0.26019198	1.4197681	-0.5076891	11328000	-2.6058406e-05	0.077973634	0.0081367465	-0.014224799	-0.028527992	0.7189201	0.006224683	0.08659375	79.0	12360.562568426132
354	0.87732923	0.11259654	1.2739033	0.5622958	1.6	-0.5222131	13.036007	0.9288469	0.28989524	1.5147662	-0.93239254	11360000	-0.00010137819	0.06609774	0.007865149	-0.014971889	-0.03197307	0.69762045	0.008800962	0.093875	79.0	12395.52529668808
355	0.88209105	0.103161395	1.2859277	0.53675896	1.6	-0.50485647	13.083608	0.9699246	0.23724398	1.4545388	-0.6099522	11392000	2.9605813e-05	0.059079308	0.008072313	-0.016011547	-0.026039721	0.7164266	0.008758998	0.094718754	79.0	12430.73160982132
356	0.9138503	0.07776709	1.3362793	0.47029585	1.5481594	-0.7297823	13.308947	0.9959602	0.20487073	1.502563	-1.0692163	11424000	6.272085e-05	0.060487084	0.008028595	-0.015479733	-0.02588763	0.7085159	0.007779017	0.0915	79.0	12466.154136419296
357	0.89015436	0.10159714	1.2978735	0.5312321	1.5541569	-0.7887901	13.04523	0.97296095	0.262077	1.4249685	-0.8377196	11456000	-5.007349e-05	0.05529293	0.008199649	-0.01572279	-0.025369797	0.7288475	0.009593785	0.101125	79.0	12501.21064710617
358	0.87058955	0.12305247	1.2644776	0.5614142	1.5564324	-0.36034673	12.841935	0.9762467	0.22596768	1.7328713	-0.54631436	11488000	-6.715697e-05	0.06828691	0.008077553	-0.015701814	-0.029901117	0.7096468	0.0080291005	0.094375	79.0	12536.309794425964
359	0.8469606	0.13316214	1.2282327	0.5994694	1.5543041	-0.39809504	13.127686	0.9341746	0.3047018	1.5393821	-0.83590364	11520000	-6.1336905e-06	0.081352636	0.008125225	-0.01530923	-0.042302176	0.7143288	0.007885375	0.08940625	79.0	12571.370055437088
360	0.8550892	0.12958753	1.2351675	0.5918277	1.6081593	-0.46802858	13.2629385	0.95097953	0.25746617	1.5333757	-0.40823132	11552000	-6.210059e-06	0.08700758	0.008248897	-0.015758423	-0.041484244	0.72678196	0.0077605117	0.09425	79.0	12606.240859508514
361	0.84855795	0.13020837	1.2316662	0.60075593	1.6081593	-0.4748467	12.960912	0.91592544	0.29714528	1.4837028	-0.7116518	11584000	5.508447e-05	0.0990618	0.008063624	-0.016030027	-0.042879526	0.71238655	0.009334089	0.104156256	79.0	12641.392100811005
362	0.89938307	0.09388272	1.3124799	0.5043597	1.6	-0.35391146	13.1504135	0.94387835	0.2314895	1.4809896	-0.8137573	11616000	-6.035203e-06	0.059913382	0.008105081	-0.015770713	-0.029184166	0.7175518	0.00791984	0.0974375	79.0	12676.53223490715
363	0.90329504	0.07614486	1.3165905	0.5133594	1.5525	-0.81776553	13.525935	0.9686195	0.24656412	1.5246029	-1.3190422	11648000	-3.6790036e-05	0.07078037	0.008345283	-0.015855704	-0.035846762	0.7393469	0.0090392195	0.0926875	79.0	12711.77548456192
364	0.87839043	0.111630365	1.276512	0.55679286	1.5572536	-0.69681257	13.088963	0.95842576	0.26977155	1.3881117	-0.9618319	11680000	5.103275e-05	0.0764694	0.008293904	-0.016696021	-0.031091785	0.7292651	0.008198859	0.0953125	79.0	12747.098612308502
365	0.8575006	0.12604752	1.2472266	0.5821001	1.551264	-0.5218642	12.867099	0.9388254	0.2789324	1.4891872	-0.9473394	11712000	5.103834e-05	0.06672644	0.008094311	-0.016776923	-0.031684406	0.7093091	0.010452077	0.09590625	79.0	12782.29206109047
366	0.86699736	0.13129035	1.2550701	0.57537144	1.548566	-0.48410118	13.094472	0.9591545	0.2673105	1.5416179	-0.73226476	11744000	5.215034e-05	0.063784935	0.008146664	-0.014580464	-0.025009915	0.7161857	0.008165337	0.095656246	79.0	12817.44215631485
367	0.8592408	0.1291752	1.2453953	0.59050983	1.6	-0.44737265	13.037704	0.953511	0.26135558	1.4878173	-0.7877518	11776000	0.000101707876	0.078716576	0.008045921	-0.017701179	-0.032114517	0.7125713	0.008958429	0.09953125	79.0	12852.612211942673
368	0.8974185	0.0975359	1.3082596	0.51655483	1.6081593	-0.43259552	13.015164	0.9580544	0.23105039	1.481087	-0.57820106	11808000	-3.5332516e-05	0.06091717	0.008024529	-0.016419003	-0.028690169	0.7094207	0.007499019	0.0954375	79.0	12887.753992795944
369	0.9082308	0.08680955	1.3239969	0.49647522	1.5530951	-0.7627361	13.105848	0.97963303	0.23339018	1.6363381	-1.196173	11840000	-6.6576526e-05	0.052905522	0.008086152	-0.015772544	-0.025438951	0.71360385	0.0077205985	0.09375	79.0	12922.81705546379
370	0.90076804	0.089024864	1.3120022	0.52413034	1.5543814	-0.86624104	13.18397	0.97666055	0.2611312	1.4371806	-0.8812517	11872000	-1.0530464e-05	0.050644547	0.008214261	-0.01593182	-0.016109755	0.73004234	0.010257748	0.09703125	79.0	12957.903859138489
371	0.8864165	0.10198029	1.2916354	0.5393831	1.5541569	-0.72157824	13.10396	0.97230554	0.23016617	1.8184059	-0.5867915	11904000	0.00011080131	0.07646796	0.008091854	-0.015447885	-0.036305025	0.71169496	0.0067669675	0.093062505	79.0	12993.302387237549
372	0.8763839	0.11701229	1.275636	0.55601466	1.5591569	-0.37104416	12.892101	0.97245693	0.26074442	1.4484366	-0.51699924	11936000	-4.1864812e-05	0.05024601	0.007894692	-0.015937487	-0.02514238	0.6959168	0.00942914	0.09240624	79.0	13028.400836706161
373	0.87899196	0.1158711	1.274632	0.55741626	1.5659374	-0.4435025	13.168189	0.97163606	0.23491292	1.4120581	-0.5882861	11968000	6.150128e-05	0.058335092	0.008058274	-0.014768433	-0.019617755	0.7173227	0.006919073	0.090625	79.0	13063.542249202728
374	0.8931588	0.10176641	1.3022335	0.5330883	1.6053554	-0.43775442	12.903565	0.96240383	0.26849258	1.7380382	-0.6652911	12000000	5.8617443e-06	0.05058437	0.007771222	-0.0152423605	-0.024076756	0.68685365	0.007567319	0.08996875	79.0	13098.81073141098
375	0.90501237	0.083204135	1.3260467	0.48543093	1.6081593	-0.33935288	13.257095	0.98436195	0.21927176	1.5341887	-0.71562916	12032000	-3.7028454e-05	0.060721826	0.008187649	-0.016496457	-0.028443947	0.7230276	0.008883944	0.097875	79.0	13133.832696676254
376	0.91686213	0.06778597	1.339594	0.4806936	1.5525	-0.7850888	13.491526	0.97284275	0.24149203	1.4663131	-0.85545826	12064000	9.0835616e-05	0.05348659	0.008363849	-0.014652375	-0.026222188	0.7356466	0.0068892324	0.08571875	79.0	13168.956811904907
377	0.8944166	0.09895947	1.3081274	0.5242895	1.5591569	-0.7589727	13.041254	0.99951655	0.21606043	1.378582	-0.69676626	12096000	1.3991259e-05	0.06833084	0.008089687	-0.015083274	-0.034239143	0.7146828	0.0074772695	0.09384375	79.0	13204.307562828064
378	0.87201726	0.11509554	1.2728125	0.56505114	1.5641569	-0.68112504	12.76843	0.96020716	0.2650133	1.4997209	-0.5378072	12128000	0.00011862349	0.06054561	0.0078113675	-0.015395755	-0.029316997	0.6886505	0.00803783	0.09203125	79.0	13239.535951852798
379	0.86886144	0.13113853	1.2547704	0.5871606	1.5529317	-0.47572145	12.825807	0.9650577	0.2684382	1.5003963	-0.8596621	12160000	6.153621e-05	0.06562946	0.007910594	-0.01411899	-0.030840266	0.6979387	0.0060965344	0.08325	79.0	13274.87258219719
380	0.88666487	0.10675506	1.2899817	0.5448477	1.6031593	-0.47735915	13.04844	0.95206344	0.27236238	1.4847761	-0.8104069	12192000	-0.00014728401	0.05814773	0.00782326	-0.015778817	-0.023789942	0.69075143	0.009199103	0.09384374	79.0	13310.252173185349
381	0.8869942	0.09627114	1.2955418	0.5252935	1.6081593	-0.37071195	13.202736	0.97710353	0.23080337	1.415812	-0.5459143	12224000	-3.917585e-05	0.081038006	0.00816849	-0.01692806	-0.038501263	0.7180152	0.008628118	0.09434375	79.0	13345.535454511642
382	0.90829515	0.08313145	1.3274593	0.49488273	1.6081593	-0.7545477	13.089374	0.9787098	0.22536835	1.4907541	-1.129525	12256000	-0.00012654159	0.060103223	0.007973888	-0.0156150805	-0.02559318	0.70167005	0.007334112	0.090718746	79.0	13380.419108390808
383	0.9051581	0.08308274	1.3293399	0.492184	1.5514324	-0.7816407	13.221298	0.9754327	0.2442903	1.426492	-0.835216	12288000	0.000118280295	0.059894763	0.008127864	-0.0152373575	-0.03255283	0.7199602	0.007308194	0.088250004	79.0	13415.61511015892
384	0.89364684	0.09794616	1.3095921	0.51425314	1.5591569	-0.45952055	12.980392	0.9673885	0.26055762	1.4686453	-1.0824375	12320000	-3.4922734e-05	0.07142473	0.007988191	-0.015946768	-0.035030857	0.6988096	0.008852007	0.102	79.0	13450.964328289032
385	0.8708055	0.122569375	1.2686461	0.569155	1.5484929	-0.3787134	12.827544	0.97270966	0.25143412	1.484252	-1.0037537	12352000	8.2482584e-05	0.05491819	0.007852278	-0.01529504	-0.026293375	0.6890801	0.008042821	0.09325	79.0	13486.181340456009
386	0.88291615	0.1104599	1.2817007	0.5483727	1.5740968	-0.4500513	13.118595	0.95414597	0.27226204	1.4137714	-1.1169784	12384000	7.0286915e-05	0.06374103	0.007983938	-0.01580635	-0.02697958	0.7028701	0.010709272	0.105000004	79.0	13521.31460738182
387	0.8869698	0.10651482	1.2987568	0.53379357	1.6081593	-0.42901132	12.863269	0.9634939	0.25784633	1.5643221	-1.0969772	12416000	1.6222708e-05	0.06552688	0.007783328	-0.016039241	-0.02828022	0.6820487	0.011881632	0.09953125	79.0	13556.438799619675
388	0.8916364	0.101695254	1.3006347	0.5188436	1.6	-0.4776437	13.03982	0.9719719	0.2137153	1.5209159	-0.5907024	12448000	3.0958094e-05	0.065849654	0.008083541	-0.016693639	-0.023356998	0.70816046	0.0076296153	0.09646875	79.0	13591.743454694748
389	0.9100912	0.07805757	1.3264138	0.5014793	1.5476776	-0.81832993	13.218802	0.962646	0.25642094	1.5537223	-1.0612032	12480000	5.6464225e-05	0.056126524	0.008311173	-0.015877478	-0.026769426	0.72588515	0.008537596	0.098406255	79.0	13626.866163492203
390	0.90279126	0.093914114	1.3203524	0.50365126	1.5641569	-0.68225867	12.993464	0.984254	0.24974899	1.4800419	-0.8518951	12512000	0.00010840595	0.0541657	0.008036945	-0.0159102	-0.021326907	0.70417523	0.009001675	0.0946875	79.0	13662.076387643814
391	0.8718659	0.12168005	1.2737734	0.5617842	1.5569857	-0.38658014	12.574762	0.9720331	0.25440815	1.4482328	-0.8224697	12544000	6.5085944e-05	0.055459008	0.007815822	-0.01586518	-0.0229997	0.68157154	0.008421431	0.091625005	79.0	13697.204494476318
392	0.8629006	0.1287174	1.2526318	0.57925695	1.5659374	-0.40618947	13.003273	0.9566047	0.27435365	1.6870394	-1.038785	12576000	-2.8274953e-05	0.084332764	0.008130557	-0.016074814	-0.034440316	0.7114463	0.008985306	0.096781254	79.0	13732.298461675644
393	0.89848125	0.09980647	1.3166336	0.51041085	1.6081593	-0.44790456	12.844912	0.9521615	0.24618942	1.3836102	-0.80908024	12608000	-4.410045e-06	0.05341015	0.007534764	-0.01430086	-0.024180274	0.65973836	0.0078661265	0.08346875	79.0	13767.463601350784
394	0.89152944	0.10504595	1.3035041	0.5181986	1.6081593	-0.35053682	12.916396	1.0034314	0.19618636	1.4766858	-0.51940185	12640000	-1.3616402e-05	0.05706294	0.007929331	-0.015805202	-0.021439277	0.6963196	0.008783777	0.0905	79.0	13802.481714487076
395	0.9135487	0.08313986	1.3365483	0.48200577	1.5531594	-0.8244084	12.936275	0.98253137	0.19574216	1.5903581	-0.90612364	12672000	5.650241e-05	0.04845923	0.008007431	-0.015597891	-0.022921465	0.7013336	0.008551033	0.096625	79.0	13837.593381643295
396	0.88710487	0.10291525	1.2905803	0.553515	1.5472656	-0.7995123	13.013502	0.98594356	0.25303817	1.4359608	-0.7705155	12704000	-3.4224242e-05	0.06110543	0.0081052445	-0.016481996	-0.032469448	0.7141661	0.009947822	0.097625	79.0	13872.792757034302
397	0.85915476	0.11790757	1.2612975	0.5671929	1.5543814	-0.3838391	12.872977	0.96216756	0.2619926	1.4221555	-0.7307619	12736000	5.85597e-05	0.08964463	0.008104529	-0.016921498	-0.038485665	0.70302606	0.010006048	0.10250001	79.0	13907.936762332916
398	0.8707197	0.1292803	1.2638404	0.5749951	1.5484929	-0.36196774	12.571598	0.95099366	0.26936004	1.4923017	-1.8230265	12768000	1.7791986e-05	0.057097882	0.007872139	-0.014976042	-0.02683488	0.68705666	0.008753874	0.09834375	79.0	13943.11294388771
399	0.880946	0.11416251	1.2821461	0.54689175	1.6	-0.478993	13.016367	0.9716881	0.24631625	1.4233166	-0.7188971	12800000	6.445497e-05	0.07104249	0.007912902	-0.01667612	-0.028805004	0.69501966	0.008778979	0.097125	79.0	13978.274257183075
