Epoch	SuccessRate	CollRate	AverageEpRet	StdEpRet	MaxEpRet	MinEpRet	EpLen	AverageVVals	StdVVals	MaxVVals	MinVVals	TotalEnvInteracts	LossPi	LossV	DeltaLossPi	DeltaLossV	Entropy	KL	ClipFrac	StopIter	Time
0	0.0	0.18923612	-0.62795573	0.19082935	-0.1721102	-0.98796237	25.890411	0.015566219	0.103793845	0.31610993	-0.29854244	8000	-5.3085387e-08	0.08944768	-0.022747718	-0.07779816	2.8051007	0.01516328	0.289	9.0	1.0671741962432861
1	0.0	0.37444156	-0.38822678	0.13134485	-0.16080767	-0.8070188	20.771978	-0.227389	0.07810047	-0.01184785	-0.4963362	16000	-2.2351742e-08	0.015006859	-0.021953164	-0.008239382	2.7991343	0.015097169	0.388	14.0	1.9669733047485352
2	0.0	0.3350913	-0.23850892	0.13491546	0.14765227	-0.5582222	21.632183	-0.17704937	0.06480378	0.08608945	-0.32438385	24000	2.0489097e-08	0.014668707	-0.030272868	-0.009554274	2.7740078	0.016632993	0.338625	13.0	2.8883461952209473
3	0.010416667	0.40120924	-0.11608862	0.18966192	1.179078	-0.577893	20.97826	-0.10288463	0.074461564	0.1480929	-0.3406619	32000	1.4901161e-08	0.021782592	-0.019842617	-0.012692193	2.7252734	0.016073281	0.275125	10.0	3.7694954872131348
4	0.023685517	0.6384089	-0.09721423	0.23841463	1.2571411	-0.46544474	15.128968	-0.05997429	0.10999411	0.30705783	-0.41410327	40000	1.1641532e-08	0.043210328	-0.011295498	-0.020704294	2.672717	0.016400985	0.23275	12.0	4.708241701126099
5	0.07564418	0.7316488	-0.016850619	0.37062457	1.416535	-0.30637157	12.541667	-0.024248928	0.11269475	0.32892793	-0.37734875	48000	1.1175871e-08	0.09898445	-0.01738642	-0.042917006	2.587738	0.011547948	0.11225	79.0	5.847179889678955
6	0.070244566	0.7882749	-0.028484372	0.36858585	1.3969095	-0.3417141	9.987113	-0.003220162	0.20176172	0.6645149	-0.58740324	56000	1.8626451e-08	0.12135853	-0.020921793	-0.085496955	2.5151887	0.011911811	0.152125	79.0	7.020218133926392
7	0.07146366	0.8025984	-0.025516883	0.38419268	1.3843889	-0.32172662	10.196809	0.005908125	0.34055528	1.2275946	-0.58445966	64000	1.8626451e-09	0.19096905	-0.010721045	-0.13791317	2.5245218	0.015187674	0.139875	13.0	7.92347264289856
8	0.09018518	0.6910585	0.00982083	0.41821927	1.3889275	-0.32709756	12.532895	-0.03409849	0.26607263	1.0218775	-0.90286726	72000	3.7252903e-09	0.19144017	-0.023794139	-0.14679381	2.5634546	0.013815414	0.1645	79.0	9.085878849029541
9	0.15025187	0.634282	0.1064992	0.5086745	1.4178007	-0.3488289	14.3125	0.113389894	0.26654097	1.0547131	-0.60668725	80000	2.2351742e-08	0.2112489	-0.021999218	-0.12215254	2.5286255	0.009247192	0.128125	79.0	10.235477924346924
10	0.24477181	0.5515815	0.24094442	0.62109137	1.4314393	-0.30368713	15.009766	0.09027543	0.21705756	0.8631129	-0.56068516	88000	1.1175871e-08	0.21999478	-0.025789052	-0.10591452	2.5127363	0.011639525	0.14037499	79.0	11.41084599494934
11	0.115859	0.752811	0.047801748	0.47861895	1.4384093	-0.35648268	11.366279	0.19525112	0.2673932	1.2213479	-0.4696281	96000	-3.7252903e-09	0.21630087	-0.027009698	-0.13278762	2.483249	0.0116679715	0.14987499	79.0	12.56718373298645
12	0.11205545	0.69386446	0.04905398	0.45511526	1.3991101	-0.3324385	12.873311	0.12795599	0.25777096	0.88255334	-0.65909904	104000	5.5879354e-09	0.16343154	-0.026311936	-0.087174594	2.4863448	0.012247261	0.148625	79.0	13.738915920257568
13	0.1253925	0.7279377	0.041214637	0.47248384	1.4186691	-0.28442523	11.868827	0.11181791	0.2274305	0.87864137	-0.64628744	112000	1.4901161e-08	0.161464	-0.029266408	-0.101096585	2.478222	0.013032489	0.17725	79.0	14.87824559211731
14	0.18529944	0.6700874	0.14464645	0.5791198	1.468201	-0.3081955	11.9811325	0.07411349	0.25544682	1.2200804	-0.61066747	120000	-7.450581e-09	0.21808484	-0.030650938	-0.13014205	2.443634	0.014541513	0.18062499	79.0	16.049295902252197
15	0.18081644	0.6184334	0.14254718	0.5776056	1.4955347	-0.2973249	13.005068	0.18249102	0.33080342	1.1809111	-0.51931566	128000	-1.3969839e-09	0.24578291	-0.028463682	-0.14044416	2.4181762	0.011845415	0.166375	79.0	17.28250288963318
16	0.2687516	0.50398993	0.28318682	0.6593422	1.4535073	-0.2854464	15.0337305	0.15044516	0.31940144	1.2029845	-0.58774996	136000	1.0244548e-08	0.23060757	-0.021622287	-0.12074088	2.4239264	0.01507332	0.140875	38.0	18.258567094802856
17	0.30663332	0.58247244	0.3234978	0.673505	1.443316	-0.2806262	12.934564	0.26596764	0.3095131	1.063565	-0.6214272	144000	1.8626451e-09	0.20542766	-0.027895235	-0.10638514	2.4138622	0.011711856	0.15762499	79.0	19.567665100097656
18	0.3117482	0.47657716	0.34660107	0.6841923	1.4625715	-0.3411144	15.0703125	0.3743407	0.36126372	1.4148371	-0.7771448	152000	8.381903e-09	0.2644528	-0.03300774	-0.1707268	2.4117537	0.014259467	0.18062499	79.0	20.745837926864624
19	0.24940857	0.6347697	0.24374576	0.65119976	1.4478333	-0.30772236	12.317307	0.31599268	0.3295042	1.1152184	-0.35702583	160000	7.450581e-09	0.23475364	-0.030857716	-0.123432636	2.3917594	0.01500651	0.177	64.0	21.883582592010498
20	0.38498315	0.5086955	0.4281959	0.7154622	1.4906723	-0.30279368	13.84058	0.2697821	0.33301157	1.2658389	-0.75846267	168000	1.4901161e-08	0.252002	-0.02127939	-0.15933205	2.362752	0.015098423	0.1665	21.0	22.819026708602905
21	0.45919353	0.4183985	0.54530936	0.74192953	1.4639624	-0.3691501	14.970472	0.47565353	0.33547226	1.2662141	-0.32229567	176000	-7.450581e-09	0.22679147	-0.027333084	-0.12768537	2.344767	0.015088765	0.17250001	64.0	23.99558663368225
22	0.49584728	0.39796013	0.5792366	0.7578331	1.4843845	-0.32869223	14.276316	0.5648422	0.32971555	1.5459181	-0.24680789	184000	5.5879354e-09	0.2814279	-0.031209808	-0.18148074	2.3179078	0.014493326	0.206	79.0	25.136990785598755
23	0.3659683	0.5022543	0.41171956	0.7320145	1.4627212	-0.32835817	13.713768	0.49958307	0.3362893	1.3940337	-0.37126076	192000	9.313226e-09	0.23676744	-0.031054951	-0.13887092	2.3138652	0.012724311	0.171	79.0	26.308214902877808
24	0.46042955	0.45231336	0.5318968	0.7545451	1.4878361	-0.45612037	14.233577	0.48657057	0.35509855	1.3230772	-0.39792097	200000	0.0	0.23508346	-0.035156094	-0.1456866	2.314314	0.014387667	0.19825	79.0	27.43369197845459
25	0.49326712	0.4317227	0.6006189	0.7662406	1.4842272	-0.33189395	13.681655	0.5231179	0.3152028	1.294004	-0.5526475	208000	-1.8626451e-09	0.16810088	-0.027168917	-0.09705745	2.2685373	0.015007243	0.182875	36.0	28.456716537475586
26	0.5285003	0.42785007	0.6491698	0.7686841	1.495529	-0.2807059	13.563829	0.6421699	0.35539818	1.4145472	-0.51674974	216000	-1.1175871e-08	0.17395169	-0.035399344	-0.10403848	2.2100525	0.01300164	0.198	79.0	29.581146240234375
27	0.4762529	0.46017873	0.5691383	0.7846013	1.4882311	-0.34627247	12.869127	0.6124879	0.34237444	1.4828895	-0.6737954	224000	1.8626451e-09	0.22742438	-0.034472123	-0.13752359	2.2318192	0.013776044	0.205875	79.0	30.771726369857788
28	0.5546627	0.3607391	0.713664	0.76294744	1.5128467	-0.38300082	14.696154	0.55746025	0.37023187	1.3817514	-0.6060087	232000	1.8626451e-09	0.2642834	-0.03121534	-0.17909566	2.1973395	0.015073843	0.185	66.0	31.86319136619568
29	0.43106693	0.47367015	0.459696	0.74691296	1.4848179	-0.3437269	12.958904	0.49127325	0.34580994	1.5166008	-0.6524513	240000	2.6077032e-08	0.2160481	-0.03635185	-0.11324534	2.2104027	0.012286488	0.213625	79.0	33.04850482940674
30	0.4163586	0.4943609	0.49309394	0.76297396	1.5124708	-0.33337945	13.026667	0.48463005	0.3405245	1.2675663	-0.41194636	248000	0.0	0.23968183	-0.03310056	-0.13293676	2.172997	0.015081794	0.181	68.0	34.16665172576904
31	0.40649098	0.5061805	0.47659627	0.7524988	1.5087533	-0.31785783	12.866776	0.42300072	0.34492582	1.3307806	-0.494749	256000	0.0	0.19473952	-0.03432568	-0.09668983	2.1858923	0.015045458	0.18362501	63.0	35.284242153167725
32	0.5130031	0.44089082	0.6291753	0.77495116	1.5167917	-0.32696143	13.181507	0.468615	0.35691822	1.487882	-0.723909	264000	-5.5879354e-09	0.25991115	-0.036075335	-0.17136948	2.1362977	0.015012369	0.214125	69.0	36.390254974365234
33	0.45882934	0.46160713	0.5475558	0.7770856	1.4884062	-0.31993216	13.159396	0.5691625	0.37540382	1.3850133	-0.4685605	272000	-2.7939677e-09	0.23844777	-0.03960298	-0.14452317	2.146772	0.012129059	0.225125	79.0	37.56219530105591
34	0.5319764	0.41584766	0.6511687	0.792257	1.495776	-0.3731506	12.813759	0.561548	0.35661888	1.3596168	-0.5998818	280000	1.21071935e-08	0.17217281	-0.037016056	-0.094332665	2.074984	0.014176898	0.19275	79.0	38.78885507583618
35	0.59406024	0.34223434	0.75491035	0.77761286	1.497816	-0.35938174	13.806338	0.62159705	0.33371833	1.3206803	-0.66679966	288000	0.0	0.19151965	-0.035788015	-0.115334064	2.040402	0.014877939	0.22175	79.0	39.924323320388794
36	0.62798756	0.31289268	0.800664	0.77545506	1.50515	-0.4964043	14.085145	0.6240004	0.34492573	1.4744691	-0.534453	296000	1.8626451e-08	0.18134584	-0.02670539	-0.11355905	2.0283604	0.015149389	0.1805	36.0	41.003997802734375
37	0.5523157	0.34631366	0.6701363	0.7959143	1.4969277	-0.42019865	13.946428	0.6926159	0.36565426	1.6086501	-0.36988342	304000	-9.313226e-09	0.21611957	-0.030042881	-0.13131076	2.063817	0.015043884	0.16762501	36.0	41.98299503326416
38	0.55533683	0.41674834	0.68739516	0.78999794	1.5346183	-0.38992792	13.051021	0.5947573	0.4050774	1.4347718	-0.72480226	312000	-3.7252903e-09	0.19777615	-0.03171935	-0.11792856	2.0236259	0.01500636	0.18274999	53.0	43.1272075176239
39	0.5711575	0.38014892	0.71043074	0.7850981	1.5075893	-0.39974862	14.280075	0.6143093	0.35351184	1.3053467	-0.5825319	320000	3.7252903e-09	0.19394118	-0.034590103	-0.10092801	2.015746	0.01501717	0.20199999	75.0	44.24163031578064
40	0.55711806	0.37881947	0.66017133	0.82509977	1.5000228	-1.0219736	14.356343	0.6778828	0.31690246	1.3250806	-0.37443364	328000	-2.4214387e-08	0.25342703	-0.034131646	-0.16229807	2.0106068	0.015079234	0.20324999	72.0	45.479846477508545
41	0.5491185	0.41293	0.68720084	0.79932034	1.5035456	-0.6336686	13.8089285	0.5694326	0.37719044	1.3208344	-0.7844933	336000	0.0	0.19499238	-0.035085246	-0.11011738	1.9651483	0.015049787	0.20987499	79.0	46.60612201690674
42	0.71726745	0.19817743	0.9505248	0.742853	1.5178661	-0.7118028	15.987804	0.6942701	0.34585628	1.33549	-0.45179838	344000	-2.7939677e-09	0.18242948	-0.027558237	-0.10818769	1.9178097	0.015152839	0.186125	38.0	47.61263561248779
43	0.72493625	0.23242578	0.9714214	0.7423956	1.5239589	-0.5526708	14.428572	0.70811427	0.36084533	1.412086	-0.5249659	352000	1.8626451e-09	0.14543459	-0.03537485	-0.096855246	1.8976774	0.012609251	0.20712501	79.0	48.74325394630432
44	0.7318351	0.18487732	0.9927991	0.72744554	1.5152395	-0.7679289	15.7125	0.7655234	0.33134004	1.3369364	-0.4890006	360000	2.2351742e-08	0.1727423	-0.0361797	-0.089595936	1.8547239	0.015028059	0.21175	74.0	49.89307403564453
45	0.6116089	0.33450016	0.76566106	0.8316391	1.5113977	-0.7593808	14.017858	0.7134871	0.36845598	1.3666345	-0.6512903	368000	5.5879354e-09	0.14092597	-0.03347064	-0.07854875	1.8619535	0.0133384	0.19075	79.0	51.030317544937134
46	0.69196284	0.2610396	0.937588	0.7453891	1.5055978	-0.5525109	14.3125	0.68098354	0.40846547	1.5019356	-0.6115504	376000	-7.450581e-09	0.20002602	-0.03761368	-0.123358145	1.8091543	0.015042102	0.20487499	75.0	52.1893196105957
47	0.71813846	0.2651205	0.9525333	0.7581218	1.5054121	-0.6447349	13.922662	0.7205986	0.34789574	1.368091	-0.6054524	384000	-1.3038516e-08	0.124930054	-0.03598701	-0.069267824	1.7811334	0.0150914565	0.192125	75.0	53.309274673461914
48	0.77465224	0.21799482	1.0558295	0.7066952	1.5279963	-0.3714241	13.803572	0.82742506	0.3033592	1.5838087	-0.65626585	392000	6.519258e-09	0.10148987	-0.033705812	-0.051467076	1.7788643	0.013454987	0.2015	79.0	54.49946880340576
49	0.6708672	0.27784604	0.9077761	0.7699029	1.5259964	-0.47818652	13.475352	0.84783435	0.30082992	1.3609225	-0.46540105	400000	-1.1175871e-08	0.18033798	-0.022108763	-0.11156604	1.7564495	0.015177625	0.14787501	23.0	55.43426823616028
50	0.74152374	0.23723449	0.9710526	0.7643156	1.5173659	-0.7586601	14.201852	0.75074154	0.34285918	1.5311595	-0.67047215	408000	-1.8626451e-09	0.14637147	-0.03536291	-0.10749452	1.769155	0.013708478	0.19674999	79.0	56.6091423034668
51	0.6426339	0.32475197	0.84910524	0.8073033	1.5186528	-0.7078547	13.234589	0.77728724	0.38988963	1.5118111	-0.66970944	416000	3.7252903e-09	0.16661161	-0.027517505	-0.112976655	1.7313786	0.015081716	0.18675	43.0	57.6287317276001
52	0.65545666	0.30740887	0.85189754	0.8139968	1.527902	-0.93243575	13.60243	0.73940885	0.42808136	1.7255358	-0.71418744	424000	1.7229468e-08	0.12012164	-0.03553943	-0.07139641	1.707329	0.010951394	0.187375	79.0	58.79853892326355
53	0.6965569	0.27438873	0.95760906	0.76375216	1.5291569	-0.761825	12.901316	0.7264298	0.41947153	1.5528934	-0.8158283	432000	1.3969839e-09	0.17263694	-0.033379495	-0.10957931	1.6527965	0.015012826	0.17750001	66.0	59.88812828063965
54	0.62209225	0.32421893	0.819613	0.8043478	1.5322465	-0.82626635	13.432758	0.74696714	0.37886152	1.4301765	-0.69596297	440000	-1.8626451e-08	0.1987628	-0.03463129	-0.1133468	1.6893151	0.012960007	0.19375	79.0	61.08419179916382
55	0.64262116	0.33654553	0.85342455	0.7970122	1.5327793	-0.5306861	12.355096	0.71463513	0.39016828	1.470165	-0.7039073	448000	9.313226e-10	0.19047658	-0.0255103	-0.12462649	1.665811	0.015006464	0.14324999	33.0	62.08535051345825
56	0.6006342	0.370728	0.78136504	0.8122641	1.5267419	-0.6348237	12.83277	0.73741984	0.40848434	1.3721684	-0.5832498	456000	-3.7252903e-09	0.1879554	-0.029898662	-0.12600902	1.6812387	0.015002039	0.163875	60.0	63.218493938446045
57	0.68420494	0.2876088	0.9004778	0.8008448	1.5374286	-0.8975054	13.033784	0.6841637	0.4641668	1.7039423	-0.90963227	464000	1.1175871e-08	0.16487932	-0.034511384	-0.110753365	1.6234549	0.012949392	0.181	79.0	64.45931363105774
58	0.7048805	0.26721922	0.93060946	0.79024523	1.5481957	-0.90440625	13.336206	0.7896572	0.38779888	1.4501313	-0.63548803	472000	2.7939677e-09	0.11754048	-0.0364157	-0.06948891	1.6317065	0.014603237	0.20025	79.0	65.60843110084534
59	0.6840364	0.26587763	0.8980012	0.8240545	1.5348085	-0.88038015	13.297203	0.8212195	0.40022862	1.7421412	-0.7260031	480000	7.450581e-09	0.18568835	-0.034819305	-0.12634593	1.6029611	0.013465798	0.201125	79.0	66.84535455703735
60	0.64651924	0.30552173	0.84739757	0.8201004	1.5304663	-0.8066972	12.903974	0.7391276	0.4526179	1.5635986	-0.7372148	488000	0.0	0.17191008	-0.03125926	-0.11555514	1.584791	0.015067521	0.177375	56.0	67.89406251907349
61	0.699134	0.28616017	0.9454166	0.78433555	1.535199	-0.55215406	12.41195	0.7693446	0.4237713	1.4566981	-0.7040916	496000	-3.7252903e-09	0.13227691	-0.032247473	-0.08571455	1.4927065	0.01433266	0.160375	79.0	69.11419606208801
62	0.68992305	0.2763717	0.93222064	0.7902384	1.570057	-0.52068055	12.631494	0.7855881	0.41010356	1.4653978	-0.7734765	504000	-7.450581e-09	0.15043005	-0.03618215	-0.098942265	1.4820263	0.014031701	0.195625	79.0	70.25030827522278
63	0.76143026	0.23121683	1.0508717	0.7187542	1.6053554	-0.3976772	12.887584	0.8075433	0.3800511	1.4660559	-0.7228967	512000	-9.313226e-09	0.14019299	-0.026312292	-0.08582997	1.4264609	0.015091404	0.147625	37.0	71.2764265537262
64	0.77105695	0.20752764	1.065455	0.7159386	1.5481547	-0.77816296	13.238175	0.865687	0.31184283	1.419997	-0.53208405	520000	-7.450581e-09	0.10065767	-0.03420713	-0.07142413	1.4575441	0.011495991	0.179625	79.0	72.42156958580017
65	0.7467536	0.23854059	1.0191555	0.7222318	1.5221003	-0.37573934	13.456897	0.8336377	0.35804343	1.4761742	-0.5341094	528000	1.8626451e-09	0.16661042	-0.033456437	-0.10858956	1.4708934	0.015050098	0.20275	66.0	73.66397261619568
66	0.6717466	0.29973155	0.88208276	0.7997118	1.534344	-0.7842308	13.180272	0.84031326	0.329474	1.5322478	-0.594395	536000	1.4901161e-08	0.18497944	-0.028462708	-0.1299363	1.4872608	0.015001035	0.162375	35.0	74.68474173545837
67	0.73405695	0.24445182	1.0007446	0.73376656	1.5439214	-0.5105238	13.451724	0.7663021	0.37094483	1.5965813	-0.7526602	544000	1.8626451e-09	0.1336281	-0.03572099	-0.090110056	1.4373147	0.013428773	0.18237501	79.0	75.86159825325012
68	0.70986	0.23101878	0.9374002	0.8114677	1.5277295	-0.80361456	13.425862	0.77783483	0.40966502	1.5610064	-1.0375518	552000	3.7252903e-09	0.1603288	-0.035623707	-0.09734492	1.4859163	0.013721355	0.1845	79.0	77.00201535224915
69	0.7143973	0.21274146	0.9754877	0.78686637	1.5389212	-0.7706437	13.522887	0.79486704	0.40809327	1.4419153	-0.6029987	560000	1.8626451e-09	0.13745436	-0.0338692	-0.08752625	1.4813337	0.015132263	0.181125	66.0	78.12943434715271
70	0.78649807	0.1751849	1.0936909	0.70706457	1.5325806	-0.77710223	13.631206	0.7803279	0.42785344	1.8184011	-0.60956806	568000	0.0	0.1486772	-0.031365704	-0.09304142	1.4266644	0.014861661	0.17725	79.0	79.3217875957489
71	0.77862704	0.18409765	1.0830625	0.72403926	1.5336981	-0.79173845	13.864285	0.8154847	0.4056526	1.4189373	-0.58459634	576000	0.0	0.14017448	-0.0277809	-0.08670341	1.421371	0.015084349	0.175625	47.0	80.37899422645569
72	0.7767041	0.2007776	1.0833081	0.7140021	1.530558	-0.78827846	13.27551	0.8269743	0.36931404	1.4679236	-0.70567966	584000	-3.7252903e-09	0.14872044	-0.034700204	-0.09330952	1.4034637	0.01508133	0.199	68.0	81.56817603111267
73	0.8291435	0.15569109	1.170672	0.6546068	1.542679	-0.74382174	13.14527	0.8628523	0.34278584	1.5307002	-0.81246704	592000	-5.5879354e-09	0.08870141	-0.035046272	-0.05519426	1.3907342	0.011727324	0.178875	79.0	82.72319674491882
74	0.7226295	0.23848684	0.99915534	0.76321715	1.5438223	-0.4686753	12.685065	0.88721466	0.33395788	1.4488295	-0.68761086	600000	-3.7252903e-09	0.14148211	-0.035141423	-0.066279404	1.4193907	0.014830486	0.198	79.0	83.95292544364929
75	0.8372549	0.13415033	1.1971906	0.6277722	1.532902	-0.39501703	13.368151	0.867792	0.3339573	1.5332525	-0.4795735	608000	-9.313226e-09	0.11287169	-0.032883447	-0.06927017	1.3678746	0.013368348	0.179625	79.0	85.11327338218689
76	0.6975889	0.27521688	0.94381964	0.7892771	1.5417815	-0.46389592	12.226415	0.8533072	0.34407577	1.4974743	-0.78901017	616000	-1.5366822e-08	0.16907364	-0.031536806	-0.10792245	1.4045583	0.0150737865	0.16925001	55.0	86.2157530784607
77	0.74042654	0.25332344	1.0113145	0.7557273	1.5488042	-0.5307743	12.477419	0.8019182	0.37882227	1.4340763	-0.563661	624000	-1.1175871e-08	0.11711238	-0.03686463	-0.072006166	1.3641196	0.013013398	0.18937498	79.0	87.42787218093872
78	0.7092995	0.24208936	0.9722076	0.78210294	1.5352877	-0.5901359	13.024835	0.85976994	0.3512935	1.5187647	-0.54445493	632000	2.6077032e-08	0.21446863	-0.031319235	-0.13551363	1.3802156	0.015301796	0.16875	45.0	88.5265941619873
79	0.7408314	0.24446277	1.0170112	0.7557768	1.5446811	-0.6393911	12.011006	0.8151228	0.3960834	1.5955489	-1.0436304	640000	-7.450581e-09	0.14326933	-0.035041198	-0.08550533	1.384252	0.014656752	0.172875	79.0	89.67392110824585
80	0.7471629	0.23298422	1.0158224	0.7758876	1.5413625	-1.0298254	12.885761	0.8129776	0.4265186	1.586063	-0.7340337	648000	1.1175871e-08	0.12967992	-0.037913404	-0.0868067	1.3975925	0.01451427	0.198125	79.0	90.96782684326172
81	0.69274426	0.2860139	0.9294532	0.79147786	1.5508846	-0.67493033	12.445161	0.8016484	0.42237705	1.5298891	-0.8401183	656000	-1.8626451e-09	0.1992358	-0.038176026	-0.13395688	1.4071319	0.014105363	0.18687499	79.0	92.10397291183472
82	0.7047468	0.2736029	0.9502829	0.78828424	1.5364213	-0.8291376	12.649671	0.78944445	0.402266	1.486923	-0.7620855	664000	1.8626451e-09	0.123866476	-0.027700543	-0.077208936	1.4138423	0.015116749	0.14950001	35.0	93.12151098251343
83	0.7099781	0.24621874	0.9581596	0.77730244	1.5425806	-0.63451093	13.640845	0.78406584	0.41265535	1.5604287	-0.7062875	672000	-1.6763806e-08	0.16000515	-0.037448514	-0.10460147	1.4107347	0.015029142	0.18725	68.0	94.21570611000061
84	0.6787039	0.27987242	0.90814364	0.81296736	1.5443224	-0.7892235	12.422581	0.7625158	0.4624187	1.6198255	-0.7960265	680000	-2.7939677e-09	0.16244298	-0.035101436	-0.11443959	1.4201936	0.015073159	0.181	78.0	95.40220952033997
85	0.6792668	0.29421803	0.9014698	0.8136408	1.5391701	-0.76466656	12.599026	0.7965236	0.4425217	1.4695473	-0.76035666	688000	-1.1175871e-08	0.17110726	-0.03804467	-0.11689954	1.4160304	0.01225411	0.198875	79.0	96.62832164764404
86	0.7401657	0.23510063	1.0024091	0.7710518	1.539344	-0.7661018	12.509678	0.80544317	0.42999274	1.6356784	-0.84940165	696000	1.1175871e-08	0.111259416	-0.036689393	-0.07219823	1.3920935	0.0150272045	0.180625	59.0	97.70199251174927
87	0.74450946	0.2429592	1.0207994	0.77231485	1.5514214	-0.80934	12.231366	0.812907	0.44255272	1.5445998	-0.75050265	704000	-1.4901161e-08	0.11433454	-0.034362964	-0.07592216	1.3500056	0.011787942	0.16825	79.0	98.96880626678467
88	0.7611111	0.2263889	1.0650901	0.71955377	1.5438663	-0.44696194	12.28344	0.90515494	0.33818847	1.7496587	-0.6264509	712000	7.450581e-09	0.113966726	-0.029624637	-0.065323606	1.3019881	0.015079776	0.153	47.0	99.9887797832489
89	0.7843675	0.19475618	1.1080091	0.68243307	1.5322094	-0.34566572	13.1706085	0.92051816	0.32332978	1.6647567	-0.6685368	720000	-1.3038516e-08	0.13450463	-0.028569482	-0.090921424	1.3059058	0.015044093	0.158625	42.0	101.08696413040161
90	0.7670008	0.22674917	1.0860938	0.69709456	1.5517217	-0.3692094	12.429487	0.86377954	0.3217736	1.4508383	-0.46050397	728000	0.0	0.1368733	-0.032353703	-0.087374076	1.2821524	0.01500675	0.18675	68.0	102.17370867729187
91	0.76326233	0.23015875	1.0672808	0.7132303	1.5369619	-0.53768015	12.811258	0.89123297	0.32035682	1.4302096	-0.7475418	736000	5.5879354e-09	0.105206	-0.03462241	-0.071373075	1.318372	0.012498817	0.18675	79.0	103.40266227722168
92	0.7571013	0.23595425	1.0541979	0.7274935	1.5224286	-0.47407722	12.297468	0.8876694	0.33868182	1.738607	-0.5344081	744000	9.313226e-10	0.11041971	-0.028476076	-0.075090095	1.3187501	0.015164997	0.17300001	48.0	104.42879676818848
93	0.7938037	0.18531993	1.124672	0.6935491	1.5353221	-0.6057135	12.795	0.8787787	0.35311058	1.3764346	-0.85455215	752000	0.0	0.14697644	-0.032811947	-0.094302475	1.2808592	0.015021838	0.17825	73.0	105.59033679962158
94	0.7858089	0.19372323	1.0834569	0.73458034	1.5453656	-0.7004929	12.9366665	0.84745055	0.3732496	1.3979222	-0.6893464	760000	-7.450581e-09	0.12903884	-0.03571245	-0.06940933	1.3011088	0.012521477	0.189625	79.0	106.72919988632202
95	0.72121215	0.25227273	0.9916945	0.7766844	1.5394673	-0.76356995	12.551613	0.847307	0.39499128	1.4386679	-0.6313032	768000	-3.7252903e-09	0.15850274	-0.03603567	-0.11073695	1.2897024	0.014603034	0.194125	79.0	107.97960615158081
96	0.7236154	0.24852082	1.0176532	0.7468186	1.5388906	-0.7984703	12.746689	0.8236031	0.40547615	1.5860238	-0.7059385	776000	1.8626451e-09	0.1288363	-0.024062136	-0.08056977	1.2920312	0.0151587315	0.14975	26.0	108.93704962730408
97	0.7798611	0.21319444	1.0971197	0.7157111	1.5482997	-0.6952818	12.532468	0.8095254	0.4303182	1.9181966	-0.8077175	784000	7.450581e-09	0.114958234	-0.03177602	-0.08295682	1.241556	0.015024263	0.16749999	57.0	110.03975343704224
98	0.7578217	0.20303363	1.0621146	0.7452972	1.5387863	-0.7273904	12.879934	0.8552151	0.4101544	1.676532	-0.76391786	792000	-3.7252903e-09	0.12260143	-0.03745097	-0.071537524	1.2826064	0.011870261	0.18200001	79.0	111.1851978302002
99	0.8081348	0.16888732	1.156456	0.6717715	1.5498593	-0.4029209	12.683775	0.8758376	0.36886787	1.3686938	-0.46533307	800000	-6.519258e-09	0.11189258	-0.034170732	-0.072479516	1.2162589	0.013525278	0.18474999	79.0	112.45729517936707
100	0.7462262	0.21471564	1.0221354	0.77968633	1.5318667	-0.8645748	12.712171	0.91141224	0.36919966	1.9959663	-0.5568862	808000	7.450581e-09	0.30179372	-0.03225206	-0.24753441	1.2575707	0.015035409	0.17912501	50.0	113.62104630470276
101	0.75474626	0.22617482	1.0637695	0.7371322	1.5359964	-0.8721417	12.197784	0.87018585	0.35105816	1.60369	-0.6883084	816000	3.7252903e-09	0.12028231	-0.03324057	-0.0923183	1.2037835	0.015149277	0.18724999	64.0	114.73032522201538
102	0.75329375	0.21116701	1.0557097	0.7567823	1.5353221	-0.9064627	12.812914	0.79817665	0.46096623	1.593012	-1.1886759	824000	9.313226e-09	0.180568	-0.03093368	-0.120527916	1.2254156	0.015004579	0.15824999	50.0	115.87071895599365
103	0.7556261	0.2374295	1.0471814	0.76381284	1.5489086	-0.9271228	12.018634	0.8690275	0.36267424	1.5209054	-0.91435647	832000	0.0	0.124471985	-0.034162328	-0.08693708	1.2243767	0.012766708	0.185625	79.0	117.03474760055542
104	0.675992	0.2848389	0.9285446	0.80179083	1.5388042	-0.45711473	11.955522	0.8393662	0.40939432	1.6233355	-0.6287333	840000	-3.7252903e-09	0.17069289	-0.036332566	-0.11303211	1.2434856	0.013268376	0.18075	79.0	118.26803398132324
105	0.7519998	0.2344768	1.0334202	0.7610617	1.5374248	-0.6928187	12.517516	0.81125355	0.45703843	1.7400708	-0.72579014	848000	3.7252903e-09	0.13864368	-0.031747594	-0.090124376	1.2383248	0.015038641	0.164875	55.0	119.32721638679504
106	0.734062	0.2520061	1.004856	0.7752868	1.5505126	-0.8572442	12.143082	0.81608844	0.42488056	1.4574916	-0.76432705	856000	-5.5879354e-09	0.15082529	-0.03689089	-0.10913733	1.2498106	0.015073886	0.1835	70.0	120.51609206199646
107	0.78042656	0.19138718	1.0856323	0.7344794	1.5541701	-0.8322466	12.925	0.797318	0.44932732	1.4688836	-0.89432544	864000	-1.3969839e-08	0.099802405	-0.029962692	-0.06565729	1.2487657	0.015022777	0.148125	51.0	121.5555465221405
108	0.7409464	0.2451217	1.0140927	0.7634241	1.5414921	-0.83251804	12.616883	0.9033119	0.3696371	1.4942145	-0.637531	872000	-1.4901161e-08	0.11275485	-0.037039753	-0.07533273	1.278523	0.012952435	0.19175	79.0	122.73667097091675
109	0.6767326	0.26471233	0.896378	0.8441425	1.5528911	-0.8240836	12.61218	0.7598492	0.48364115	1.504301	-0.7747915	880000	1.4901161e-08	0.18164054	-0.03419102	-0.12085171	1.2906361	0.015037077	0.191	68.0	123.83723735809326
110	0.71030205	0.28969797	0.95948195	0.7973178	1.5427785	-0.51148045	11.442983	0.7647367	0.4397204	1.5709927	-1.0968324	888000	1.1175871e-08	0.1310015	-0.03655164	-0.099764705	1.2398429	0.012883012	0.177625	79.0	125.02527713775635
111	0.7695536	0.2165575	1.088302	0.7289248	1.6081593	-0.70676655	12.165625	0.88802373	0.39057264	1.5305289	-0.65655047	896000	-5.5879354e-09	0.17048872	-0.03289476	-0.13870466	1.2041721	0.01503933	0.156875	52.0	126.06361055374146
112	0.74923104	0.24419002	1.0334481	0.7651903	1.599344	-0.7148598	11.653614	0.8333179	0.44503716	1.642889	-1.1122997	904000	2.2351742e-08	0.13089609	-0.03306119	-0.09049816	1.1938944	0.015147902	0.179125	62.0	127.18531727790833
113	0.7888998	0.21110019	1.1254039	0.69694614	1.6081593	-0.35639447	11.975155	0.92701304	0.3212613	1.5302863	-0.9377144	912000	0.0	0.07837929	-0.02894206	-0.054360073	1.1530981	0.015035367	0.14625001	57.0	128.24448418617249
114	0.78532267	0.20842732	1.1163398	0.7063781	1.5887421	-0.9261054	12.055555	0.9176751	0.345253	1.5542654	-1.0368404	920000	0.0	0.12925145	-0.016427627	-0.09073212	1.1456523	0.016228905	0.13125	12.0	129.18076062202454
115	0.7572212	0.23652883	1.0617822	0.73650455	1.6033473	-0.39075002	12.017187	0.8994679	0.34587288	1.5629989	-0.87087905	928000	1.4901161e-08	0.13853693	-0.031702742	-0.09280371	1.1790819	0.015077224	0.19025001	59.0	130.25039625167847
116	0.7903886	0.20961139	1.110748	0.70220613	1.5291569	-0.44576818	12.068323	0.9277293	0.31065145	1.4689258	-0.58749664	936000	1.4901161e-08	0.116502516	-0.036569685	-0.09169815	1.1633162	0.009715431	0.17825	79.0	131.424733877182
117	0.69326854	0.27886772	0.96003586	0.7772215	1.5449334	-0.73168886	11.60994	0.8895771	0.38475764	1.5069135	-0.5666354	944000	-7.450581e-09	0.15988702	-0.03403581	-0.10407087	1.1723143	0.014865879	0.18825	79.0	132.58930325508118
118	0.81101227	0.1746904	1.1559798	0.67611986	1.5383472	-0.7245892	12.97651	0.82759994	0.40091145	1.6684077	-0.9243676	952000	1.5832484e-08	0.124018304	-0.03043514	-0.07773716	1.1597631	0.015154778	0.17475	56.0	133.6789779663086
119	0.7547911	0.21830067	1.0637912	0.7442385	1.5374874	-0.7206409	12.218554	0.9190593	0.317239	1.5584962	-0.7761988	960000	-1.8626451e-09	0.15629788	-0.03216549	-0.10195795	1.1856351	0.015153782	0.19562499	55.0	134.73164176940918
120	0.73108447	0.22135794	1.0154163	0.77875084	1.5414214	-0.7868633	12.817881	0.7637087	0.43968585	1.4549626	-0.7537155	968000	-3.7252903e-09	0.17540053	-0.029380945	-0.09161417	1.2039282	0.015191814	0.1805	45.0	135.8400764465332
121	0.82542574	0.14675353	1.181004	0.66644377	1.5425555	-0.690792	13.054054	0.8314685	0.41183212	1.7269462	-1.2171553	976000	-1.8626451e-09	0.12801829	-0.029090332	-0.08893718	1.1612455	0.015018066	0.14812501	55.0	136.90149879455566
122	0.7836666	0.17458075	1.113882	0.7207072	1.547132	-0.6884756	13.0151005	0.8310472	0.43886548	1.4590786	-0.92462337	984000	1.8626451e-09	0.122083925	-0.029926924	-0.06502983	1.1777073	0.015236567	0.16549999	49.0	137.96992230415344
123	0.79122806	0.18172514	1.1199677	0.7220808	1.5483345	-0.7152575	12.76634	0.9069768	0.36645404	1.4787399	-0.79544806	992000	7.450581e-09	0.14540094	-0.032719877	-0.094151884	1.1795701	0.011188547	0.167125	79.0	139.12076902389526
124	0.74412024	0.24367738	1.0309587	0.7792317	1.5310988	-0.90094554	12.033742	0.8933978	0.36266524	1.7573463	-0.6675436	1000000	3.7252903e-09	0.18663743	-0.036513865	-0.14701383	1.1850159	0.015144142	0.173875	76.0	140.32544255256653
125	0.7421366	0.2314432	1.0401863	0.7611992	1.5415468	-0.99855447	12.348102	0.85028106	0.40343222	1.4968436	-0.67428935	1008000	0.0	0.1531834	-0.03404581	-0.10865874	1.1775681	0.014791904	0.190375	79.0	141.56336331367493
126	0.8326091	0.16003796	1.1895334	0.65235525	1.538809	-0.94992816	12.712419	0.8547943	0.37214887	1.558045	-0.59598607	1016000	7.450581e-09	0.11166378	-0.021493409	-0.07748406	1.1454672	0.015226612	0.1445	24.0	142.50551986694336
127	0.713102	0.2531562	0.9681046	0.8077872	1.5457433	-0.84681135	12.65	0.8447674	0.43335357	1.5341713	-0.7310718	1024000	1.8626451e-09	0.17758225	-0.036477476	-0.115705654	1.224727	0.013661861	0.19150001	79.0	143.7440733909607
128	0.71860063	0.26669347	0.9902018	0.7782615	1.5398593	-0.8693121	11.646707	0.8429182	0.37856233	1.4803103	-0.7505905	1032000	7.450581e-09	0.1546619	-0.028482223	-0.109832555	1.1513982	0.01501668	0.166375	39.0	144.73573184013367
129	0.7432039	0.24290727	1.0239893	0.7559023	1.53813	-0.39077583	12.31761	0.8122721	0.42417744	1.6020204	-0.83855665	1040000	1.071021e-08	0.13767058	-0.0300769	-0.10043779	1.1908325	0.015053757	0.16999999	49.0	145.87710666656494
130	0.7744951	0.21234705	1.0839449	0.7215984	1.5394543	-0.86325204	12.62987	0.85351187	0.38304362	1.5781679	-0.67802376	1048000	5.5879354e-09	0.10889547	-0.03665781	-0.07693271	1.1942992	0.013190309	0.189375	79.0	147.01901769638062
131	0.7654653	0.21476133	1.0668027	0.7516208	1.5394279	-0.8586674	12.427885	0.8518738	0.4071618	1.6203296	-0.67081434	1056000	0.0	0.098556854	-0.03418579	-0.07520028	1.1756904	0.015008392	0.17375	53.0	148.1620602607727
132	0.72481203	0.26235902	1.0007917	0.7735815	1.5501124	-0.8224098	12.084375	0.87863654	0.40654826	1.5238491	-1.2268983	1064000	-7.450581e-09	0.14406571	-0.037500206	-0.10243413	1.1912138	0.009956925	0.19575	79.0	149.30134105682373
133	0.7266462	0.2532515	0.9945117	0.77741265	1.5392807	-0.862032	12.262579	0.85623866	0.39461002	1.5083561	-0.84676254	1072000	-8.381903e-09	0.14147317	-0.032135688	-0.09154959	1.2080884	0.015116338	0.16675	42.0	150.3699815273285
134	0.7157414	0.27731413	0.9589338	0.805251	1.6081593	-0.91629934	11.858232	0.7763283	0.42611125	1.5476123	-0.7005088	1080000	4.656613e-09	0.17231464	-0.031208524	-0.117293954	1.1721148	0.0150636155	0.171125	47.0	151.52069282531738
135	0.75690174	0.21605149	1.0672461	0.7355492	1.6053554	-0.4473454	12.33125	0.9005891	0.3675863	1.4997963	-0.7465552	1088000	3.7252903e-09	0.17292367	-0.031204337	-0.120635465	1.1353798	0.015057962	0.15349999	40.0	152.68860268592834
136	0.75645936	0.23127991	1.0580012	0.7464727	1.5984313	-0.7218581	11.899692	0.8584292	0.38715535	1.597175	-1.0085799	1096000	-1.4901161e-08	0.13472888	-0.018953376	-0.08373946	1.1574874	0.015104419	0.14125	19.0	153.6226167678833
137	0.7659561	0.21427053	1.0763159	0.7405318	1.6081593	-0.74956906	12.147515	0.82226133	0.4299072	1.5480932	-0.960734	1104000	-9.313226e-09	0.13246557	-0.02922474	-0.08931567	1.1415256	0.01514733	0.14825	41.0	154.66110491752625
138	0.7785501	0.22144994	1.1008428	0.71071994	1.593698	-0.40724817	12.107142	0.8923115	0.36405185	1.3945307	-0.57929665	1112000	8.381903e-09	0.09254086	-0.035412624	-0.06382443	1.1350536	0.015013907	0.17324999	70.0	155.77626705169678
139	0.8440178	0.14903773	1.2084823	0.6194489	1.599344	-0.46114793	12.619205	0.92154443	0.33456123	1.4113865	-0.6518427	1120000	8.381903e-09	0.08506414	-0.033826783	-0.05948904	1.1036162	0.011531493	0.174	79.0	157.00492095947266
140	0.78569865	0.20077798	1.1068432	0.70813566	1.5291702	-0.7904807	12.65196	0.89707536	0.33873516	1.4757768	-1.3242295	1128000	2.7939677e-09	0.08837604	-0.035463035	-0.05924346	1.1404318	0.014100368	0.182	79.0	158.1544589996338
141	0.8297448	0.16331074	1.1893183	0.6387962	1.5376066	-0.62944	12.283654	0.9444828	0.32231537	1.5435652	-0.75668603	1136000	-1.4901161e-08	0.06419897	-0.036289953	-0.03671346	1.0762498	0.014705102	0.17074999	79.0	159.3365728855133
142	0.829155	0.1482755	1.1782916	0.660613	1.5444279	-0.9404583	12.931666	0.93853974	0.3229274	1.584791	-0.697039	1144000	3.7252903e-09	0.099524364	-0.034737963	-0.0644016	1.0948046	0.015053582	0.180125	75.0	160.49152660369873
143	0.7912489	0.18901421	1.1080918	0.721318	1.5414306	-0.8615935	12.789216	0.9065282	0.38705498	1.5011129	-1.0322596	1152000	1.6763806e-08	0.15237804	-0.034897685	-0.09309165	1.1153898	0.015024209	0.181375	68.0	161.6366686820984
144	0.8308271	0.16917294	1.1907697	0.6616759	1.5520436	-0.77898896	12.441456	0.9414404	0.32082203	1.422689	-0.8566709	1160000	-9.313226e-10	0.07899323	-0.03303428	-0.0502619	1.0559077	0.015002294	0.15775001	52.0	162.6794958114624
145	0.8358071	0.15030406	1.1940746	0.651489	1.5531548	-0.7909024	12.941667	0.9204513	0.34487224	1.4894917	-0.7397261	1168000	0.0	0.1282177	-0.034739107	-0.09054136	1.0746846	0.015169298	0.17625	75.0	163.8477966785431
146	0.8221387	0.17786132	1.1761109	0.6751776	1.5447638	-0.8537591	12.352564	0.8979227	0.35981137	1.5156693	-0.73837954	1176000	3.7252903e-09	0.11996406	-0.036882166	-0.08899469	1.092663	0.014680157	0.174375	79.0	165.10502934455872
147	0.81319964	0.18680033	1.1654923	0.6812389	1.5384753	-0.74611473	11.969325	0.8909395	0.37981763	1.3980467	-0.87431836	1184000	1.8626451e-08	0.07891956	-0.03546887	-0.05880499	1.075558	0.013340754	0.163	79.0	166.24677920341492
148	0.77878034	0.19483083	1.0984322	0.7296025	1.5368667	-0.47082436	12.503205	0.946706	0.31494984	1.5264976	-0.618374	1192000	7.450581e-09	0.17715837	-0.039920967	-0.12101756	1.0917821	0.015116415	0.17512499	71.0	167.4556405544281
149	0.75635964	0.23706141	1.0689561	0.73999834	1.5397638	-0.44494054	11.859756	0.8807776	0.36418238	1.7704806	-0.6367659	1200000	2.7939677e-09	0.13351911	-0.038771328	-0.09070636	1.0947701	0.013889299	0.17375001	79.0	168.59725952148438
150	0.7976974	0.18947369	1.1436781	0.69628924	1.5354716	-1.007657	12.338608	0.8509943	0.40475917	1.7844187	-0.77337945	1208000	-1.0244548e-08	0.14195928	-0.034872636	-0.09918021	1.0775167	0.011012308	0.15900001	79.0	169.7843930721283
151	0.73319113	0.2602299	1.0102874	0.77873904	1.5520146	-1.1421207	11.511696	0.9170897	0.3613741	1.6102502	-0.63121223	1216000	-1.1175871e-08	0.16197473	-0.028271032	-0.1305069	1.0942289	0.015014941	0.151875	38.0	170.7888479232788
152	0.715943	0.27075168	0.99266183	0.78368855	1.5461776	-1.0671308	11.276011	0.85503334	0.4081939	1.6593552	-0.66947603	1224000	4.656613e-09	0.13882431	-0.03747093	-0.086110115	1.0941367	0.014066031	0.17125002	79.0	172.00564527511597
153	0.7160181	0.28398198	0.99020916	0.77407074	1.5436319	-0.48501548	11.457353	0.82942176	0.40876162	2.2018275	-0.6073632	1232000	-1.21071935e-08	0.1448655	-0.038455687	-0.10991025	1.1144946	0.014851378	0.18875	79.0	173.14220929145813
154	0.76232773	0.21793547	1.075352	0.73108464	1.5425974	-0.70594347	12.298437	0.879327	0.38855565	1.5534567	-0.7572584	1240000	-1.4901161e-08	0.124203935	-0.035014704	-0.083095714	1.0837023	0.015057022	0.166875	69.0	174.28471159934998
155	0.7392328	0.24838807	1.0177369	0.7698329	1.5460246	-0.7425458	11.774242	0.8576914	0.3865776	1.5423946	-0.7854792	1248000	2.7939677e-09	0.12637363	-0.03794568	-0.08415346	1.0753765	0.015003832	0.182875	79.0	175.4202332496643
156	0.7812711	0.21214992	1.0939955	0.71755046	1.5934612	-0.40563762	11.892638	0.9041276	0.3741091	1.7201741	-0.4941729	1256000	1.8626451e-09	0.092186645	-0.03277896	-0.060337227	1.0744326	0.015200138	0.182625	51.0	176.51427006721497
157	0.7109939	0.27637988	0.9694498	0.80210435	1.6	-0.7734327	11.613095	0.8670057	0.39693308	1.4505525	-0.53976214	1264000	-3.1664968e-08	0.14918976	-0.036929842	-0.12006154	1.122812	0.013915689	0.17625001	79.0	177.6630780696869
158	0.7594881	0.21963555	1.050964	0.76868534	1.5659374	-0.7685305	12.072086	0.84738976	0.44201583	1.605855	-0.77601683	1272000	-3.7252903e-09	0.10928465	-0.013141312	-0.07405099	1.0784036	0.016310517	0.1375	11.0	178.60520029067993
159	0.7929357	0.20111194	1.123406	0.7082699	1.6003554	-0.7555734	11.839394	0.891354	0.39472324	1.7317607	-0.79970664	1280000	-9.313226e-09	0.10257822	-0.035680223	-0.07000838	1.05318	0.013923813	0.163625	79.0	179.74533319473267
160	0.7550783	0.24492165	1.0685041	0.73681504	1.6081593	-0.41644645	11.198276	0.9236515	0.3687173	1.7130069	-0.6413445	1288000	-3.7252903e-09	0.10084004	-0.031231971	-0.07436286	1.0361888	0.015219092	0.161625	46.0	180.91506719589233
161	0.7858059	0.20761515	1.1074147	0.71930754	1.6081593	-0.8202802	12.099379	0.8702102	0.3845259	1.5356972	-0.55821264	1296000	-7.450581e-09	0.0806537	-0.029890005	-0.05704179	1.0218418	0.01500188	0.148125	55.0	181.97336268424988
162	0.7713165	0.21552554	1.0889683	0.72967315	1.6053554	-0.75746644	11.887196	0.9117505	0.37980485	1.6075321	-0.61799246	1304000	3.7252903e-09	0.12503877	-0.03574553	-0.08677259	1.0296905	0.014763549	0.170625	79.0	183.15036153793335
163	0.8487624	0.14342508	1.2175952	0.6307468	1.6081593	-0.72885853	12.391935	0.89776635	0.34326562	1.422211	-0.66169304	1312000	-7.450581e-09	0.12625486	-0.030207362	-0.09264462	1.0170734	0.015083336	0.14625	42.0	184.19531226158142
164	0.77614826	0.21164936	1.116107	0.69240767	1.5621327	-0.46838352	11.711309	0.8968208	0.39521164	1.8318799	-0.8006813	1320000	0.0	0.114450224	-0.033214338	-0.070027515	0.98969007	0.01526951	0.17375	58.0	185.32492542266846
165	0.8506318	0.1431182	1.2251616	0.61044633	1.5491701	-0.3378713	12.316879	0.90989393	0.33676288	1.6699833	-0.80060977	1328000	0.0	0.0889781	-0.036067065	-0.059767693	0.9842826	0.015008167	0.175	77.0	186.6066973209381
166	0.7879125	0.20550856	1.1220961	0.70123196	1.5591878	-0.44666114	12.251573	0.9545564	0.3021391	1.6153197	-0.6038259	1336000	0.0	0.12408656	-0.036773898	-0.08218256	1.0136919	0.01130449	0.16874999	79.0	187.74554562568665
167	0.80702233	0.18014875	1.1497269	0.68510103	1.5417418	-0.8948839	12.31962	0.91320896	0.34091622	1.6377677	-0.79932755	1344000	-1.8626451e-09	0.14240862	-0.036008466	-0.12099376	1.0098605	0.015031282	0.17025	68.0	188.9521346092224
168	0.82376254	0.15682957	1.1878763	0.65456367	1.5460594	-0.8206081	12.437898	0.90169156	0.38261425	1.6412469	-0.7440107	1352000	-7.450581e-09	0.11625369	-0.034788482	-0.09093262	1.0164804	0.014015506	0.156625	79.0	190.12345337867737
169	0.8090311	0.18438995	1.1554061	0.681167	1.5452123	-0.39497212	12.242138	0.94648534	0.33325097	2.0296433	-0.4715382	1360000	7.450581e-09	0.11741877	-0.03803145	-0.08623086	1.0185759	0.013233261	0.18375	79.0	191.3334641456604
170	0.81730366	0.1622285	1.1844289	0.6547686	1.5408547	-0.8358989	12.32595	0.8555958	0.41814312	1.6747346	-0.96434385	1368000	1.8626451e-09	0.1396915	-0.029481959	-0.10130818	0.99964404	0.015049146	0.148	39.0	192.3311746120453
171	0.7977429	0.19600706	1.1389036	0.6949702	1.5478486	-0.8721506	12.110937	0.9073377	0.36588424	1.6580446	-0.7384356	1376000	0.0	0.122202046	-0.031717032	-0.09435658	1.0173192	0.015111704	0.15025	48.0	193.41440510749817
172	0.78788495	0.19859165	1.1177616	0.71040213	1.5361784	-0.39760685	12.27044	0.88666236	0.37834254	1.5166714	-0.50787926	1384000	-7.450581e-09	0.113243684	-0.036595866	-0.080838464	1.0251639	0.015143599	0.18325001	60.0	194.4861090183258
173	0.7794149	0.22058508	1.1108316	0.7051275	1.5497463	-0.34360686	11.858895	0.9125707	0.35821742	1.6541128	-0.5398823	1392000	-1.3969839e-08	0.124665216	-0.036531836	-0.08682373	0.9947877	0.015150711	0.1625	73.0	195.63966870307922
174	0.78614724	0.20760283	1.1250641	0.69932103	1.5486875	-0.3006912	11.917178	0.8983754	0.36803848	1.7094254	-0.65256906	1400000	-2.7939677e-09	0.10791781	-0.037473187	-0.0802907	1.0073643	0.012967896	0.17425	79.0	196.78180694580078
175	0.75299585	0.24005967	1.0540111	0.7511361	1.548097	-0.5495351	11.77439	0.89952797	0.38270926	1.6682045	-0.9237614	1408000	7.450581e-09	0.12384234	-0.03401781	-0.08817858	1.0158176	0.0123149995	0.16624999	79.0	197.9619812965393
176	0.72253317	0.27746683	1.0185126	0.75945276	1.5401264	-0.379549	11.331395	0.84400064	0.41122866	1.4751992	-0.94899654	1416000	-1.8626451e-09	0.07636109	-0.03432744	-0.05475749	0.98759973	0.015031557	0.158625	67.0	199.05403852462769
177	0.7677788	0.21906328	1.0964248	0.7151996	1.5500258	-0.44238612	12.24375	0.87018883	0.39962283	1.475103	-0.7249702	1424000	-9.313226e-09	0.13220517	-0.03647227	-0.08209917	1.0031073	0.013971664	0.174125	79.0	200.23040556907654
178	0.75112545	0.2356801	1.0552597	0.73981035	1.5526776	-0.4651551	12.234277	0.8546515	0.41519564	1.6192479	-0.6683773	1432000	-1.071021e-08	0.12024885	-0.037652224	-0.089565895	1.040869	0.010901929	0.172875	79.0	201.5408124923706
179	0.75770307	0.22244397	1.0606496	0.74136394	1.5432421	-0.41492376	12.246875	0.8831222	0.38886076	1.557552	-0.4641438	1440000	9.313226e-09	0.15700273	-0.036468185	-0.10996619	1.0429004	0.015137922	0.17500001	62.0	202.64995980262756
180	0.7312429	0.25592816	1.0093969	0.78180265	1.5659374	-1.0124934	12.029141	0.8384626	0.43006793	1.8346037	-0.8168731	1448000	0.0	0.14914864	-0.037526187	-0.08965279	1.0457318	0.014147452	0.17500001	79.0	203.89615058898926
181	0.7267857	0.25238097	1.0032867	0.7869947	1.5659374	-0.894133	11.875767	0.82162577	0.43679667	1.6939015	-0.8863098	1456000	1.1175871e-08	0.13546556	-0.02995716	-0.099081695	1.0091459	0.015163605	0.16512501	40.0	204.89554166793823
182	0.7766425	0.20906015	1.0871	0.7437411	1.6	-0.8202822	12.135802	0.865226	0.4314177	1.5456223	-0.81772083	1464000	1.6763806e-08	0.17346808	-0.036012463	-0.14306226	0.98368245	0.011750266	0.163875	79.0	206.1434724330902
183	0.80457914	0.19542083	1.1389626	0.68308586	1.6081593	-0.36296353	11.890432	0.9454793	0.3278344	1.6930186	-0.6711605	1472000	-3.7252903e-09	0.12127419	-0.038507618	-0.087409735	0.9843604	0.0138207935	0.18699999	79.0	207.30504488945007
184	0.71975696	0.28024304	0.99494064	0.78492534	1.6	-0.47980845	11.260116	0.88125324	0.351947	1.4510179	-0.5654682	1480000	-2.0489097e-08	0.15607241	-0.033043277	-0.12048175	1.0227616	0.015118262	0.171125	43.0	208.3638334274292
185	0.7045207	0.28890038	0.9771409	0.78090024	1.5659374	-0.6454533	11.344118	0.87217784	0.39331448	1.5252527	-0.69952834	1488000	-5.5879354e-09	0.17084073	-0.02043972	-0.1215078	0.997054	0.015402422	0.1645	18.0	209.30132269859314
186	0.785035	0.20871496	1.1230505	0.69589144	1.551264	-0.41300812	12.0632715	0.9260713	0.33285415	1.596763	-1.1173372	1496000	-1.1175871e-08	0.12490533	-0.03620854	-0.08899544	0.98086405	0.015017156	0.174	78.0	210.49841976165771
187	0.85364974	0.1394058	1.2344887	0.61307704	1.6081593	-0.42134145	12.397152	0.9318091	0.337383	1.559861	-0.9291433	1504000	-9.313226e-09	0.0757961	-0.03574126	-0.053280085	0.95036703	0.010451127	0.156125	79.0	211.6714494228363
188	0.7470279	0.23389316	1.0529743	0.75301206	1.5658231	-0.77338344	11.771085	0.8956815	0.35926613	1.4801791	-0.6767082	1512000	7.450581e-09	0.1786441	-0.034622528	-0.13223499	0.9827403	0.015131443	0.18200001	62.0	212.78272461891174
189	0.85011095	0.1273196	1.2300406	0.6136106	1.5547079	-0.5565324	12.753289	0.84777325	0.3986384	1.4603343	-0.57250834	1520000	0.0	0.1469162	-0.030775717	-0.093591526	0.9503874	0.015000425	0.155	57.0	213.84616136550903
190	0.7999612	0.17916244	1.1190041	0.71923125	1.5518467	-0.8408706	12.728896	0.93085265	0.33204788	1.7203041	-0.6791895	1528000	1.1175871e-08	0.168542	-0.029199328	-0.10925375	0.99759424	0.015030179	0.15725	48.0	214.9132580757141
191	0.74757046	0.23331928	1.0634443	0.742997	1.5476776	-0.73113674	11.762048	0.8935322	0.35968465	1.5806546	-0.76298684	1536000	-3.7252903e-09	0.14039025	-0.03894622	-0.09321557	1.0021272	0.0146021955	0.18312499	79.0	216.0778453350067
192	0.863137	0.12991855	1.255516	0.5943952	1.5438042	-0.33078703	12.442676	0.9041995	0.33468702	1.5818886	-0.50828946	1544000	-8.8475645e-09	0.10958691	-0.034875296	-0.06958695	0.94041765	0.015103605	0.169875	63.0	217.24979996681213
193	0.83968085	0.13734123	1.2060564	0.6524462	1.543097	-0.74132127	12.689935	0.940703	0.31445852	1.5354874	-0.73837334	1552000	-8.381903e-09	0.12579101	-0.036609046	-0.06181709	0.9310942	0.015087077	0.17475	78.0	218.42078828811646
194	0.7737395	0.18475725	1.1082457	0.7215469	1.5419042	-0.7721615	12.525641	0.9122766	0.34922186	1.6928778	-0.7289494	1560000	-7.450581e-09	0.16409862	-0.03361223	-0.116707064	0.9755657	0.015053046	0.170625	45.0	219.4821538925171
195	0.7627891	0.21707204	1.0735494	0.7442592	1.5488089	-0.75926363	12.100932	0.8275597	0.43074042	1.7257166	-1.2099867	1568000	0.0	0.14053135	-0.037665673	-0.090069436	0.98925227	0.011244118	0.18362501	79.0	220.7094807624817
196	0.7640963	0.22340368	1.0807209	0.73242855	1.5380414	-0.35457334	11.912121	0.8268052	0.42383632	1.5283091	-0.7343482	1576000	-1.8626451e-09	0.13326517	-0.03648921	-0.10062956	0.9687894	0.014244737	0.16999999	79.0	221.86213040351868
197	0.80099684	0.1927532	1.1558313	0.6796459	1.5489467	-0.34046507	11.862804	0.9102698	0.37895864	1.6790726	-0.7900936	1584000	3.7252903e-09	0.10663083	-0.015322757	-0.0709738	0.9466044	0.015756374	0.14025	10.0	222.83001971244812
198	0.7962848	0.20371525	1.1372372	0.6991483	1.5434432	-0.34654206	11.820122	0.9124567	0.346066	1.5029905	-0.6284034	1592000	-3.7252903e-09	0.093019545	-0.028419644	-0.0763612	0.9405157	0.01500361	0.152875	40.0	223.84558653831482
199	0.7417535	0.2519965	1.0370413	0.75837314	1.5498092	-0.58608264	11.784638	0.8893436	0.38433754	1.66231	-0.7359594	1600000	3.7252903e-09	0.10203061	-0.03781724	-0.0726038	0.9613031	0.012161557	0.16225	79.0	225.13837385177612
200	0.75489724	0.24510282	1.0693588	0.74048537	1.5436981	-0.34599358	11.673653	0.85614836	0.4313555	1.5606433	-0.8026	1608000	3.7252903e-09	0.1443956	-0.033146195	-0.12311581	0.9548778	0.015183859	0.14725001	53.0	226.32085156440735
201	0.77789223	0.22210783	1.0996935	0.7162741	1.546057	-0.5206691	12.155279	0.901911	0.38183132	1.6372555	-0.7836104	1616000	1.1175871e-08	0.12442456	-0.03910584	-0.09728694	0.9750532	0.014663876	0.176875	79.0	227.56294417381287
202	0.81165886	0.17481773	1.1659982	0.6674692	1.5496848	-0.6708558	12.302216	0.9159568	0.3709037	1.7433921	-1.1345865	1624000	0.0	0.12739575	-0.024739064	-0.08422545	0.9279183	0.01507457	0.141875	29.0	228.52510142326355
203	0.7652925	0.22875513	1.0751977	0.7449162	1.5572691	-0.88431877	11.885671	0.91727	0.34518224	1.503357	-0.8295802	1632000	3.7252903e-09	0.15240043	-0.027799757	-0.1253569	0.95877707	0.0150376065	0.15625	30.0	229.57369756698608
204	0.725094	0.2554981	0.99655455	0.79641867	1.5474025	-0.91112375	12.134375	0.8532865	0.4251651	1.771001	-0.9463044	1640000	-1.8626451e-08	0.161285	-0.014352573	-0.11242044	0.9466766	0.01587132	0.13225001	9.0	230.47123622894287
205	0.713858	0.2729841	0.9915648	0.7893326	1.5479468	-0.85731936	11.558383	0.83209926	0.4158011	1.4276061	-0.729284	1648000	-5.5879354e-09	0.16147605	-0.036576018	-0.11351041	0.9495039	0.015024512	0.178625	64.0	231.6544086933136
206	0.81689024	0.17742795	1.1650623	0.68119127	1.5832233	-0.9721842	12.104037	0.87676865	0.38417906	1.5876749	-0.88455075	1656000	-7.450581e-09	0.10862288	-0.029338136	-0.07182388	0.9070787	0.0151432995	0.145125	45.0	232.67854475975037
207	0.79179335	0.18802479	1.1274459	0.695642	1.5874656	-0.4909872	12.056748	0.8972872	0.43056777	1.8712269	-0.92236996	1664000	2.7939677e-09	0.1383883	-0.036673937	-0.09244034	0.9259707	0.01278155	0.181	79.0	233.94591760635376
208	0.78918654	0.20386906	1.1151999	0.7165264	1.5918176	-0.8739554	12.065217	0.8706593	0.36847496	1.568914	-0.62155163	1672000	9.313226e-09	0.08960466	-0.03540881	-0.065270714	0.94657755	0.0150040295	0.16350001	69.0	235.07494163513184
209	0.7715558	0.22844422	1.0775669	0.72503215	1.5462847	-0.45657238	11.943252	0.9125873	0.37542915	1.9068822	-0.7170571	1680000	-8.8475645e-09	0.12331334	-0.03721556	-0.10136418	0.93406063	0.015108574	0.17625001	72.0	236.22901010513306
210	0.7743056	0.21974206	1.0980856	0.71998966	1.6045797	-0.724093	11.7259035	0.94854593	0.3227467	1.5641809	-0.76622003	1688000	-7.450581e-09	0.10750811	-0.038495507	-0.07341532	0.9414623	0.015215429	0.179375	59.0	237.31434679031372
211	0.8574927	0.12934941	1.2387354	0.6157636	1.6081593	-0.59812593	12.576299	0.929401	0.3306667	1.7081921	-0.74547654	1696000	7.450581e-09	0.093542755	-0.038141746	-0.068033785	0.9342924	0.013907088	0.176	79.0	238.4981348514557
212	0.8243735	0.17562658	1.1857611	0.6516084	1.5564214	-0.4298953	12.050613	0.97127366	0.28879398	1.6660873	-0.59035563	1704000	9.313226e-10	0.13713455	-0.037593853	-0.08634852	0.93543553	0.013487769	0.166875	79.0	239.66042709350586
213	0.77536976	0.20449135	1.0995672	0.7235047	1.5473986	-0.83851904	12.125	0.9214823	0.32242686	1.6028701	-0.85320073	1712000	5.5879354e-09	0.123384066	-0.03817968	-0.0797203	0.94811726	0.014296419	0.174	79.0	240.8461458683014
214	0.83413744	0.15928362	1.1967417	0.65488935	1.5426633	-0.78240776	12.514423	0.90248364	0.3733388	1.4568475	-0.8209387	1720000	7.450581e-09	0.06697998	-0.031819098	-0.041772768	0.93198436	0.015001869	0.15162499	44.0	241.86921095848083
215	0.8202851	0.15994152	1.17753	0.6768928	1.5408608	-0.90745133	12.477419	0.9221934	0.36231786	1.4887671	-0.60205793	1728000	1.3038516e-08	0.118293226	-0.036270723	-0.07635675	0.9382924	0.015069782	0.17375	57.0	243.00466060638428
216	0.87335527	0.120394744	1.272271	0.5822625	1.5431557	-0.782584	12.461538	0.92078125	0.31853795	1.4898088	-0.5202383	1736000	1.21071935e-08	0.12569362	-0.035048943	-0.08765937	0.9007825	0.015197263	0.16275	68.0	244.10003542900085
217	0.879339	0.11371659	1.2814453	0.5616968	1.5403553	-0.40359983	12.675806	0.9571942	0.30865863	1.4072421	-0.6045444	1744000	1.1175871e-08	0.093571626	-0.03128065	-0.058666192	0.90115446	0.015056862	0.16912499	46.0	245.16284775733948
218	0.77423203	0.2122446	1.0920461	0.7388666	1.5423223	-0.82216144	12.033951	0.9728205	0.29794517	1.977472	-0.9015244	1752000	1.8626451e-09	0.15022922	-0.03853489	-0.11421201	0.93734396	0.014246421	0.185375	79.0	246.3163502216339
219	0.80477184	0.19522813	1.1495566	0.6899755	1.5379512	-0.5232089	11.944445	0.9152239	0.3647681	1.6911174	-0.91736764	1760000	7.450581e-09	0.12571925	-0.03527847	-0.102446	0.91819674	0.015195118	0.176	61.0	247.43281841278076
220	0.76614976	0.21506894	1.0894719	0.73296976	1.589187	-0.42532828	12.018518	0.8752297	0.40717334	1.5542969	-1.101336	1768000	-3.7252903e-09	0.13780662	-0.037258416	-0.09276106	0.94702643	0.015254449	0.187875	77.0	248.66481614112854
221	0.806437	0.19356295	1.1623136	0.6721952	1.575844	-0.34717396	11.59375	0.88628757	0.38530764	1.6635954	-1.2440768	1776000	-9.313226e-09	0.116849855	-0.029706644	-0.091319695	0.88881135	0.015162702	0.153625	46.0	249.68673276901245
222	0.7595227	0.24047737	1.0785539	0.73432064	1.5810276	-0.37196994	11.19	0.912161	0.36289594	1.4357712	-1.0509697	1784000	-3.7252903e-09	0.10635991	-0.03597753	-0.08685999	0.90576124	0.015009444	0.164125	64.0	250.86321210861206
223	0.70944405	0.283977	0.9933712	0.78305984	1.5510137	-0.74860567	11.439349	0.83332217	0.453909	1.5670909	-0.9937849	1792000	-2.7939677e-09	0.08280684	-0.036577143	-0.056985117	0.94907856	0.0134499455	0.16312501	79.0	252.00133061408997
224	0.72086155	0.27345663	1.0161399	0.76748073	1.5419042	-0.7637184	11.280702	0.8748699	0.40581247	1.6150389	-0.58457273	1800000	-1.4901161e-08	0.11284495	-0.028218798	-0.079907514	0.9096491	0.015310849	0.16912499	32.0	253.11538934707642
225	0.7890251	0.20439593	1.1287417	0.6983357	1.5810276	-0.3696958	12.173913	0.8775062	0.39553654	1.6075287	-0.5739078	1808000	2.0954758e-09	0.115318194	-0.037235215	-0.08041565	0.93490577	0.015196161	0.177375	70.0	254.22220826148987
226	0.7986116	0.20138842	1.139239	0.69683653	1.551492	-0.38757446	11.747006	0.9249082	0.34150097	1.5315595	-0.69059014	1816000	0.0	0.1181763	-0.038952775	-0.093288526	0.91480863	0.015073182	0.165625	73.0	255.43195700645447
227	0.7496861	0.25031385	1.0498748	0.7495006	1.6	-0.43603808	11.54042	0.93791676	0.34233758	1.6192073	-0.93211573	1824000	-1.1175871e-08	0.15152633	-0.03653904	-0.11642362	0.9173757	0.013902239	0.1785	79.0	256.5683898925781
228	0.7392202	0.255098	1.0360835	0.76050615	1.6	-0.5683038	11.671131	0.87237394	0.39627635	1.559415	-0.911555	1832000	0.0	0.14772844	-0.03969763	-0.10757129	0.92529106	0.013237018	0.169375	79.0	257.75513315200806
229	0.74997294	0.23782466	1.0584055	0.7569417	1.6	-1.1042552	11.620536	0.82131904	0.45034102	1.6856879	-0.9811786	1840000	1.4901161e-08	0.123108864	-0.015654376	-0.07389894	0.9233774	0.016520254	0.13475001	11.0	258.68407249450684
230	0.7756493	0.22435066	1.1061871	0.7072713	1.5519042	-0.31255737	11.639221	0.9137879	0.37343127	1.7069609	-1.1565831	1848000	3.7252903e-09	0.102299064	-0.036944285	-0.07041581	0.9278816	0.012127572	0.161	79.0	259.8659145832062
231	0.8071463	0.16609278	1.1581166	0.6748795	1.6	-0.39459455	12.363208	0.89532214	0.36674833	1.5560646	-0.65418226	1856000	3.7252903e-09	0.1346891	-0.029266033	-0.09588221	0.8959284	0.0150618525	0.15125	39.0	260.86385107040405
232	0.76483256	0.22858852	1.0832444	0.7256497	1.6	-0.49706745	11.821212	0.86696607	0.38552004	1.5010157	-0.66084117	1864000	-4.656613e-09	0.13612363	-0.038923047	-0.091742106	0.9086093	0.013260357	0.16725	79.0	262.04629015922546
233	0.81694293	0.17647813	1.1772943	0.6689735	1.5934612	-0.6328137	11.881098	0.9514589	0.32164556	1.4576132	-0.5674998	1872000	9.313226e-09	0.09323701	-0.03780819	-0.07268737	0.90552795	0.010361399	0.1575	79.0	263.1933386325836
234	0.8801378	0.11361215	1.2863857	0.5573021	1.5934612	-0.37144756	12.35828	0.94993746	0.34598824	1.6680855	-0.6625951	1880000	3.7252903e-09	0.07394962	-0.030051555	-0.049956903	0.8890806	0.015078768	0.15349999	50.0	264.25983238220215
235	0.8149697	0.18503027	1.1671443	0.66810536	1.6053554	-0.478335	11.925304	0.9839982	0.27231225	1.6390487	-0.6496253	1888000	0.0	0.08171326	-0.037847705	-0.05421807	0.8831247	0.011000151	0.17899999	79.0	265.41328263282776
236	0.7686565	0.2049233	1.09933	0.7211131	1.5481594	-0.891186	12.190994	0.95020384	0.33326533	1.5695641	-0.6947036	1896000	0.0	0.15334211	-0.036792576	-0.09647812	0.9014213	0.013969751	0.1825	79.0	266.6068334579468
237	0.8367847	0.16321534	1.2084253	0.63056225	1.5546703	-0.40698066	12.376602	0.8864553	0.36853653	1.7314104	-0.630617	1904000	-6.519258e-09	0.13210402	-0.03823087	-0.10825881	0.9089936	0.015098419	0.17012501	66.0	267.7404990196228
238	0.82254076	0.17088032	1.1854359	0.6555789	1.5390186	-0.4599353	12.240446	0.9119549	0.35780284	1.5563776	-0.51572907	1912000	1.3969839e-09	0.10840784	-0.037641067	-0.08433652	0.91169274	0.0143139735	0.16425	79.0	268.91368317604065
239	0.8492116	0.143844	1.2264593	0.6340951	1.5534314	-0.85424155	12.370193	0.9452634	0.32434162	1.7349391	-0.67800426	1920000	0.0	0.08464612	-0.036235034	-0.07033536	0.9069655	0.015107452	0.158125	77.0	270.1466042995453
240	0.85794175	0.14205828	1.2495521	0.5980979	1.5434612	-0.42468446	12.19375	0.9604204	0.33514482	1.7193158	-0.9970892	1928000	-6.519258e-09	0.075274184	-0.03670942	-0.05286491	0.88304794	0.014669348	0.16662501	79.0	271.33005452156067
241	0.82457983	0.16181722	1.1795048	0.66793	1.5475	-0.47576228	12.452532	0.934833	0.36140317	1.4560128	-0.70820415	1936000	0.0	0.1199218	-0.03587807	-0.09658916	0.90284944	0.015068455	0.18325001	76.0	272.54111552238464
242	0.81512445	0.18487555	1.1727513	0.6710575	1.5429006	-0.44851556	11.872727	0.9294062	0.33806312	1.4949944	-0.6443969	1944000	1.8626451e-08	0.115140244	-0.03628286	-0.09385285	0.876857	0.015103679	0.170875	71.0	273.66159677505493
243	0.8103227	0.18967733	1.1569976	0.6835957	1.5810276	-0.36518398	11.996895	0.92818886	0.35830423	1.5662283	-0.473898	1952000	-1.4901161e-08	0.09627798	-0.02635315	-0.07562752	0.89638525	0.015062472	0.13775	38.0	274.73823952674866
244	0.7689424	0.21904384	1.0935498	0.7156763	1.5810276	-0.41510385	11.691617	0.9137174	0.38620222	1.551583	-0.9396593	1960000	3.7252903e-09	0.098050565	-0.034163482	-0.056484528	0.8651637	0.015056269	0.1655	60.0	275.87873554229736
245	0.807261	0.17991	1.163315	0.67313737	1.5680826	-0.344081	11.882622	0.91600776	0.35187873	1.6963314	-0.6442713	1968000	0.0	0.115464695	-0.03583288	-0.08056398	0.8737894	0.015039832	0.17737499	72.0	277.04323530197144
246	0.7434771	0.2565229	1.0595894	0.7439008	1.5430241	-0.5152129	11.416667	0.90251195	0.37690207	1.7793263	-1.0567667	1976000	4.656613e-09	0.10260859	-0.038384877	-0.072996385	0.9241756	0.015082285	0.182125	74.0	278.1765570640564
247	0.7327101	0.26071092	1.0313845	0.7589194	1.5539963	-0.83509374	11.491072	0.86061937	0.4349235	1.9349966	-0.8989452	1984000	-2.7939677e-09	0.11436653	-0.035741623	-0.08260934	0.93300956	0.015361407	0.181875	76.0	279.35039377212524
248	0.79140604	0.20859393	1.130237	0.69303244	1.5507718	-0.31592077	11.886503	0.8689702	0.42619053	1.5892718	-1.312176	1992000	-7.450581e-09	0.08247399	-0.023426615	-0.06938526	0.897558	0.015217142	0.13700001	25.0	280.3155963420868
249	0.7366836	0.25736403	1.0473077	0.7457484	1.6	-0.3765519	11.300287	0.930325	0.3573487	1.5058606	-1.0868323	2000000	7.450581e-09	0.114777535	-0.039492503	-0.07587606	0.88710654	0.013289747	0.17012501	79.0	281.50121784210205
250	0.74891776	0.25108227	1.0641468	0.7407012	1.6	-0.3635707	11.383041	0.8909786	0.38502014	1.4668334	-1.0413969	2008000	1.8626451e-09	0.107512735	-0.03626834	-0.07721128	0.8909158	0.0150820045	0.167625	74.0	282.6271541118622
251	0.73164266	0.25645256	1.0321362	0.7636909	1.5940253	-0.77821827	11.162356	0.9246462	0.3486204	1.5741427	-0.4889923	2016000	1.8626451e-08	0.15528628	-0.038857166	-0.108550735	0.8680965	0.012456178	0.177	79.0	283.8103516101837
252	0.74383116	0.24453464	1.0501975	0.7562289	1.6031548	-0.7497032	11.455882	0.84636235	0.4158849	1.5981354	-0.60783625	2024000	-9.313226e-09	0.11279788	-0.031465456	-0.0831376	0.86697614	0.015041767	0.151625	38.0	284.803692817688
253	0.7404809	0.2595191	1.0457209	0.7455598	1.6081593	-0.32132298	11.309593	0.86572427	0.40277743	1.5723026	-1.0306032	2032000	1.8626451e-08	0.14920813	-0.037147216	-0.118261606	0.89317334	0.015020097	0.1635	64.0	285.9298746585846
254	0.7640828	0.22996482	1.0930482	0.71665317	1.6072656	-0.35093832	11.453217	0.8963148	0.40149808	1.5624764	-0.723132	2040000	-4.656613e-09	0.10054096	-0.036279753	-0.080892414	0.8413335	0.012578688	0.17462501	79.0	287.1766743659973
255	0.71429694	0.2794531	0.9980141	0.7805227	1.6	-0.64980316	11.25	0.85322285	0.41484675	1.8701925	-0.7808089	2048000	-1.4901161e-08	0.14373912	-0.038744982	-0.118702605	0.8939025	0.015162498	0.17275	76.0	288.3106622695923
256	0.7651719	0.21472578	1.0946397	0.7166997	1.5833666	-0.37817454	11.917178	0.86566645	0.42290804	1.8031247	-0.78167623	2056000	5.5879354e-09	0.15205805	-0.018367302	-0.1114175	0.86158454	0.015470076	0.13125	14.0	289.31236696243286
257	0.77322817	0.21361396	1.1125121	0.7028801	1.5517418	-0.3937231	11.666167	0.88847494	0.36322755	1.7563107	-0.60347795	2064000	-4.656613e-09	0.11453871	-0.03214164	-0.077359036	0.85802025	0.015069602	0.1415	43.0	290.3361473083496
258	0.824654	0.16145715	1.177228	0.66646105	1.5466086	-0.5258301	12.501613	0.916533	0.36707932	1.6090612	-0.7284806	2072000	-3.7252903e-09	0.10007559	-0.035577342	-0.06343663	0.8587363	0.015039076	0.16425	67.0	291.5516052246094
259	0.79011595	0.20988408	1.1308491	0.69785637	1.5445815	-0.47773713	11.859091	0.9422151	0.3275281	1.5657684	-1.1604811	2080000	7.450581e-09	0.107347205	-0.0313875	-0.07991079	0.8699126	0.015045572	0.160375	42.0	292.5835175514221
260	0.79005754	0.20994247	1.1334754	0.68578607	1.5428691	-0.46102375	11.831819	0.9020382	0.37105852	1.530817	-1.0963775	2088000	-7.450581e-09	0.1064976	-0.036897164	-0.07928503	0.8802681	0.012051586	0.166125	79.0	293.8158941268921
261	0.823183	0.17681704	1.1863219	0.64991057	1.5500258	-0.4219539	12.015337	0.93357384	0.35518512	1.7542088	-1.2769322	2096000	-2.0489097e-08	0.093889296	-0.0370303	-0.06950991	0.8504803	0.015009024	0.168625	65.0	294.91511368751526
262	0.8154192	0.17142287	1.182462	0.6600654	1.5522535	-0.45471787	12.089506	0.92994505	0.35104856	1.5139341	-0.9221916	2104000	-3.7252903e-09	0.10406979	-0.037744388	-0.06761059	0.8564329	0.0130636	0.1645	79.0	296.12674951553345
263	0.80476236	0.18303524	1.1546102	0.6774507	1.5548223	-0.36016083	12.060559	0.9099203	0.36888292	1.5829861	-0.7052479	2112000	5.5879354e-09	0.09679934	-0.033022474	-0.07352048	0.84547776	0.015317835	0.157125	63.0	297.20939779281616
264	0.80739254	0.17132261	1.1614922	0.6838086	1.5529512	-0.6083484	12.476114	0.8851011	0.39462614	1.4512992	-0.9347106	2120000	7.450581e-09	0.13448444	-0.033095475	-0.09224337	0.83296156	0.015000044	0.15362501	47.0	298.28335547447205
265	0.79577637	0.19764468	1.1442084	0.6948719	1.5405481	-0.6261583	11.976708	0.8860324	0.36271265	1.654005	-0.6351929	2128000	1.4901161e-08	0.09806538	-0.034120627	-0.07950618	0.8589963	0.015011728	0.1575	48.0	299.31157517433167
266	0.76536083	0.21556021	1.0871952	0.7328359	1.5386981	-0.84250665	12.0125	0.8735574	0.42203054	1.6364201	-0.7118864	2136000	-3.7252903e-09	0.11532866	-0.033048082	-0.09066491	0.8514821	0.015025154	0.1625	54.0	300.4085040092468
267	0.7994711	0.19358453	1.1496882	0.68279856	1.545	-0.3574504	11.833833	0.9077652	0.39938498	1.804234	-0.9720066	2144000	-1.8626451e-09	0.071484	-0.038983133	-0.051550627	0.8285393	0.014638309	0.176125	79.0	301.56448554992676
268	0.7553828	0.21892801	1.0754602	0.7379296	1.5529985	-0.69174325	11.97546	0.9013704	0.38319188	1.5915196	-0.67964256	2152000	-1.0244548e-08	0.12362951	-0.03206604	-0.09200449	0.83957654	0.015065227	0.154125	42.0	302.6198751926422
269	0.7960949	0.1907107	1.1426663	0.6984198	1.5546703	-0.65650105	12.009259	0.8512593	0.4503767	1.6723137	-0.7693629	2160000	-5.5879354e-09	0.103914976	-0.03125811	-0.08975132	0.8313411	0.015010709	0.144	45.0	303.6395146846771
270	0.72884536	0.26457572	1.0275543	0.7567918	1.5546457	-0.4061538	11.613905	0.8970033	0.4102897	2.0257883	-0.9193188	2168000	1.3038516e-08	0.099151924	-0.036946684	-0.07384226	0.84341913	0.013174849	0.16875	79.0	304.82344460487366
271	0.7489718	0.25102815	1.0532408	0.7456433	1.5484582	-0.4434065	11.559172	0.8654941	0.4273156	1.5047276	-0.77378404	2176000	3.7252903e-09	0.11633041	-0.038131468	-0.08559336	0.84328336	0.014822817	0.17525	79.0	305.9848852157593
272	0.7682589	0.22578865	1.0850675	0.7261823	1.6	-0.7845966	11.53125	0.9065122	0.37017632	1.4921224	-1.115557	2184000	-9.313226e-09	0.1081797	-0.03472996	-0.090933844	0.8181715	0.015078102	0.15825	56.0	307.0974700450897
273	0.7413551	0.23943964	1.0432835	0.7515268	1.6	-0.52265066	11.563609	0.8937222	0.4039346	1.9758124	-0.67822415	2192000	1.8626451e-09	0.12432585	-0.035157822	-0.08525041	0.8190478	0.015022699	0.1685	62.0	308.1802730560303
274	0.7715909	0.2159091	1.1062282	0.7196926	1.6081593	-0.39942825	11.582353	0.88517153	0.3780421	1.6033005	-0.73754996	2200000	1.1175871e-08	0.094796106	-0.037892535	-0.06493706	0.81667376	0.010626634	0.163125	79.0	309.39591884613037
275	0.7135011	0.27429652	1.0005232	0.78356475	1.6053554	-0.73011285	11.625749	0.8558902	0.43641236	1.625119	-0.8409622	2208000	5.5879354e-09	0.14007324	-0.03556438	-0.103588365	0.82934153	0.015025971	0.165375	63.0	310.5240442752838
276	0.7404866	0.2529345	1.0530775	0.7424385	1.6081593	-0.4200927	11.440476	0.8412644	0.42248148	1.7746387	-1.2373028	2216000	0.0	0.13459763	-0.032135125	-0.1037295	0.8116431	0.015065759	0.145875	43.0	311.57648968696594
277	0.7840826	0.20202851	1.1323326	0.6896257	1.6	-0.4258484	11.719697	0.9202544	0.38872132	1.6319246	-1.1711353	2224000	-2.7939677e-09	0.09564162	-0.028848946	-0.07500641	0.8066833	0.015317384	0.14412498	34.0	312.5565321445465
278	0.71439534	0.25333124	1.0030876	0.775506	1.5740968	-0.42912927	11.887345	0.8959145	0.3889025	1.6991044	-0.9494821	2232000	-5.5879354e-09	0.17467687	-0.038661785	-0.13282531	0.8236372	0.014502697	0.18225	79.0	313.7540612220764
279	0.7966678	0.20333219	1.1426823	0.6911308	1.6081593	-0.4523477	11.880303	0.8192395	0.4374818	1.4912187	-1.3251479	2240000	1.21071935e-08	0.13667363	-0.034314204	-0.11662634	0.826396	0.015178604	0.15224999	54.0	314.8136639595032
280	0.8074961	0.186254	1.1591781	0.6729755	1.6068586	-0.35629725	12.089506	0.9157671	0.38368595	1.7070268	-1.4355906	2248000	-7.450581e-09	0.07828576	-0.035030365	-0.05624558	0.8057645	0.015200224	0.15375	68.0	315.99472427368164
281	0.8201593	0.16631731	1.1766678	0.6698532	1.5907106	-0.47646838	12.204403	0.945392	0.30915326	1.5280794	-0.54647994	2256000	6.519258e-09	0.10442806	-0.0340195	-0.062527075	0.79014647	0.01348662	0.15650001	79.0	317.2513656616211
282	0.8000237	0.1999763	1.1440256	0.6841346	1.6029005	-0.47296175	11.535714	0.9484514	0.31725475	1.6720768	-0.6968523	2264000	-7.450581e-09	0.082166895	-0.037765995	-0.062308192	0.7881346	0.014825016	0.172625	79.0	318.4018123149872
283	0.80132574	0.19172981	1.1529009	0.68110543	1.551264	-0.49627572	11.814024	0.93449134	0.3466835	1.563127	-0.9681647	2272000	-3.7252903e-09	0.08645998	-0.03267665	-0.058942784	0.7853234	0.015051491	0.152375	56.0	319.5584571361542
284	0.7697891	0.19691417	1.108299	0.7099719	1.5494932	-0.45417145	12.338141	0.89302784	0.40454027	1.5421153	-0.9922991	2280000	3.7252903e-09	0.111357056	-0.03603632	-0.07900451	0.7975404	0.013429539	0.17774999	79.0	320.69361567497253
285	0.78569865	0.19489348	1.1310898	0.7020501	1.5410594	-0.72979295	12.237342	0.86393374	0.41113922	1.7920117	-0.7323775	2288000	1.1175871e-08	0.12258867	-0.030014023	-0.10069688	0.7921046	0.015085947	0.14649999	37.0	321.72594714164734
286	0.80582565	0.16785857	1.159005	0.6872268	1.5561718	-0.70694494	12.321202	0.90490055	0.3592849	1.5587382	-0.921756	2296000	-9.313226e-09	0.16568199	-0.0353297	-0.13020074	0.76803803	0.01195184	0.167625	79.0	322.8657841682434
287	0.8489405	0.15105948	1.2317451	0.6264008	1.5571946	-0.4139119	11.990741	0.9032192	0.35336012	1.4745138	-0.8483159	2304000	6.519258e-09	0.096689746	-0.035332438	-0.074168004	0.7624204	0.01502261	0.15075	64.0	323.99505138397217
288	0.84319174	0.15680821	1.2177635	0.6303642	1.5508105	-0.42556942	12.10559	0.9409319	0.36393782	1.5830346	-0.5883471	2312000	-1.8626451e-08	0.07710734	-0.03541884	-0.062636286	0.754791	0.014298875	0.16299999	79.0	325.12905502319336
289	0.7811465	0.19944556	1.1180978	0.7141276	1.5431594	-0.6996281	12.029141	0.9330375	0.37203658	1.700437	-1.3760265	2320000	-2.2351742e-08	0.10540798	-0.021819126	-0.07594167	0.78422236	0.015525882	0.148625	19.0	326.1037073135376
290	0.789552	0.197948	1.1394565	0.6848228	1.5553553	-0.3332319	11.907576	0.9270028	0.3648133	1.5277541	-1.1886894	2328000	7.450581e-09	0.10635258	-0.03500042	-0.07283894	0.7631769	0.014765794	0.172125	79.0	327.23779249191284
291	0.76785123	0.22589874	1.1026824	0.7202636	1.5527295	-0.59368247	11.528274	0.88742846	0.39615893	1.527693	-0.9362581	2336000	-1.9092113e-08	0.11077031	-0.03864567	-0.07600797	0.77113414	0.014511344	0.16775	79.0	328.4929518699646
292	0.76758075	0.21991931	1.1001543	0.7245546	1.5526776	-0.5705212	11.70509	0.89297277	0.41823265	1.4948896	-1.0674236	2344000	1.4901161e-08	0.11747722	-0.018074878	-0.091452986	0.78505206	0.015022338	0.13912499	16.0	329.48171949386597
293	0.7866627	0.20675838	1.121182	0.7104681	1.5568587	-0.8236743	11.973927	0.872871	0.39427945	1.9264865	-0.7958948	2352000	3.7252903e-09	0.109980956	-0.03322605	-0.09579909	0.7999519	0.015107181	0.150125	65.0	330.65655517578125
294	0.74182904	0.258171	1.0458013	0.7551569	1.5488507	-0.4580713	11.468935	0.88747877	0.42423585	1.6558573	-0.6205936	2360000	2.4214387e-08	0.13718006	-0.03249493	-0.11289936	0.7971808	0.015068105	0.14925	49.0	331.6900565624237
295	0.7293255	0.26472217	1.0224549	0.76808256	1.5554663	-0.4477606	11.416667	0.833437	0.4373105	1.5351632	-0.7710169	2368000	-1.8626451e-09	0.12989247	-0.037999496	-0.103834964	0.7987163	0.0151154995	0.164	65.0	332.83584570884705
296	0.77934784	0.20815217	1.1107085	0.71127903	1.5659374	-0.39387155	11.778614	0.871355	0.43067154	1.5502942	-0.7181859	2376000	2.2351742e-08	0.10239726	-0.036114708	-0.07549697	0.76326984	0.015271083	0.162	75.0	333.99688935279846
297	0.7864261	0.20699495	1.1283194	0.69860137	1.6053554	-0.42479086	11.598214	0.91955256	0.3566127	1.5531737	-0.6438575	2384000	7.450581e-09	0.089429595	-0.03903018	-0.0630455	0.7729847	0.013699882	0.164375	79.0	335.1775426864624
298	0.7720238	0.21408731	1.1029166	0.73063815	1.6079513	-0.8985968	11.900307	0.88035583	0.4028972	1.5649848	-0.89727294	2392000	-1.4901161e-08	0.06941992	-0.03701075	-0.053967968	0.78416556	0.013959381	0.17249998	79.0	336.4326961040497
299	0.73802406	0.26197594	1.0480838	0.74549997	1.6	-0.38361368	11.570359	0.875323	0.43475956	1.6005276	-0.9942831	2400000	-1.8626451e-09	0.09352598	-0.034851916	-0.0721628	0.7710742	0.015003248	0.15775	69.0	337.5631763935089
300	0.7736572	0.2197639	1.1059984	0.7145776	1.5664214	-0.3851019	11.729042	0.9033884	0.39019102	1.5304943	-0.9116981	2408000	9.313226e-09	0.12163353	-0.03620354	-0.0984734	0.77193415	0.0134898815	0.167	79.0	338.7937948703766
301	0.77555645	0.2043047	1.100749	0.7162327	1.5934612	-0.7946807	12.006135	0.88790846	0.39356923	1.9632384	-0.94581	2416000	-1.9557774e-08	0.14101154	-0.0323535	-0.108607754	0.7645061	0.015122275	0.159375	48.0	339.8322379589081
302	0.8071899	0.1799812	1.1504433	0.6847416	1.5659374	-0.84334505	12.26424	0.8783868	0.402393	1.7844262	-0.74023634	2424000	-1.8626451e-08	0.088940196	-0.034096435	-0.0731222	0.77345073	0.015095852	0.15900001	52.0	340.9623999595642
303	0.80363363	0.16964853	1.1658466	0.66041195	1.6	-0.4079718	12.279688	0.93736255	0.33851212	1.6119033	-0.86867255	2432000	3.7252903e-09	0.1252186	-0.03725075	-0.091059566	0.73786414	0.015059448	0.161875	73.0	342.09931778907776
304	0.8679892	0.12465785	1.2617764	0.5924326	1.5927485	-0.7047471	12.323249	0.9472881	0.28952035	1.483305	-0.65077484	2440000	7.450581e-09	0.08347443	-0.03363688	-0.06969628	0.7451265	0.015190054	0.152125	69.0	343.26376271247864
305	0.8309315	0.15554512	1.2033811	0.6367551	1.5532107	-0.74364877	12.379746	0.9763796	0.28884634	1.7866974	-1.0479968	2448000	-1.8626451e-08	0.12203106	-0.035988837	-0.09476326	0.7467887	0.015092883	0.15825	65.0	344.38538241386414
306	0.83287334	0.15323775	1.2048209	0.63759094	1.5464928	-0.81078494	12.13125	0.9040695	0.3644939	1.5372627	-0.8654706	2456000	3.7252903e-09	0.09833418	-0.028963149	-0.074287854	0.7336012	0.015090408	0.13675	46.0	345.4860785007477
307	0.8029517	0.19046932	1.1452534	0.69596606	1.5733473	-0.8010613	11.798485	0.952732	0.34053937	1.6654918	-0.7608763	2464000	1.1175871e-08	0.102304325	-0.038629413	-0.07475066	0.7436999	0.012161718	0.17337501	79.0	346.63274908065796
308	0.7888875	0.20453356	1.1280193	0.70575917	1.5483472	-0.8983809	11.589286	0.94093406	0.3628044	1.6871988	-0.89497876	2472000	0.0	0.122892976	-0.036586806	-0.09025712	0.7302714	0.01506828	0.160125	55.0	347.73633646965027
309	0.83512425	0.14543128	1.2125384	0.63992953	1.5508014	-0.74542314	12.48718	0.9023974	0.3630424	1.4858966	-0.60798	2480000	-7.450581e-09	0.12023512	-0.02728391	-0.093557075	0.72521937	0.015088173	0.128625	37.0	348.7284107208252
310	0.844126	0.14929512	1.229661	0.6185014	1.5483884	-0.7292448	12.123438	0.9218962	0.3443942	1.5064155	-0.6034765	2488000	-3.7252903e-09	0.06516311	-0.034828875	-0.050892934	0.7285359	0.015134273	0.148875	72.0	349.88245272636414
311	0.7604784	0.22699028	1.0822562	0.7368887	1.5518177	-0.7257692	11.556213	0.93269694	0.37611565	1.4575258	-0.74860775	2496000	-9.313226e-09	0.115052015	-0.02034672	-0.081309736	0.7430989	0.015545642	0.13374999	17.0	350.81190276145935
312	0.8236382	0.16247296	1.1916026	0.6593246	1.5493058	-0.893327	12.067902	0.8852412	0.39379397	1.5107065	-0.949487	2504000	1.3038516e-08	0.0937688	-0.032967553	-0.08027096	0.7451952	0.015025746	0.15237501	69.0	351.9635806083679
313	0.79702383	0.2029762	1.1493238	0.68622357	1.5442934	-0.37532592	11.61527	0.9772932	0.31214473	1.4518845	-0.77845633	2512000	-7.450581e-09	0.121496975	-0.03511989	-0.0975039	0.74165165	0.0150268935	0.14737499	56.0	353.0285258293152
314	0.7928883	0.20053278	1.1455181	0.6844226	1.5564214	-0.3556377	11.589286	0.9062823	0.40679476	1.920526	-1.1905022	2520000	1.1175871e-08	0.08716616	-0.032195847	-0.067721255	0.73968107	0.015105559	0.1555	64.0	354.15938687324524
315	0.775947	0.21185066	1.1100153	0.7182737	1.5575	-0.7031524	11.828788	0.9165642	0.38371035	1.8369584	-0.8388905	2528000	-1.3038516e-08	0.094118446	-0.037383202	-0.0655236	0.7542384	0.011933966	0.1635	79.0	355.30694127082825
316	0.73221266	0.2608429	1.0284033	0.760849	1.5522656	-0.6049859	11.327941	0.8323905	0.4290483	1.428368	-0.6627362	2536000	9.313226e-10	0.13120116	-0.034211785	-0.09285374	0.77107096	0.015044924	0.16125	64.0	356.4724340438843
317	0.8154491	0.18455088	1.1819444	0.6610693	1.5533473	-0.40898916	11.692771	0.9254067	0.34942862	1.4143348	-0.78833306	2544000	7.450581e-09	0.07550134	-0.038480803	-0.061898787	0.7507616	0.012505839	0.17300001	79.0	357.6130394935608
318	0.74511397	0.25488603	1.0586786	0.744065	1.6081593	-0.3956519	11.2327585	0.904244	0.3937679	1.3695321	-0.85306776	2552000	-7.450581e-09	0.09848827	-0.0356497	-0.079509184	0.7727679	0.015024763	0.17287499	76.0	358.7800929546356
319	0.7699096	0.23009042	1.0936427	0.72453064	1.5603998	-0.40942875	11.423977	0.89996666	0.40314603	1.7732501	-0.653057	2560000	1.4901161e-08	0.069111966	-0.02841724	-0.050871164	0.7618024	0.015226454	0.15249999	38.0	359.7771327495575
320	0.7374459	0.25035173	1.04761	0.7487663	1.5437686	-0.4201031	11.361111	0.8980062	0.41921547	1.5695266	-0.8245475	2568000	0.0	0.117937446	-0.020158282	-0.09196853	0.75313526	0.01508939	0.131125	18.0	360.8115727901459
321	0.7741375	0.21333113	1.1079024	0.72223693	1.6053554	-0.4944705	11.582335	0.8709922	0.421203	1.6986287	-0.8991157	2576000	-3.7252903e-09	0.094822146	-0.019474374	-0.06644949	0.7705217	0.015328374	0.134375	15.0	361.75076150894165
322	0.7429569	0.25046423	1.0470704	0.74681586	1.5934612	-0.35926127	11.439349	0.8665198	0.4269409	1.6290073	-0.6163329	2584000	3.7252903e-09	0.10456036	-0.030414319	-0.07805412	0.7869131	0.015159848	0.160875	54.0	362.84191036224365
323	0.7675066	0.22624342	1.0996449	0.7138365	1.5664214	-0.34825748	11.513158	0.9042343	0.37817234	1.502384	-0.56464624	2592000	3.7252903e-09	0.1186624	-0.037283435	-0.09068145	0.7614429	0.014536042	0.16912499	79.0	364.0434856414795
324	0.80603313	0.19396684	1.1454616	0.6863868	1.6	-0.42679977	11.565089	0.8996531	0.3940066	1.4401708	-1.7762735	2600000	-1.8626451e-09	0.10905951	-0.03720422	-0.08529634	0.74548376	0.014823844	0.159625	79.0	365.31924319267273
325	0.7577698	0.24223015	1.073528	0.73132634	1.551066	-0.36532092	11.489766	0.9350786	0.36223978	1.5974026	-0.8338872	2608000	-1.8626451e-08	0.104444936	-0.022157986	-0.08649775	0.7556443	0.015674656	0.138125	18.0	366.28903675079346
326	0.82484245	0.16821316	1.192779	0.65484357	1.6053554	-0.75008005	11.924847	0.89322585	0.40481058	1.7334685	-0.8941127	2616000	7.450581e-09	0.12843978	-0.029619545	-0.09758968	0.7380318	0.015024228	0.13525	48.0	367.3482253551483
327	0.85522187	0.14477815	1.2430819	0.6125503	1.596066	-0.45458868	12.0138035	0.9552693	0.32984766	1.4619861	-0.9613055	2624000	5.5879354e-09	0.05291446	-0.03412304	-0.040026374	0.7262465	0.012613785	0.155125	79.0	368.6097295284271
328	0.8495692	0.13727286	1.2276688	0.6229308	1.6	-0.67810273	12.124224	0.9698371	0.31971058	1.6219045	-0.49687812	2632000	-5.122274e-09	0.07987231	-0.027596816	-0.065173686	0.7440576	0.015065359	0.1395	36.0	369.61882853507996
329	0.7974524	0.18310311	1.1506425	0.68190145	1.6081593	-0.60285753	11.987655	0.914416	0.37692076	1.5040151	-0.7391209	2640000	-5.5879354e-09	0.10552415	-0.032593615	-0.063810855	0.71904075	0.0151547715	0.1525	59.0	370.77941942214966
330	0.86314225	0.13027883	1.2526796	0.60059863	1.568566	-0.76177394	12.316038	0.9195283	0.33206135	1.4641786	-0.76156986	2648000	7.450581e-09	0.08673601	-0.035790525	-0.06880804	0.72532636	0.0134312315	0.15562499	79.0	371.9249892234802
331	0.8262688	0.16715226	1.1872972	0.6641845	1.5453553	-0.8120292	12.1484375	0.95445305	0.34045744	1.5626807	-0.7701992	2656000	-3.7252903e-09	0.113495514	-0.02935945	-0.09114836	0.73064625	0.015173344	0.140625	36.0	373.07235836982727
332	0.8637897	0.12301587	1.2547123	0.6110167	1.5492767	-1.0408909	12.334375	0.94260204	0.35116625	1.4416021	-0.9796878	2664000	7.450581e-09	0.11231346	-0.031677566	-0.07730794	0.7199364	0.015080455	0.1475	61.0	374.18555784225464
333	0.8178173	0.16992196	1.1753325	0.6638908	1.558566	-0.392339	12.013889	0.92056274	0.36358562	1.4364551	-0.90405685	2672000	1.4901161e-08	0.11562924	-0.026703779	-0.07498187	0.7147569	0.015043767	0.13075	35.0	375.2679879665375
334	0.7969911	0.18981448	1.1362592	0.6997583	1.5474025	-1.0545176	11.937117	0.9385758	0.31433228	1.5640638	-0.68754685	2680000	1.1175871e-08	0.15010756	-0.03966821	-0.1159487	0.74379	0.014723096	0.17125	79.0	376.4094030857086
335	0.83437526	0.15868032	1.2049488	0.6551451	1.5517459	-0.7652469	11.930982	0.92581767	0.3655187	1.6252337	-1.1018103	2688000	9.313226e-09	0.100824565	-0.029777817	-0.076676235	0.7211657	0.01506768	0.13212499	49.0	377.49559712409973
336	0.766409	0.21348871	1.0953116	0.72906876	1.5579512	-1.1344111	11.79394	0.9285728	0.3626871	1.4729418	-0.50711036	2696000	-3.1664968e-08	0.14005587	-0.036787644	-0.08200872	0.74104404	0.01499233	0.173	79.0	378.7023272514343
337	0.811466	0.18853402	1.1781625	0.66070765	1.5529006	-0.3046145	11.41279	0.89275414	0.3899253	1.4826635	-1.1780589	2704000	-7.450581e-09	0.07960402	-0.027793445	-0.061059196	0.71848273	0.01507644	0.12900001	32.0	379.7135112285614
338	0.7724352	0.20815694	1.1041063	0.7316494	1.5529006	-0.9795988	11.868098	0.8993479	0.4004485	1.4373308	-0.761003	2712000	-2.0489097e-08	0.10322491	-0.038672663	-0.06816217	0.7378362	0.01516154	0.166125	72.0	380.82609844207764
339	0.7652047	0.2216374	1.0947989	0.7169928	1.5531594	-0.33984083	11.570588	0.8757238	0.41853985	1.7130063	-0.79135144	2720000	-1.5832484e-08	0.10245116	-0.031459786	-0.07257083	0.7128769	0.01506713	0.1455	52.0	381.9105942249298
340	0.78195465	0.21179536	1.1195171	0.7117172	1.5534753	-0.761819	11.626488	0.9131082	0.3745358	1.4806488	-0.6112258	2728000	1.1175871e-08	0.08985851	-0.03451383	-0.064960755	0.73661816	0.0148689225	0.166375	79.0	383.04835867881775
341	0.72454077	0.26977742	1.012816	0.77217245	1.5591569	-0.4600395	11.362573	0.86800206	0.45461765	1.4779297	-1.1846497	2736000	-9.313226e-09	0.110810675	-0.031919546	-0.083652355	0.7596127	0.015009323	0.15375	56.0	384.16220211982727
342	0.7884517	0.21154833	1.1276733	0.7053303	1.6053554	-0.3890926	11.584822	0.87629455	0.41198725	1.567822	-0.8518168	2744000	7.450581e-09	0.07343621	-0.035958	-0.055165157	0.71057224	0.015153928	0.14750001	67.0	385.2730293273926
343	0.74537	0.24838004	1.0613679	0.7449509	1.6081593	-0.7580334	11.260175	0.90197927	0.40451747	1.4108752	-0.83577955	2752000	9.313226e-09	0.09472273	-0.03748149	-0.07024169	0.7332413	0.015166674	0.159875	71.0	386.42924904823303
344	0.7719133	0.22808677	1.0995057	0.72467136	1.6053554	-0.41050014	11.19	0.90972155	0.40083492	1.7187953	-0.85191894	2760000	-7.450581e-09	0.0883477	-0.03802993	-0.07233	0.7163655	0.014777621	0.16887501	79.0	387.5694751739502
345	0.7678045	0.21867217	1.0796474	0.7536704	1.6	-1.1136303	11.697289	0.8713597	0.43076876	1.777991	-0.8090494	2768000	1.8626451e-08	0.13327995	-0.03202442	-0.10322879	0.7261827	0.015067843	0.147	49.0	388.64583468437195
346	0.7708345	0.2291655	1.105961	0.71637803	1.6081593	-0.356828	11.375723	0.9129875	0.3788987	1.567705	-0.8589108	2776000	1.4901161e-08	0.11996193	-0.037606668	-0.09968865	0.71932274	0.015011516	0.171375	76.0	389.79970622062683
347	0.75792754	0.24207252	1.0687648	0.7383732	1.5934612	-0.4085111	11.454679	0.9190757	0.36117807	1.4968228	-0.8635479	2784000	-1.8626451e-08	0.15780401	-0.037886843	-0.12302224	0.7180308	0.015049115	0.158625	59.0	390.9214508533478
348	0.81437254	0.17336667	1.1696193	0.6713809	1.5621327	-0.41052	12.036586	0.89381766	0.4011886	1.5506055	-0.9426915	2792000	7.450581e-09	0.09811924	-0.017654475	-0.0716688	0.7102736	0.015762854	0.116125	13.0	391.83596110343933
349	0.790892	0.20252904	1.1386853	0.6873408	1.5907106	-0.41836464	11.743976	0.926133	0.36242548	1.4563688	-0.9726628	2800000	-4.656613e-09	0.11387487	-0.031772003	-0.084149435	0.70203006	0.015229144	0.1595	53.0	392.9274458885193
350	0.85989404	0.14010595	1.2545761	0.5977049	1.5683473	-0.3649559	11.978395	0.94787925	0.3051628	1.599322	-0.72242343	2808000	7.450581e-09	0.07245819	-0.033866074	-0.05423668	0.69770664	0.015058756	0.152625	66.0	394.02869296073914
351	0.8638941	0.1361059	1.2632982	0.5812315	1.6081593	-0.3441469	12.109375	0.9561014	0.32869262	1.4893265	-0.7558384	2816000	2.2351742e-08	0.08691651	-0.028565504	-0.062445242	0.6576319	0.0150763355	0.13875	39.0	395.0820116996765
352	0.8444549	0.14896616	1.2194718	0.6256082	1.6081593	-0.9652801	12.280064	0.9886328	0.24663547	1.556637	-0.64899707	2824000	1.8626451e-09	0.13112344	-0.037554916	-0.09428513	0.6803645	0.010923207	0.155375	79.0	396.2409915924072
353	0.8495457	0.15045425	1.2342758	0.60839915	1.5624025	-0.50882083	12.135221	0.93393457	0.3130066	1.4259024	-0.73447174	2832000	-2.7939677e-09	0.07446577	-0.03162863	-0.056013025	0.6925499	0.015149653	0.14625	58.0	397.3482925891876
354	0.8757101	0.10382205	1.2809981	0.56222653	1.553566	-0.8669218	12.763072	0.93661404	0.37387246	1.476443	-0.74383116	2840000	-1.1175871e-08	0.0997614	-0.033594333	-0.07008937	0.6812905	0.011589069	0.152625	79.0	398.58996987342834
355	0.85653573	0.12994085	1.2423483	0.6128994	1.5514214	-0.76414025	12.425159	0.92911464	0.36749518	1.50899	-0.79683673	2848000	1.8626451e-09	0.11643922	-0.025505131	-0.07571678	0.6851094	0.015159795	0.138	35.0	399.59300088882446
356	0.83449244	0.15300752	1.2065265	0.633302	1.554156	-0.45730984	12.140625	0.9281543	0.34814057	1.6497453	-0.7816951	2856000	-2.2351742e-08	0.09011369	-0.033323724	-0.06206812	0.6718924	0.01511554	0.146	71.0	400.8070058822632
357	0.81925666	0.1807433	1.180245	0.66838044	1.5533473	-0.49749523	11.70509	0.94722754	0.31762838	1.502954	-0.6318263	2864000	-9.313226e-09	0.08029777	-0.036845163	-0.06531772	0.6861987	0.014692098	0.158375	79.0	401.9579248428345
358	0.80905986	0.17623422	1.1643744	0.68605536	1.5515468	-0.5523838	11.783133	0.897615	0.40539253	1.4264023	-0.6247425	2872000	-1.3038516e-08	0.08821207	-0.03349763	-0.058685467	0.68315524	0.0150161	0.162625	59.0	403.12795972824097
359	0.77854556	0.22145446	1.1146588	0.70851266	1.5587653	-0.5424278	11.280523	0.93132067	0.3624768	1.507745	-0.6834166	2880000	9.313226e-09	0.06887747	-0.033970352	-0.05066248	0.695487	0.01513618	0.167375	54.0	404.1755790710449
360	0.8091156	0.1908844	1.167328	0.6674369	1.5514997	-0.3196638	11.565089	0.9321989	0.37445077	1.4410127	-1.4586083	2888000	-7.450581e-09	0.06855527	-0.0366705	-0.05616772	0.6969116	0.013559628	0.16262501	79.0	405.4092814922333
361	0.83598626	0.15743479	1.2148556	0.6357779	1.5591569	-0.38140544	11.937117	0.9120885	0.37467062	1.4492269	-0.56988126	2896000	1.4901161e-08	0.06576988	-0.032059137	-0.051430114	0.6778415	0.015194054	0.141125	55.0	406.4734125137329
362	0.81252116	0.18747883	1.1769774	0.66628873	1.5579512	-0.34841353	11.483824	0.92804563	0.36597502	1.5400082	-0.768607	2904000	-1.3038516e-08	0.08277604	-0.032251656	-0.074818164	0.6770066	0.015072775	0.14587499	47.0	407.52969670295715
363	0.77408415	0.21308687	1.0968264	0.7309288	1.5518667	-1.1191638	11.700599	0.9323791	0.37753084	1.5620605	-1.0889727	2912000	-1.3038516e-08	0.100904144	-0.02765951	-0.05382006	0.70360017	0.0152391605	0.135125	35.0	408.55041790008545
364	0.77280843	0.22719157	1.1123968	0.706623	1.550533	-0.4376679	11.440059	0.88908726	0.3980639	1.544444	-1.1391455	2920000	1.8626451e-09	0.058906745	-0.029052228	-0.044832833	0.72002065	0.015132206	0.136125	47.0	409.6102063655853
365	0.8092262	0.19077381	1.1634592	0.67169136	1.5589774	-0.43043798	11.731928	0.9345332	0.36325246	1.5204936	-0.8067973	2928000	-4.656613e-10	0.0907408	-0.036824025	-0.068743974	0.70938766	0.01270113	0.1525	79.0	410.75339436531067
366	0.7749459	0.21285173	1.1037651	0.73100936	1.5907106	-0.9933921	11.556213	0.9132902	0.38252184	1.4383385	-0.5441477	2936000	-7.450581e-09	0.10478528	-0.024953322	-0.06125266	0.72168726	0.01511899	0.13975	22.0	411.7306537628174
367	0.7930337	0.20038733	1.1388206	0.699255	1.5536518	-0.69651914	11.580358	0.9246902	0.37010345	1.426538	-0.8245126	2944000	-1.1175871e-08	0.13347667	-0.033881534	-0.10637101	0.72313654	0.0150989145	0.1535	63.0	412.81800532341003
368	0.6924945	0.29467657	0.973678	0.78230923	1.5489529	-0.8441392	11.211429	0.875619	0.41589946	1.5099409	-0.83770716	2952000	-7.450581e-09	0.11855729	-0.037112594	-0.081411414	0.73885757	0.011450183	0.151125	79.0	414.049373626709
369	0.81221104	0.18084455	1.1810559	0.6545161	1.6053554	-0.32382476	11.853659	0.8733435	0.4035209	1.6024103	-0.7481493	2960000	-3.7252903e-09	0.10532169	-0.030679064	-0.08609675	0.6858387	0.015153205	0.145625	48.0	415.07614064216614
370	0.80366254	0.19633743	1.1467407	0.6892742	1.6081593	-0.45161036	11.762196	0.9081596	0.36628768	1.4943533	-1.4135308	2968000	3.7252903e-09	0.10696103	-0.029607866	-0.08674216	0.70860785	0.015029868	0.14125	41.0	416.12456822395325
371	0.8313811	0.16861899	1.2037673	0.63823044	1.5963093	-0.35173833	11.907012	0.9226851	0.3839301	1.7924736	-0.9466736	2976000	1.4901161e-08	0.104059786	-0.034724336	-0.08365925	0.70919	0.013080201	0.163375	79.0	417.28018403053284
372	0.8203919	0.1796081	1.18122	0.65526336	1.6053554	-0.41069227	11.89939	0.9353915	0.33724415	1.4956001	-0.9594381	2984000	0.0	0.07338697	-0.03341089	-0.052327022	0.69428486	0.0136251375	0.15325001	79.0	418.4622025489807
373	0.85061806	0.14938198	1.2356781	0.6140541	1.5614214	-0.40125814	11.884849	0.95183676	0.3113941	1.4476612	-0.64609206	2992000	3.7252903e-09	0.07029691	-0.02989972	-0.051815934	0.7009741	0.01500153	0.151625	36.0	419.47874641418457
374	0.83113515	0.16886485	1.2038932	0.64865065	1.6053554	-0.47387305	11.703593	0.9725792	0.29654753	1.4277365	-0.5237367	3000000	2.7939677e-09	0.061994787	-0.033762682	-0.052994847	0.6841889	0.012733311	0.154625	79.0	420.73674845695496
375	0.87834215	0.12165784	1.283938	0.55314505	1.5482867	-0.33682662	12.186336	0.96027404	0.31725195	1.5622745	-1.7062719	3008000	0.0	0.08598456	-0.0305898	-0.062730365	0.65889287	0.015086054	0.155375	50.0	421.81285762786865
376	0.8230531	0.17694688	1.1914743	0.6545794	1.5939333	-0.55673414	11.855422	0.9634055	0.3104934	1.5520862	-0.53849125	3016000	-1.21071935e-08	0.09303196	-0.03438285	-0.07610491	0.6774807	0.011761068	0.149125	79.0	423.06692123413086
377	0.8299968	0.16375314	1.2092537	0.63654727	1.5488145	-0.4519504	11.928353	0.9292879	0.3546296	1.5081491	-0.72151685	3024000	-7.450581e-09	0.09068419	-0.03375861	-0.06649213	0.67748356	0.015052983	0.14525	67.0	424.32375621795654
378	0.86291295	0.1305081	1.255071	0.59257954	1.553934	-0.4853556	12.362342	0.917769	0.3307478	1.5449862	-0.58499295	3032000	7.450581e-09	0.090847075	-0.025012305	-0.06575203	0.673828	0.015170145	0.1255	26.0	425.2793707847595
379	0.834278	0.15947205	1.2090427	0.63745564	1.5499948	-0.50368434	11.90303	0.9782045	0.26991946	1.4966129	-0.65179133	3040000	5.5879354e-09	0.09614152	-0.035675555	-0.064844616	0.67500305	0.011799362	0.16025001	79.0	426.5201983451843
380	0.8701389	0.11666667	1.2652677	0.59702474	1.5572656	-1.176697	12.348102	0.91259426	0.36859632	1.5770181	-0.8919898	3048000	5.5879354e-09	0.109495595	-0.025008548	-0.071957834	0.6701138	0.01535171	0.13837501	29.0	427.49335741996765
381	0.8333882	0.1600329	1.2018273	0.6515257	1.5530204	-0.41699517	11.869697	0.9506596	0.33061752	1.6233512	-0.8016415	3056000	2.7939677e-09	0.09369047	-0.032534927	-0.06612398	0.67637783	0.014017408	0.153	79.0	428.7357134819031
382	0.7688854	0.21640876	1.0949177	0.7358839	1.5629468	-0.6053822	11.450293	0.9459553	0.33604705	1.8366433	-0.74465716	3064000	0.0	0.15130347	-0.037108548	-0.10930098	0.70160735	0.014529512	0.17012501	79.0	429.87375807762146
383	0.7924319	0.20756811	1.1419811	0.68837535	1.5497144	-0.3581341	11.444445	0.9066098	0.35303304	1.4695363	-1.0274029	3072000	2.4214387e-08	0.08275588	-0.03110864	-0.06750089	0.6890426	0.015013122	0.13675001	54.0	430.9674825668335
384	0.8076298	0.19237013	1.1647009	0.6753628	1.5499761	-0.33747688	11.483727	0.9488027	0.35550472	1.3997549	-1.0245668	3080000	-2.2351742e-08	0.055664413	-0.03319741	-0.039065693	0.67766285	0.010149123	0.137125	79.0	432.1138460636139
385	0.7777494	0.21567166	1.1217393	0.7053197	1.5600258	-0.3633743	11.382353	0.9374857	0.35333067	1.4060078	-0.62825435	3088000	1.8626451e-08	0.09870283	-0.035674416	-0.06950797	0.68630016	0.015009509	0.144375	62.0	433.27863359451294
386	0.73570603	0.25804394	1.038242	0.76821923	1.5489467	-1.3086779	11.2744255	0.8647275	0.43415642	1.5863931	-0.84052277	3096000	2.142042e-08	0.13710362	-0.028747821	-0.08983682	0.7291131	0.015101972	0.153	35.0	434.275208234787
387	0.72799957	0.26542154	1.0284486	0.76508856	1.5451899	-0.44377154	11.351745	0.86916506	0.41120505	1.5679924	-0.599239	3104000	-2.7939677e-09	0.095170334	-0.03697127	-0.0713909	0.74414	0.015064674	0.172625	75.0	435.4273567199707
388	0.7726302	0.20858848	1.1033819	0.71969336	1.5539845	-0.58327705	11.576923	0.8631609	0.45853743	1.4345579	-1.0004843	3112000	-1.1175871e-08	0.13182339	-0.030024594	-0.09153089	0.72073185	0.015021177	0.148375	50.0	436.4654552936554
389	0.83419156	0.15228507	1.2066762	0.64142007	1.5572656	-0.4428687	12.091615	0.8842784	0.38603786	1.3898678	-0.8992775	3120000	-3.7252903e-09	0.093822435	-0.031743467	-0.07190631	0.716282	0.015412655	0.1405	54.0	437.5447447299957
390	0.7920996	0.19596863	1.1446301	0.68980664	1.6029512	-0.7384584	11.58982	0.9255498	0.3639401	1.4551394	-1.0785851	3128000	9.313226e-09	0.07901486	-0.015088537	-0.05537507	0.7294229	0.015580062	0.131	10.0	438.46589159965515
391	0.7382294	0.25552064	1.0390366	0.75645953	1.5572656	-0.7368257	11.552941	0.87642837	0.40553582	1.4144675	-0.7536852	3136000	1.1175871e-08	0.08804173	-0.036725376	-0.067872494	0.7474631	0.015015142	0.16787499	72.0	439.6208612918854
392	0.7984488	0.18835679	1.1483457	0.6861393	1.6022656	-0.35262454	11.790909	0.9043082	0.38946098	1.4271218	-0.8414855	3144000	-3.7252903e-09	0.1087929	-0.033057135	-0.076357	0.7402631	0.015015667	0.148125	49.0	440.6543393135071
393	0.7688141	0.21270221	1.0978163	0.72965395	1.6	-0.8441126	11.929878	0.87017334	0.41203198	1.5502505	-0.9048412	3152000	1.21071935e-08	0.14497775	-0.03447115	-0.10440126	0.74920195	0.015071917	0.165875	63.0	441.77067279815674
394	0.80971205	0.19028798	1.1622164	0.6789227	1.548885	-0.32105854	11.409357	0.9143523	0.3467969	1.4471021	-1.2192202	3160000	7.450581e-09	0.10447408	-0.030175611	-0.08432996	0.70901	0.015091464	0.14175001	38.0	442.7784721851349
395	0.7879386	0.19328007	1.1253285	0.70555323	1.5907106	-0.777226	12.154088	0.869524	0.43050033	1.3425394	-1.5667742	3168000	2.2351742e-08	0.120903514	-0.037078414	-0.09834161	0.72159946	0.015001024	0.15799999	78.0	443.9608736038208
396	0.8250997	0.16894794	1.1947542	0.6457784	1.5609636	-0.33359832	11.955792	0.94031775	0.32753453	1.4240987	-0.92836064	3176000	-1.4901161e-08	0.100819305	-0.020560136	-0.08024979	0.7228408	0.015257467	0.13325	17.0	444.8881764411926
397	0.8673345	0.13266547	1.2703174	0.5822067	1.6081593	-0.46424186	11.978528	0.97693664	0.2803255	1.5658745	-0.65201974	3184000	-1.1175871e-08	0.08602381	-0.033189133	-0.06569881	0.69323117	0.015043036	0.15425	74.0	446.0391194820404
398	0.8277866	0.16563445	1.1942481	0.6495997	1.5611553	-0.36955392	11.943598	0.9542002	0.3321212	1.6187801	-1.3544099	3192000	7.450581e-09	0.11845577	-0.036668517	-0.07891101	0.70180905	0.015149888	0.16225001	77.0	447.1930561065674
399	0.82688063	0.16617492	1.1962029	0.64974034	1.5543439	-0.80432105	11.963414	0.92180496	0.37133262	1.4723756	-1.3406131	3200000	-1.8626451e-09	0.1392056	-0.032105345	-0.095771864	0.70654976	0.015030241	0.1395	44.0	448.47124218940735
