Epoch	SuccessRate	CollRate	AverageEpRet	StdEpRet	MaxEpRet	MinEpRet	EpLen	AverageVVals	StdVVals	MaxVVals	MinVVals	TotalEnvInteracts	LossPi	LossV	LossDist	DeltaLossPi	DeltaLossV	Entropy	KL	ClipFrac	StopIter	Time
0	0.0	0.22855133	-0.5997138	0.16991347	-0.19759256	-1.0599761	25.192492	-0.07505351	0.05785662	0.114659905	-0.25614685	32000	-4.2654574e-06	0.042602398	0.028519504	-0.023748357	-0.030089537	2.826127	0.015170816	0.3811875	15.0	14.925706148147583
1	0.0	0.35480857	-0.41252726	0.15701972	0.010614238	-0.86215633	23.076246	-0.23018801	0.09341535	0.20392334	-0.4295991	64000	-3.0957162e-06	0.015991865	0.02821739	-0.02483476	-0.006910507	2.8191068	0.016269315	0.49637496	18.0	30.853228092193604
2	0.0	0.37077424	-0.2221416	0.13401139	0.1692654	-0.6362611	21.330164	-0.14334425	0.0819632	0.23458877	-0.3032795	96000	-1.755543e-06	0.013801411	0.027840052	-0.026925327	-0.0059022186	2.7822876	0.015939457	0.40840626	13.0	45.44494390487671
3	0.022916667	0.4779501	-0.083096005	0.24806596	1.2860762	-0.41850328	19.9	-0.07750196	0.04938316	0.043064684	-0.19477274	128000	-6.7427754e-07	0.030318674	0.027237259	-0.012951717	-0.0054662675	2.722334	0.016375024	0.44575	13.0	60.08722257614136
4	0.12499127	0.5897434	0.04484418	0.47100917	1.436924	-0.45489365	16.395702	-0.03563417	0.05151158	0.13320158	-0.38636267	160000	-2.1122396e-06	0.12394795	0.026359636	-0.0072986134	-0.024515115	2.6344943	0.013585584	0.10928125	79.0	89.39066791534424
5	0.099194124	0.63189554	-0.005918025	0.4528061	1.4209228	-0.64412224	14.527982	0.039142724	0.119230464	0.4191746	-0.4194158	192000	-1.2051314e-06	0.13378677	0.02549504	-0.004845117	-0.023820944	2.5485198	0.009667298	0.052375	79.0	118.82290887832642
6	0.12590104	0.6940418	0.0394568	0.48301843	1.4181502	-0.4250704	12.826955	-0.001076183	0.12580146	0.4781826	-0.414679	224000	4.7571957e-06	0.15902305	0.02539568	-0.0060960436	-0.031363968	2.5387218	0.01151298	0.06965625	79.0	148.21013855934143
7	0.1480831	0.59897983	0.07585184	0.533685	1.4480537	-0.51691514	14.919962	0.05803181	0.16747911	0.7633305	-0.5317296	256000	1.3648532e-05	0.16709831	0.025358068	-0.006518647	-0.026642127	2.5349908	0.009632705	0.06315625	79.0	177.50677466392517
8	0.121544555	0.68277526	0.03917171	0.49144053	1.44336	-0.40284944	12.720612	0.043295685	0.15178138	0.6316144	-0.3882853	288000	5.4892153e-06	0.16096263	0.0251569	-0.0072868383	-0.022515547	2.514594	0.009867864	0.063875005	79.0	206.78196263313293
9	0.14598572	0.69196403	0.0665697	0.521748	1.4533262	-0.41727293	12.288432	0.048175268	0.14063244	0.6431623	-0.42706922	320000	-3.3332035e-06	0.18142766	0.025303597	-0.0068270788	-0.03187807	2.5292373	0.008307885	0.04934375	79.0	236.14675378799438
10	0.13462779	0.6660265	0.046490684	0.5171266	1.4424608	-0.38200837	12.822933	0.110192366	0.1873319	0.87950325	-0.42752185	352000	5.951151e-07	0.18030438	0.025035262	-0.007112799	-0.040513337	2.502173	0.0083292425	0.055999998	79.0	265.5838313102722
11	0.1456362	0.6658017	0.07408359	0.53070617	1.4620883	-0.37668464	13.070132	0.07710035	0.20227908	0.9123257	-0.65532905	384000	1.0333955e-05	0.17501736	0.025136026	-0.0077273333	-0.030420573	2.5119224	0.009840564	0.06571875	79.0	294.90805983543396
12	0.20634499	0.58996797	0.16366535	0.61587334	1.455567	-0.40063724	13.599227	0.08597494	0.16957743	0.70439416	-0.4159308	416000	-9.3355775e-06	0.20763777	0.024669454	-0.0071916855	-0.033374533	2.4645355	0.0066337814	0.04659375	79.0	324.42857360839844
13	0.19788493	0.61347246	0.15955581	0.60224587	1.4690864	-0.44509026	13.3927965	0.1341569	0.21370076	0.82248855	-0.78005826	448000	-6.935559e-06	0.2031304	0.024615575	-0.0077078864	-0.035633117	2.4588118	0.007331211	0.0594375	79.0	354.0184371471405
14	0.1699502	0.6211027	0.12152709	0.5656103	1.4627969	-0.38980368	13.980565	0.14029618	0.22028492	1.00336	-0.5563057	480000	3.547035e-05	0.19741683	0.02483002	-0.008261201	-0.05180016	2.4800744	0.009025076	0.06459375	79.0	383.4285399913788
15	0.16578835	0.6253021	0.119827986	0.56237006	1.4718224	-0.38578138	13.391766	0.11362075	0.18640165	0.98759145	-0.52804554	512000	-1.6673934e-05	0.18671113	0.024588745	-0.008381158	-0.038867988	2.4555633	0.00689408	0.0626875	79.0	412.9829716682434
16	0.16719122	0.65118027	0.11620553	0.56268156	1.4710613	-0.34609178	12.776973	0.09823447	0.18854256	0.85204357	-0.4913894	544000	-8.999836e-06	0.1890877	0.024617925	-0.009058762	-0.03581678	2.4579418	0.007272129	0.062406246	79.0	442.3857979774475
17	0.24627316	0.54110587	0.23640491	0.65127796	1.4891884	-0.31774405	14.655669	0.14160976	0.19599132	0.73500246	-0.48621017	576000	4.081428e-05	0.19731224	0.024561636	-0.008693423	-0.040188327	2.4509919	0.008122387	0.07071875	79.0	472.0813636779785
18	0.21141566	0.58402926	0.19243121	0.6159861	1.4822901	-0.32733983	13.846591	0.159343	0.24464463	1.1851807	-0.54523695	608000	2.2373162e-05	0.20018345	0.024285953	-0.008804907	-0.051230334	2.4231648	0.006605576	0.06540625	79.0	501.48296570777893
19	0.23733118	0.547495	0.24086484	0.6450587	1.4766756	-0.33913684	14.328804	0.14230798	0.21830553	1.6583039	-0.46690106	640000	1.2423843e-05	0.2176244	0.024060652	-0.010250308	-0.05392594	2.399823	0.0073043155	0.07371875	79.0	530.8743155002594
20	0.288071	0.49244413	0.31966877	0.68443674	1.4780414	-0.29918084	14.7887125	0.1969989	0.2546565	1.3573678	-0.62774754	672000	4.732795e-05	0.21955232	0.023818959	-0.010793187	-0.055310745	2.3740969	0.009230968	0.0920625	79.0	560.3674590587616
21	0.2430636	0.5446174	0.24740241	0.6501838	1.5030538	-0.34579462	14.487592	0.22452408	0.24175528	1.0764227	-0.44511175	704000	9.757001e-06	0.22227605	0.02358181	-0.010623582	-0.069446504	2.3498583	0.008835009	0.090406254	79.0	589.6995868682861
22	0.26471102	0.5674278	0.28072658	0.67133576	1.5080414	-0.31618503	13.027961	0.2019201	0.24332704	1.0044943	-0.61705095	736000	-9.922311e-06	0.21958938	0.02338095	-0.01028244	-0.044731587	2.3297927	0.008120697	0.086812496	79.0	619.043585062027
23	0.22202718	0.6260233	0.21730019	0.6347962	1.4893659	-0.32198417	12.671326	0.22682479	0.25953236	1.0659609	-0.63931006	768000	-2.7359463e-05	0.20011517	0.023093171	-0.009374086	-0.04454577	2.30061	0.0066230893	0.077250004	79.0	648.456390619278
24	0.3142828	0.44934404	0.3743199	0.6977074	1.4964247	-0.32873818	15.381783	0.23132773	0.2877198	1.3310263	-0.8308657	800000	2.3479108e-05	0.24062508	0.022913242	-0.011099926	-0.06759276	2.2825747	0.008248415	0.0911875	79.0	677.9364984035492
25	0.3176504	0.5236185	0.3589597	0.7090584	1.498308	-0.4310439	13.925747	0.28941968	0.24178252	1.0355679	-0.5182991	832000	5.9338287e-05	0.21888085	0.022956327	-0.010852538	-0.058730703	2.285581	0.008105181	0.08296874	79.0	707.3926787376404
26	0.29814392	0.5140041	0.34994966	0.6946984	1.4925956	-0.3165052	14.38657	0.28384927	0.2647863	1.1639497	-0.7182872	864000	2.523046e-05	0.21437411	0.022725668	-0.011785548	-0.050570987	2.2596452	0.0080403555	0.09665625	79.0	736.8602910041809
27	0.41826344	0.4032916	0.5286362	0.7464914	1.5226597	-0.32116964	15.227842	0.3077591	0.30355382	1.5986025	-0.6433465	896000	-9.9968165e-05	0.23462	0.022125073	-0.01042822	-0.064035736	2.1985445	0.008255511	0.08778125	79.0	766.3417432308197
28	0.34980476	0.46362293	0.4182803	0.7311097	1.5015979	-0.32061645	14.701869	0.3664166	0.26733503	1.3047428	-0.4079579	928000	5.4907054e-05	0.22799456	0.022132263	-0.01057945	-0.056247257	2.19873	0.007958	0.07684375	79.0	795.6861312389374
29	0.38933063	0.4674781	0.48119122	0.74918175	1.501474	-0.39396533	14.283334	0.36629596	0.29296762	1.4131094	-0.7607814	960000	-7.047597e-05	0.2340155	0.021856215	-0.011235639	-0.05578427	2.1722846	0.0073130154	0.08159375	79.0	825.2282862663269
30	0.36080408	0.5123943	0.43304193	0.741032	1.5159853	-0.42501193	13.953947	0.40143895	0.2930425	1.4514376	-0.5213865	992000	-5.2385963e-05	0.2440862	0.021485226	-0.012037732	-0.063192494	2.1336596	0.0082995165	0.099218756	79.0	854.5454814434052
31	0.435403	0.4120469	0.55176216	0.76506984	1.5046139	-0.38855267	14.854597	0.39829975	0.2862998	1.4033166	-0.3826785	1024000	-7.931888e-05	0.24780354	0.021332934	-0.011200928	-0.06867413	2.1179094	0.0076414747	0.08571875	79.0	883.9120604991913
32	0.41471988	0.45123994	0.5093158	0.7619874	1.5119141	-0.38876876	14.163393	0.4231012	0.30325806	1.3743138	-0.4838308	1056000	3.0161813e-05	0.2511186	0.021338519	-0.010906614	-0.06632909	2.118451	0.0062258514	0.0793125	79.0	913.3449687957764
33	0.42920625	0.42074543	0.5500868	0.7611114	1.521809	-0.37354666	14.813202	0.40661755	0.29425865	1.4303327	-0.46837434	1088000	1.0585412e-05	0.22375678	0.02118896	-0.01249128	-0.057600714	2.1041362	0.0072523355	0.09425	79.0	942.7707529067993
34	0.52370423	0.35766807	0.6955227	0.7653756	1.5103554	-0.41471356	15.060837	0.46782464	0.3426408	1.6281545	-0.6219174	1120000	-3.9361417e-05	0.24725746	0.02055788	-0.012615931	-0.07777628	2.0390637	0.0070195473	0.08815625	79.0	972.2675471305847
35	0.5035436	0.37299088	0.65890276	0.773023	1.5148478	-0.3841117	14.804571	0.5290319	0.27734187	1.2931262	-0.40965837	1152000	3.7894584e-05	0.23776886	0.020344231	-0.011893939	-0.062121857	2.0157115	0.00726938	0.089375004	79.0	1001.7120778560638
36	0.45924854	0.41070604	0.5831878	0.77234066	1.5151651	-0.9808209	14.744403	0.5082942	0.2898754	1.3080248	-0.3526879	1184000	3.990531e-05	0.22838227	0.02008044	-0.012056259	-0.060949676	1.9887886	0.00741244	0.088531256	79.0	1031.0893988609314
37	0.48192534	0.42508256	0.6114614	0.7679203	1.5215979	-0.37827593	14.391818	0.46604586	0.30815187	1.4529717	-0.60251683	1216000	1.3795681e-05	0.22334878	0.019900076	-0.012402721	-0.05703503	1.970421	0.008522967	0.0916875	79.0	1060.4144909381866
38	0.5224371	0.39422172	0.6562029	0.7931062	1.5150943	-0.4700487	13.954824	0.52960485	0.29526448	1.4161059	-0.7914842	1248000	-8.7459106e-05	0.22579797	0.01942876	-0.011406153	-0.067501836	1.9223695	0.006380548	0.081062496	79.0	1089.7231121063232
39	0.56428856	0.35528392	0.7342829	0.7766891	1.5417753	-0.6281903	14.607934	0.5952654	0.29556084	1.4868379	-0.6938841	1280000	3.430806e-05	0.23689038	0.019427992	-0.011673136	-0.065100454	1.9235809	0.007449287	0.08371875	79.0	1119.06933927536
40	0.5111556	0.3733353	0.6603192	0.78695816	1.5159665	-0.72842216	14.58958	0.5273069	0.28642973	1.3857747	-0.34469783	1312000	-7.919595e-05	0.224639	0.019661356	-0.012256616	-0.04433667	1.9449637	0.0071260976	0.08865625	79.0	1148.685420513153
41	0.5642667	0.33744603	0.75041085	0.77694535	1.515492	-0.522599	14.339512	0.5307587	0.3068445	1.3793036	-0.51803815	1344000	7.472094e-05	0.20767951	0.019172447	-0.0124531165	-0.050220184	1.895097	0.0077704997	0.0936875	79.0	1178.0054042339325
42	0.560547	0.37846035	0.7289955	0.7934523	1.5198941	-0.46496436	13.570755	0.6048119	0.30069694	1.4624268	-0.44473273	1376000	-0.0001131366	0.22063163	0.018700495	-0.011961306	-0.05905789	1.8473048	0.008287726	0.09228125	79.0	1207.3742625713348
43	0.5663769	0.37380517	0.74573225	0.7792799	1.5193845	-0.4397134	13.873693	0.6311451	0.29825878	1.4284222	-0.7217972	1408000	-1.4375895e-05	0.19824652	0.01838947	-0.012036495	-0.0501991	1.8148623	0.0071661277	0.091	79.0	1236.812263727188
44	0.5456678	0.37519634	0.7050431	0.7868652	1.518198	-0.71390057	14.101869	0.60155225	0.31643113	1.5191745	-0.75385743	1440000	1.5644357e-05	0.23212402	0.018624976	-0.012723196	-0.06952651	1.8390208	0.008638952	0.09015626	79.0	1266.3557937145233
45	0.5557597	0.36631033	0.72339624	0.78493005	1.5323097	-0.4787002	14.286871	0.5908031	0.30725747	1.4211035	-0.76988906	1472000	-1.0184944e-05	0.23372898	0.01829448	-0.0125058405	-0.06077037	1.8060231	0.0077639166	0.08759375	79.0	1295.7422699928284
46	0.6008229	0.3468551	0.7817657	0.7889288	1.5193835	-0.58671075	13.804878	0.60381734	0.26989523	1.4325085	-0.5423309	1504000	-4.960969e-05	0.21412979	0.018010687	-0.011519086	-0.061099395	1.7779925	0.00742758	0.0820625	79.0	1325.050449371338
47	0.57538533	0.32999575	0.7673762	0.7835025	1.5211782	-0.5133642	14.388839	0.58048874	0.3112457	1.3683195	-0.48977926	1536000	1.7172657e-05	0.21268907	0.018059125	-0.011316732	-0.052548453	1.7824476	0.0073535773	0.07671875	79.0	1354.5248067378998
48	0.67367214	0.2853645	0.913222	0.75791484	1.5216283	-0.7491087	14.060071	0.645041	0.3113138	1.4869409	-0.50141907	1568000	-0.00014056917	0.19020215	0.017214203	-0.012013985	-0.051356416	1.6987269	0.007567057	0.0905625	79.0	1384.1211440563202
49	0.6437864	0.32169047	0.8639407	0.7757104	1.518289	-0.4459317	13.564958	0.72491246	0.2671238	1.4054235	-0.331441	1600000	9.577721e-06	0.19010895	0.017101081	-0.012288908	-0.047707528	1.6879066	0.007512076	0.08975	79.0	1413.4434022903442
50	0.6408533	0.30169588	0.8663186	0.76131773	1.5220295	-0.41858536	14.415608	0.72157276	0.2968806	1.5210041	-0.34181786	1632000	-0.00012270454	0.19809936	0.016949859	-0.012247454	-0.054406736	1.6692168	0.0075605107	0.081156254	79.0	1442.7006890773773
51	0.6025999	0.3406552	0.8001352	0.77729535	1.5170493	-0.54451966	13.985915	0.68377864	0.30550992	1.4602932	-0.57369554	1664000	-1.4786143e-05	0.20014834	0.016834889	-0.012388536	-0.052721042	1.6584045	0.0080306865	0.08646875	79.0	1471.9761445522308
52	0.6291683	0.3136376	0.83706766	0.77330554	1.515568	-0.453131	14.3095665	0.6669831	0.30851763	1.4091815	-0.63402855	1696000	-0.000119381584	0.2033516	0.016556365	-0.010755205	-0.048955187	1.6309419	0.0068646567	0.075875	79.0	1501.2533068656921
53	0.6776811	0.254045	0.91587186	0.7536232	1.5236319	-0.63284564	14.904136	0.69494444	0.2879688	1.3852863	-0.452231	1728000	-7.815659e-05	0.19988546	0.016515918	-0.011180941	-0.062248703	1.6252482	0.0056504947	0.07665625	79.0	1530.5695292949677
54	0.6416594	0.30805236	0.8554031	0.7838174	1.5234091	-0.88254446	14.141711	0.7044557	0.28516245	1.3842274	-0.41909134	1760000	0.00015929155	0.22183332	0.016451128	-0.012297328	-0.06758954	1.6199644	0.007639925	0.090312496	79.0	1560.0829515457153
55	0.68428737	0.27185696	0.91363066	0.7733232	1.536481	-1.1107956	14.276528	0.69704163	0.3196837	1.5070567	-0.454299	1792000	-7.335376e-05	0.19677928	0.016216908	-0.0124344565	-0.056511097	1.596604	0.0067412797	0.083625	79.0	1589.6416285037994
56	0.67315125	0.3039007	0.90134764	0.77476907	1.5319022	-0.45734948	13.527257	0.7367413	0.27471507	1.5292838	-0.44012994	1824000	-7.077493e-05	0.18082932	0.01587775	-0.011856145	-0.043476857	1.5629544	0.0061632255	0.081781246	79.0	1619.0748271942139
57	0.66984653	0.2911852	0.91332257	0.74935275	1.524136	-0.39951843	13.9889965	0.7356473	0.28883842	1.5685352	-0.34184444	1856000	-1.7581508e-05	0.19414401	0.01564172	-0.012264032	-0.053624555	1.536356	0.0071919938	0.082906246	79.0	1648.5223603248596
58	0.65603626	0.31598556	0.8820248	0.7657561	1.5261252	-0.5105792	13.867365	0.7220011	0.27522808	1.4465735	-0.3352571	1888000	4.3367036e-05	0.19480044	0.015527315	-0.01194626	-0.053740636	1.5267849	0.008135147	0.08146875	79.0	1677.8663897514343
59	0.6816118	0.26838785	0.9313237	0.7510203	1.5240186	-0.5859826	13.968695	0.74874896	0.2974983	1.491171	-0.40660122	1920000	4.528463e-05	0.18045187	0.015241213	-0.011472993	-0.053083032	1.497715	0.007510592	0.084781244	79.0	1707.4067962169647
60	0.69688094	0.25976896	0.93758315	0.75617385	1.519548	-0.86121863	14.222671	0.74977297	0.28713506	1.5881486	-0.5712148	1952000	-2.4171546e-05	0.17667684	0.015641661	-0.011877717	-0.050439812	1.5372977	0.0076946416	0.0853125	79.0	1736.6998183727264
61	0.67924476	0.2804301	0.9116609	0.77396363	1.5177892	-0.9457355	13.871728	0.7300576	0.2991315	1.4670045	-0.42757982	1984000	5.4817647e-06	0.18650757	0.015333144	-0.012660902	-0.061894424	1.5057778	0.007828234	0.090375	79.0	1765.9598925113678
62	0.7189819	0.2528454	0.97181034	0.75409645	1.5233451	-1.1444304	13.947369	0.75421226	0.3052107	1.5351809	-0.82617414	2016000	0.00012075342	0.17778422	0.014937515	-0.011702964	-0.05861296	1.4660301	0.00704362	0.07834375	79.0	1795.3409118652344
63	0.74163216	0.24604389	1.022101	0.72347605	1.5228673	-0.46123004	13.713793	0.78170574	0.27848142	1.8025048	-0.41684717	2048000	-7.845927e-06	0.15537974	0.014664568	-0.010947909	-0.041002583	1.4403102	0.007068714	0.081875	79.0	1824.5810461044312
64	0.6918502	0.269749	0.9518737	0.7474722	1.5197823	-0.40712672	13.937828	0.7827948	0.2787032	1.523572	-0.56846726	2080000	7.484108e-06	0.18439426	0.014766056	-0.013473304	-0.052298285	1.4493477	0.008788513	0.09565625	79.0	1853.877207994461
65	0.7029667	0.26059306	0.95607686	0.74141526	1.5917317	-0.47283053	14.293322	0.73187834	0.3086138	1.6018585	-0.46194035	2112000	4.2541884e-05	0.17454553	0.014646798	-0.012131313	-0.052546587	1.4363722	0.0065681287	0.0891875	79.0	1883.4828820228577
66	0.68480635	0.26360464	0.94229233	0.74595666	1.601264	-0.63522106	14.08422	0.7632999	0.2972783	1.4486687	-0.4301285	2144000	3.407523e-05	0.17611298	0.014575418	-0.013860067	-0.055470455	1.4277215	0.008238906	0.10875	79.0	1912.826294183731
67	0.7141286	0.23890197	0.97727656	0.7388924	1.5285339	-0.42877513	14.221223	0.7480297	0.28561917	1.4793446	-0.33231646	2176000	-8.998439e-06	0.17902517	0.014642552	-0.012577256	-0.06345938	1.4234903	0.0075374013	0.09009375	79.0	1942.2225584983826
68	0.722937	0.2272185	0.9904371	0.73511136	1.5324286	-1.3197889	14.485858	0.7403809	0.284412	1.5635468	-0.44198948	2208000	-9.1638416e-05	0.18100351	0.014389773	-0.011585907	-0.05854146	1.4067602	0.0067068143	0.078	79.0	1971.5677816867828
69	0.7213182	0.22249281	0.99445176	0.7415362	1.5328255	-0.9546044	14.40308	0.77596325	0.3029636	1.5300213	-0.51977223	2240000	-0.0001755422	0.18975708	0.013949305	-0.012972418	-0.064953536	1.3644094	0.007907179	0.0964375	79.0	2000.8340346813202
70	0.7670088	0.2190468	1.0611933	0.7071337	1.5241547	-0.48461127	13.839722	0.7967782	0.2801963	1.6444606	-0.3642164	2272000	4.2555854e-05	0.14835566	0.013590651	-0.011880991	-0.053707436	1.328167	0.00746713	0.0819375	79.0	2030.2408287525177
71	0.71178657	0.25674725	0.97689885	0.7448621	1.5244241	-0.4763734	13.746094	0.81658214	0.28556734	1.55852	-0.4347357	2304000	-4.819408e-05	0.17997947	0.013568155	-0.012414434	-0.05928085	1.3216515	0.0077497903	0.083875	79.0	2059.5987157821655
72	0.7027445	0.26874036	0.9583638	0.74716616	1.5255181	-0.91449136	13.91272	0.7604431	0.29783666	1.5558913	-0.53426343	2336000	0.00011689612	0.18725479	0.013394431	-0.012986142	-0.06216023	1.3076065	0.007302183	0.094125	79.0	2089.164440393448
73	0.7228301	0.22634509	0.99856675	0.72621584	1.5280414	-0.6463752	14.288739	0.7793529	0.30691078	1.3961295	-0.4776591	2368000	-5.4022297e-05	0.17949086	0.013528251	-0.012886425	-0.06541601	1.3228083	0.008229595	0.09115625	79.0	2118.590560436249
74	0.7501954	0.20780227	1.0424137	0.70630896	1.5284252	-0.5012166	14.2244625	0.78720707	0.2902397	1.4676783	-0.40954587	2400000	1.6572885e-06	0.14967723	0.013477413	-0.013533268	-0.03909695	1.3165276	0.007291439	0.09046875	79.0	2147.9348182678223
75	0.7753644	0.20476755	1.0718882	0.69975275	1.5252104	-1.4573675	14.253153	0.7968887	0.26175186	1.5757614	-0.44098306	2432000	6.895326e-05	0.14348763	0.013355344	-0.011472672	-0.03988906	1.3059664	0.007016021	0.077125	79.0	2177.185779094696
76	0.79055834	0.19068712	1.0958699	0.69354296	1.529224	-1.2105755	14.229354	0.8251999	0.29389122	1.4990429	-0.61153996	2464000	-3.1499192e-05	0.12683704	0.013035359	-0.012637916	-0.035123218	1.2744876	0.0083748875	0.09321875	79.0	2206.5390751361847
77	0.7603382	0.22602642	1.0534942	0.7146322	1.5273038	-0.46561733	13.542589	0.8492528	0.27612904	1.5878057	-0.5335647	2496000	-8.871965e-05	0.13730687	0.013015224	-0.0126571525	-0.03967627	1.2715331	0.008629642	0.09034375	79.0	2235.768264770508
78	0.7650949	0.21751222	1.0605971	0.70821524	1.531481	-0.4833991	13.700345	0.82465714	0.28832582	1.6002846	-0.53367794	2528000	6.8228925e-05	0.13759398	0.0127508445	-0.012166252	-0.0393362	1.2440381	0.0072162547	0.088375	79.0	2265.240439414978
79	0.7057383	0.25519592	0.96270144	0.75015134	1.532437	-0.8088446	13.905263	0.8183294	0.29579043	1.611819	-0.68780315	2560000	-0.00014630612	0.17618942	0.012972597	-0.012315791	-0.059530918	1.2650534	0.006487806	0.0854375	79.0	2294.7627472877502
80	0.75016224	0.22717392	1.0405542	0.7101758	1.5293428	-0.6120457	13.717617	0.7878471	0.31618348	1.5209506	-0.5934749	2592000	-1.3173325e-05	0.1400325	0.012715286	-0.013418576	-0.04283011	1.242239	0.008188475	0.086218745	79.0	2324.3264055252075
81	0.7735704	0.19406912	1.0809555	0.68621093	1.5292546	-0.4425882	14.13369	0.83286786	0.28022373	1.5725832	-0.50609744	2624000	-6.0983e-06	0.1412545	0.012773575	-0.013696386	-0.04454863	1.2467905	0.009120243	0.09128125	79.0	2353.8657524585724
82	0.7904234	0.1955117	1.0994679	0.68283033	1.5255281	-0.79365855	13.895542	0.8246459	0.27421135	1.5110155	-0.35896802	2656000	-0.00011773873	0.12929186	0.012547337	-0.012416424	-0.04329133	1.2225589	0.0078064427	0.08368751	79.0	2383.3404636383057
83	0.79085505	0.18945464	1.0954138	0.7038503	1.5365419	-0.9950897	14.112145	0.8399484	0.29739588	1.5390205	-0.41082075	2688000	7.5504184e-05	0.13239677	0.012627479	-0.012262068	-0.040667955	1.231838	0.0067500137	0.08131251	79.0	2412.7494506835938
84	0.7941452	0.1971871	1.1108677	0.6830997	1.5394279	-0.49216282	13.534983	0.8654872	0.26879662	1.5824349	-0.4198527	2720000	1.0494143e-05	0.11323126	0.012190737	-0.012284824	-0.032049797	1.1884232	0.006288709	0.08140625	79.0	2442.0016832351685
85	0.7497174	0.2317805	1.044977	0.7145411	1.5285639	-0.4336839	13.278476	0.8661758	0.26931882	1.508226	-0.50666	2752000	-2.251938e-06	0.14290309	0.012136687	-0.012790108	-0.042336866	1.1807896	0.007417829	0.085468754	79.0	2471.330137491226
86	0.7368462	0.24925825	1.0104467	0.7271223	1.5267774	-0.48517835	13.675431	0.81379175	0.29299578	1.5515841	-0.5482733	2784000	-6.5872446e-05	0.14336553	0.012523467	-0.013309618	-0.040568672	1.2186741	0.0062740208	0.0921875	79.0	2500.8496758937836
87	0.77828205	0.21469873	1.08896	0.67944956	1.5747023	-0.45628157	13.667526	0.8422055	0.2792623	1.4501293	-0.79510355	2816000	-0.00010109041	0.12752932	0.012385993	-0.012531218	-0.041606545	1.2080549	0.0075367186	0.07596875	79.0	2530.167381286621
88	0.81466436	0.172814	1.1398771	0.65184873	1.5286691	-0.43739724	13.978031	0.85325646	0.2522084	1.5518454	-0.4346443	2848000	-4.3403357e-05	0.12642121	0.012384656	-0.012970538	-0.04244444	1.2057513	0.0068681017	0.0900625	79.0	2559.541777610779
89	0.80549014	0.17106454	1.1275425	0.66442686	1.5307596	-0.70780677	14.2410555	0.88556904	0.26476672	1.5171942	-0.44238472	2880000	6.2485225e-05	0.13588528	0.012149927	-0.01214913	-0.038490184	1.1821854	0.008196812	0.08090626	79.0	2589.0650267601013
90	0.8129002	0.17809366	1.1404779	0.6639925	1.5340731	-0.6305312	13.881098	0.8681869	0.2593772	1.4588284	-0.40404868	2912000	3.663078e-05	0.110906035	0.012006566	-0.012432238	-0.031231353	1.1662837	0.007580842	0.090187505	79.0	2618.760881662369
91	0.7817888	0.20624544	1.0933611	0.69525397	1.522902	-0.5173981	13.353114	0.8690228	0.27301884	1.4812918	-0.47220352	2944000	-0.00024161115	0.11738177	0.011793656	-0.012394005	-0.039024256	1.1473577	0.007533908	0.08778125	79.0	2648.208137989044
92	0.76076436	0.2186831	1.0608493	0.70874876	1.538067	-0.5964829	13.47326	0.8545191	0.29766053	1.6294477	-0.71885884	2976000	-2.0860229e-05	0.14136484	0.01179421	-0.012120577	-0.047158144	1.1451241	0.0064230827	0.0793125	79.0	2677.5782341957092
93	0.7754494	0.1971831	1.0718421	0.7018415	1.601264	-0.94193584	14.265738	0.8245716	0.3027963	1.5124265	-0.62320596	3008000	8.869916e-05	0.13500479	0.0121405665	-0.014151955	-0.04622237	1.1804466	0.00977209	0.10075	79.0	2707.0379869937897
94	0.8082558	0.17804235	1.1364597	0.65482855	1.58	-0.41964218	13.815217	0.83671534	0.28932947	1.4271697	-0.82814884	3040000	-8.843839e-06	0.10758248	0.012014909	-0.012672534	-0.032299384	1.1697142	0.0069049913	0.08303125	79.0	2736.558655500412
95	0.8105867	0.17334148	1.1409593	0.64582705	1.5278255	-0.48013604	13.926007	0.89502966	0.2638555	1.5560331	-0.7793238	3072000	-0.00015005888	0.119826235	0.011773924	-0.012260972	-0.038827986	1.145262	0.006457495	0.0801875	79.0	2765.960920572281
96	0.8021003	0.1835016	1.121346	0.67165416	1.535868	-0.9404122	14.097518	0.87430173	0.2647061	1.5605551	-0.5883478	3104000	-0.000104179606	0.13285744	0.011814756	-0.012911243	-0.043533713	1.147968	0.007845904	0.084968746	79.0	2795.32923078537
97	0.8195952	0.16280732	1.1501005	0.66031563	1.5340123	-0.78939384	13.908932	0.86284304	0.28620246	1.5241734	-0.5582769	3136000	-7.9913065e-05	0.11490202	0.011723486	-0.012542512	-0.03464765	1.1394656	0.0072961827	0.08525	79.0	2824.8145582675934
98	0.80020815	0.1911794	1.1291225	0.6687544	1.5354738	-0.53803635	13.4567795	0.88038427	0.27528787	1.5598023	-0.46422833	3168000	-1.4761463e-05	0.118093744	0.011465732	-0.012906405	-0.036244363	1.1124797	0.007809214	0.08196875	79.0	2854.085403442383
99	0.77641445	0.20075443	1.0853192	0.69780415	1.5344522	-0.596484	13.750867	0.86319834	0.28509784	1.5837697	-0.73003435	3200000	-5.0634146e-05	0.12743147	0.011640092	-0.012344237	-0.048453122	1.128833	0.006700212	0.07796875	79.0	2883.4488701820374
100	0.7962898	0.18391883	1.1093291	0.67774063	1.5775214	-0.6976587	14.056738	0.8429393	0.3079656	1.5833521	-0.86432254	3232000	-8.486584e-05	0.119391546	0.01166077	-0.01298183	-0.043764863	1.1308286	0.007924058	0.08346875	79.0	2912.7426211833954
101	0.8198383	0.16056219	1.1590124	0.6330282	1.5328661	-0.46261206	14.036219	0.886287	0.2693062	1.5044751	-0.6008982	3264000	1.2117904e-05	0.12227613	0.011567878	-0.0137965605	-0.04135977	1.1207404	0.009101866	0.0958125	79.0	2942.1162507534027
102	0.7926438	0.19313514	1.1131054	0.6679409	1.5928553	-0.9286851	13.568493	0.87453485	0.26331425	1.5452342	-0.5420846	3296000	7.827347e-05	0.116144955	0.011323212	-0.012945689	-0.030307122	1.0980743	0.0063713687	0.08903125	79.0	2971.333943605423
103	0.8149101	0.17283306	1.1533093	0.6435808	1.5395038	-0.82883483	13.734861	0.8758982	0.268231	1.6394632	-0.5571818	3328000	6.5171625e-05	0.113023475	0.011278687	-0.013336967	-0.038285017	1.0936583	0.0066547417	0.08706249	79.0	3000.6191699504852
104	0.78168154	0.20475052	1.0920827	0.7025802	1.5348941	-0.8687277	13.482993	0.8728485	0.27579647	1.5809395	-0.53039896	3360000	-2.9431656e-05	0.12904492	0.01135189	-0.012531394	-0.04033919	1.0995998	0.008252533	0.08984375	79.0	3030.0212013721466
105	0.805737	0.18421558	1.1404718	0.66063803	1.537475	-0.40713978	13.291457	0.8535918	0.2781427	1.7184553	-0.4832953	3392000	3.3535063e-05	0.12166694	0.01096454	-0.011712186	-0.04270213	1.0627251	0.0068183276	0.071	79.0	3059.4094145298004
106	0.7853005	0.19728643	1.0984662	0.695023	1.5401443	-0.7412733	13.403716	0.8781542	0.27627137	1.5852275	-0.6048473	3424000	4.0605664e-06	0.11713369	0.011260621	-0.012965413	-0.042772382	1.0903205	0.007985236	0.08346875	79.0	3088.610885620117
107	0.8106927	0.17521092	1.1417236	0.65396297	1.6075	-0.75382626	13.770797	0.8823776	0.29775882	1.5927564	-0.9992286	3456000	1.4441088e-05	0.11013812	0.011352908	-0.013058626	-0.03674829	1.101762	0.0077575315	0.089125	79.0	3117.963258743286
108	0.81049037	0.17925686	1.1465619	0.65672356	1.6017317	-0.5912046	13.484296	0.9054512	0.2624917	1.4625974	-1.1371565	3488000	-1.6574748e-05	0.11524804	0.011357508	-0.011862585	-0.037523832	1.104141	0.0064783674	0.084656246	79.0	3147.459350824356
109	0.79539555	0.17664316	1.1297101	0.6613369	1.5338038	-0.7656246	13.801559	0.87718236	0.2757308	1.5411246	-0.7594274	3520000	-3.7291553e-05	0.1290351	0.011312149	-0.013531574	-0.04719724	1.0972106	0.007744181	0.083749995	79.0	3176.8418459892273
110	0.8253104	0.15704462	1.1636815	0.65145844	1.5404457	-0.8519296	13.928634	0.8620592	0.3073469	1.5563821	-0.52113795	3552000	7.225806e-05	0.11174804	0.011277435	-0.012373827	-0.041408908	1.0938777	0.007053136	0.08728125	79.0	3206.1430537700653
111	0.8011422	0.1872248	1.1291081	0.6826843	1.5438011	-0.6545879	13.236273	0.8849097	0.28907698	1.5308611	-0.5936769	3584000	-3.003003e-05	0.110603794	0.011047529	-0.012325173	-0.03793803	1.0687609	0.008462809	0.07865625	79.0	3235.431231021881
112	0.790522	0.17971486	1.119864	0.6717593	1.544224	-0.70574814	13.733564	0.86980134	0.30334944	1.7005241	-0.7265937	3616000	8.3741266e-05	0.12841834	0.011179915	-0.012118317	-0.048582412	1.0784736	0.0070599793	0.08246875	79.0	3264.7375676631927
113	0.7502732	0.22580914	1.0441062	0.73193485	1.5395314	-1.0109218	13.26375	0.8460983	0.3201417	1.6121955	-0.7223005	3648000	-1.4232006e-05	0.13128503	0.011377292	-0.01366579	-0.049956664	1.0985092	0.0071982685	0.0800625	79.0	3294.189871072769
114	0.7991948	0.1736491	1.1294057	0.66951406	1.6075	-0.82082355	13.759099	0.85181606	0.31762484	1.506732	-0.8686446	3680000	5.6384597e-05	0.11570321	0.011472052	-0.013328938	-0.03962347	1.1111073	0.0073723188	0.08275	79.0	3323.4509134292603
115	0.82914746	0.15683077	1.1744863	0.62981915	1.608051	-0.82568175	13.722798	0.89264727	0.2871585	1.5690761	-0.8038767	3712000	4.3033622e-05	0.10695625	0.01129882	-0.013465902	-0.03891678	1.0940151	0.0075005325	0.0845	79.0	3352.7242958545685
116	0.8338537	0.15033886	1.1832601	0.61961347	1.5330435	-0.7741459	13.898862	0.8943994	0.29174876	1.5690092	-0.8274094	3744000	0.00013073534	0.10123427	0.01098476	-0.012940943	-0.035637304	1.0625446	0.0067871762	0.07890625	79.0	3382.0044054985046
117	0.8543953	0.13310774	1.2099284	0.612783	1.5316609	-0.76420975	14.025221	0.9153971	0.2841398	1.5640378	-0.59192985	3776000	-3.6759302e-05	0.08974318	0.0110522155	-0.012773164	-0.031269457	1.0707734	0.007961385	0.08596875	79.0	3411.3944053649902
118	0.8138864	0.16499603	1.1567389	0.6470307	1.5398048	-0.5404309	13.867365	0.8804245	0.27982447	1.4291656	-0.5107619	3808000	-1.4810124e-05	0.11921157	0.011023376	-0.013332534	-0.04813521	1.0608363	0.0081142355	0.08296875	79.0	3440.648516178131
119	0.7708514	0.21574354	1.0906469	0.68725926	1.543021	-0.7290911	13.211314	0.8526025	0.30856478	1.644719	-0.5483463	3840000	8.995924e-05	0.13192599	0.010877984	-0.014201511	-0.048527144	1.0475359	0.0073240735	0.085125	79.0	3469.9738731384277
120	0.78837156	0.1957525	1.1035776	0.68307924	1.5310903	-0.7539053	13.820746	0.85361266	0.30691493	1.5437459	-0.6052251	3872000	-9.790063e-05	0.10854134	0.011007033	-0.013244759	-0.038051464	1.0626345	0.006223184	0.082375005	79.0	3499.297542333603
121	0.8343345	0.155149	1.1805362	0.63144064	1.6075	-0.7434854	13.825349	0.8867627	0.30401525	1.652875	-0.5762543	3904000	9.170547e-05	0.09946917	0.011057017	-0.0134756295	-0.03602525	1.0695653	0.007745683	0.07628125	79.0	3528.6987709999084
122	0.8416091	0.1496118	1.1968304	0.6123966	1.6081593	-0.5603929	13.717241	0.9045953	0.25513282	1.5223333	-0.48899493	3936000	-3.282912e-06	0.09618282	0.010986973	-0.013635099	-0.034898706	1.0630713	0.0063455096	0.082	79.0	3558.0085401535034
123	0.7992995	0.18490988	1.1278502	0.66524017	1.5372394	-0.7232812	13.602663	0.9000462	0.28715873	1.7582049	-0.76681185	3968000	4.6618283e-05	0.11763884	0.011013722	-0.013779644	-0.04652065	1.061901	0.008303525	0.088968754	79.0	3587.3388719558716
124	0.84289086	0.13403583	1.1942469	0.63128877	1.5326756	-0.8465155	14.095575	0.8757858	0.3058398	1.5369956	-0.62838584	4000000	-6.186869e-05	0.10596722	0.011086714	-0.013529189	-0.039610907	1.0718731	0.008682178	0.084031254	79.0	3616.7702860832214
125	0.8163044	0.16608453	1.1606724	0.6478017	1.535434	-0.44189873	13.602058	0.9002109	0.2591167	1.5633826	-0.5301983	4032000	6.7450106e-05	0.107723415	0.010819007	-0.0138681065	-0.042754292	1.0445716	0.00809165	0.0881875	79.0	3646.1304807662964
126	0.80679065	0.1737616	1.1401721	0.6609536	1.5426272	-0.8965204	13.680603	0.8692225	0.3016558	1.6798251	-0.6504121	4064000	-6.9052912e-06	0.11513959	0.010847135	-0.014616977	-0.047595896	1.043623	0.008267925	0.0910625	79.0	3675.422597885132
127	0.8219241	0.15658382	1.163767	0.6341079	1.542475	-0.73098916	13.980194	0.87512547	0.30220637	1.5105412	-0.92430794	4096000	-6.428547e-05	0.1017732	0.01094358	-0.013563071	-0.03751798	1.0559354	0.0062161637	0.084	79.0	3704.779844045639
128	0.83876735	0.14895207	1.1913666	0.6140471	1.6081593	-0.42813218	13.671687	0.90948474	0.27810493	1.5783767	-0.6794278	4128000	4.086038e-05	0.08597192	0.0108616	-0.013536541	-0.025961228	1.0480154	0.0074155433	0.08365625	79.0	3733.987100124359
129	0.83067715	0.14264934	1.181575	0.6203013	1.6075	-0.46929687	14.028269	0.9202203	0.26446727	1.5947895	-0.71244663	4160000	-4.2354688e-05	0.10283309	0.010963356	-0.012656849	-0.038661193	1.054138	0.006901011	0.08625	79.0	3763.295283794403
130	0.8555867	0.13555524	1.2135618	0.60085076	1.5343041	-0.6301786	14.063274	0.88074887	0.2937843	1.7395955	-0.70269644	4192000	6.1494415e-05	0.08310434	0.010544607	-0.013791091	-0.03038936	1.016297	0.008009264	0.086812496	79.0	3792.4988136291504
131	0.8446686	0.14287467	1.1926918	0.6354108	1.5301124	-0.8988354	13.941228	0.90729654	0.27677888	1.5818821	-0.47892737	4224000	-3.2739714e-05	0.09316915	0.0106595615	-0.014004677	-0.03260489	1.0280685	0.009477958	0.10003125	79.0	3821.7554275989532
132	0.8504127	0.12822704	1.215646	0.60360736	1.5399376	-0.798035	13.949561	0.88709277	0.30530372	1.5181689	-0.8027052	4256000	2.1876302e-05	0.099063724	0.010473217	-0.013925695	-0.045914084	1.0033319	0.007672268	0.08815625	79.0	3851.043161869049
133	0.81965923	0.1573536	1.1632572	0.64228106	1.5365562	-0.75166315	13.8896675	0.89085144	0.30274352	1.8074384	-0.5471455	4288000	3.2590702e-05	0.11793672	0.010466797	-0.015434108	-0.04896102	1.0038017	0.00995395	0.09715626	79.0	3880.2997822761536
134	0.7942382	0.18842056	1.1158729	0.674526	1.6081593	-0.67219067	13.532368	0.8855317	0.30303404	1.5580611	-0.7684715	4320000	2.7450733e-06	0.11349085	0.010620173	-0.014391531	-0.04374756	1.0216038	0.007502124	0.0895	79.0	3909.6078550815582
135	0.8515313	0.1397113	1.2127157	0.59935874	1.6081593	-0.4727849	13.736183	0.9084335	0.28994563	1.6278597	-0.9526454	4352000	-2.0940788e-05	0.09309751	0.010635539	-0.0129646715	-0.034873214	1.0232046	0.006549604	0.076406255	79.0	3938.8769297599792
136	0.8489315	0.138572	1.2111496	0.6014266	1.6	-0.516666	13.851046	0.92850184	0.24381724	1.5849319	-0.57683915	4384000	4.177913e-05	0.08959302	0.010656796	-0.01267312	-0.03358991	1.0263298	0.0063779773	0.0805625	79.0	3968.1519861221313
137	0.861199	0.124291204	1.2249666	0.5946276	1.5378379	-0.7554583	14.142794	0.9095331	0.27504134	1.7080059	-0.6230357	4416000	7.047877e-05	0.08874508	0.010636118	-0.0130116865	-0.035823993	1.020108	0.0074292803	0.08240625	79.0	3997.570871114731
138	0.8587003	0.1250293	1.2199883	0.606171	1.5348593	-0.76484084	14.095027	0.8954125	0.30852085	1.6566616	-0.8297576	4448000	-1.7402694e-05	0.08635994	0.010537435	-0.013184746	-0.032976862	1.0147986	0.007490269	0.0818125	79.0	4026.842961549759
139	0.8281484	0.15589628	1.1783926	0.6330711	1.5543041	-0.46276462	13.694733	0.9047826	0.28216702	1.778525	-0.62678164	4480000	-1.4668331e-05	0.10288827	0.010342197	-0.014801383	-0.037932362	0.98975253	0.007954443	0.08890625	79.0	4056.334947824478
140	0.79178727	0.19493598	1.1236197	0.67005044	1.5451124	-0.5854619	13.265443	0.8818229	0.29269043	1.6304729	-0.5252772	4512000	9.78373e-05	0.111368954	0.010272071	-0.0140934605	-0.04151179	0.9839959	0.0076028854	0.07940625	79.0	4085.7010757923126
141	0.8084799	0.18109739	1.1409001	0.6555206	1.6031593	-0.5458526	13.612586	0.8840394	0.30773726	1.51716	-0.7304325	4544000	1.4123507e-06	0.11142373	0.0103795715	-0.014429148	-0.03890007	0.9965414	0.007931428	0.090093754	79.0	4114.936290740967
142	0.8493057	0.14550975	1.2107575	0.6038973	1.6081593	-0.42772335	13.468591	0.9131951	0.26715705	1.611289	-0.5706834	4576000	4.1412655e-05	0.07813036	0.010178946	-0.013393573	-0.027882878	0.97858644	0.004938526	0.07259375	79.0	4144.194008111954
143	0.856313	0.12558572	1.2289268	0.57412463	1.6081593	-0.4682858	14.008407	0.9411123	0.23542312	1.8763748	-0.5152434	4608000	-3.1854957e-05	0.09637231	0.0104014035	-0.014764235	-0.04092204	0.99484634	0.0073878793	0.08543751	79.0	4173.526274681091
144	0.8655453	0.11622679	1.231677	0.59192663	1.5421014	-0.7935381	14.264388	0.89845043	0.29941398	1.5090418	-0.65487796	4640000	-3.298372e-05	0.08601422	0.010492621	-0.012782183	-0.033482872	1.0043163	0.0063654603	0.07990625	79.0	4202.82076716423
145	0.85846734	0.12736154	1.223859	0.59346503	1.5336015	-0.7966309	13.900613	0.9235432	0.27626348	1.5635638	-0.7832717	4672000	4.647288e-05	0.07439671	0.010286989	-0.013558474	-0.028130542	0.9855423	0.008089972	0.08084375	79.0	4232.3613522052765
146	0.83857036	0.14031082	1.1997515	0.61530584	1.5390428	-0.4551961	13.711206	0.9216819	0.25943375	1.5053892	-0.49512696	4704000	-1.3094861e-05	0.102454334	0.010216048	-0.014194464	-0.04597629	0.97559416	0.007815445	0.090875	79.0	4261.639063358307
147	0.7983187	0.18630905	1.1253304	0.67315394	1.5344703	-0.5827667	13.511479	0.9015603	0.27796257	1.6915886	-0.6733958	4736000	-4.3269247e-05	0.11304414	0.010174064	-0.014871051	-0.043295745	0.9724448	0.008066472	0.08325	79.0	4291.03293633461
148	0.8122961	0.17583084	1.1521155	0.65299696	1.6031593	-0.5523276	13.491087	0.8760992	0.31129467	1.6713858	-0.5910731	4768000	0.00010223314	0.10829045	0.010304283	-0.013946166	-0.039502874	0.98554283	0.0070413253	0.082625	79.0	4320.360509634018
149	0.8339733	0.14808452	1.1865023	0.6243636	1.5993854	-0.85094994	13.853403	0.9276233	0.2602838	1.7322176	-0.6371206	4800000	-9.445939e-06	0.11185847	0.010465055	-0.014321869	-0.04513635	0.99894553	0.0069999034	0.0816875	79.0	4349.718008995056
150	0.87307775	0.107142664	1.2542294	0.5536106	1.6	-0.7243689	14.185599	0.9031968	0.2877595	1.6995137	-0.85656136	4832000	0.000107510015	0.084214374	0.01031194	-0.0125027355	-0.031321242	0.9849881	0.0066332826	0.07296875	79.0	4378.956494808197
151	0.8554807	0.12092918	1.2224262	0.5993638	1.5369668	-0.7508621	14.040052	0.8979083	0.3021623	1.4914844	-0.81975347	4864000	9.913603e-05	0.09566258	0.010328302	-0.014964231	-0.036980588	0.9897441	0.009477379	0.096281245	79.0	4408.201204538345
152	0.86342883	0.111405835	1.2335466	0.5923429	1.532187	-0.7593264	14.078014	0.894695	0.2984754	1.508379	-0.66499865	4896000	2.049096e-05	0.08386347	0.01031057	-0.013068856	-0.033170685	0.98495674	0.007727206	0.077125	79.0	4437.622144699097
153	0.81594986	0.16161433	1.165722	0.643487	1.5473822	-0.4287575	13.525554	0.896213	0.29424152	1.6540288	-0.5757238	4928000	7.367553e-05	0.091960646	0.010158112	-0.013951443	-0.028986063	0.9698998	0.007239813	0.08534375	79.0	4466.9797513484955
154	0.79627883	0.19369626	1.1274216	0.6652422	1.5412943	-0.6279346	13.337939	0.903719	0.27502474	1.5817499	-0.6034399	4960000	-5.0696544e-05	0.10150812	0.01014496	-0.014277289	-0.036153674	0.96832097	0.00736239	0.085062504	79.0	4496.36971783638
155	0.8088244	0.1644328	1.1454725	0.6530256	1.6081593	-0.9313263	13.808696	0.8931914	0.2992028	1.7280694	-0.70127916	4992000	-0.00012823846	0.12249957	0.01042569	-0.014795711	-0.052274745	0.99528694	0.0070805065	0.086218745	79.0	4525.649103164673
156	0.8476726	0.14013815	1.2109063	0.6064994	1.6081593	-1.0737213	13.684483	0.8884983	0.2824365	1.752166	-0.55792934	5024000	2.1996908e-05	0.090185486	0.0102758	-0.013615917	-0.03102862	0.98247373	0.006838472	0.078875005	79.0	4555.207810640335
157	0.8890956	0.09624501	1.2739575	0.5367744	1.5339699	-0.75387704	14.231183	0.89908385	0.2954097	1.8797646	-0.639972	5056000	-8.049235e-05	0.06930369	0.010075642	-0.012474739	-0.026854543	0.9641268	0.006619936	0.0788125	79.0	4584.669740200043
158	0.86374545	0.10915229	1.2448438	0.5692487	1.5379723	-0.7171235	14.080974	0.9350586	0.27520734	1.5824385	-0.9030845	5088000	0.00011090655	0.10113725	0.01009482	-0.0140239615	-0.043675236	0.9625115	0.0076713692	0.083812505	79.0	4614.069642543793
159	0.8469178	0.12684016	1.2128654	0.6108404	1.5401124	-0.72797585	13.831305	0.89506096	0.29865903	1.407441	-0.6282856	5120000	0.00011029816	0.08627505	0.009998146	-0.012999708	-0.030719204	0.9564144	0.0072396095	0.0845	79.0	4643.600033998489
160	0.83852386	0.13867566	1.1941562	0.6229277	1.547902	-0.860152	13.699569	0.8967842	0.28447443	1.4559308	-0.47269672	5152000	9.712856e-05	0.0991874	0.009953607	-0.01415517	-0.045113835	0.94616616	0.007874326	0.08809375	79.0	4672.897216081619
161	0.80286944	0.1886566	1.1341509	0.66658336	1.5370575	-0.566375	13.17869	0.89905584	0.30410758	1.6644535	-0.5682242	5184000	3.6250567e-05	0.09326666	0.009975154	-0.014042065	-0.033159982	0.9478833	0.0066163456	0.08878125	79.0	4702.138817548752
162	0.87173843	0.11590692	1.2525804	0.55544573	1.6081593	-0.4935593	13.943222	0.92132455	0.2730709	1.7546842	-0.59353226	5216000	-8.5554086e-05	0.08195576	0.0099278465	-0.014947448	-0.03232137	0.9442862	0.00907271	0.0975	79.0	4731.608385801315
163	0.8460667	0.1290235	1.2185874	0.5929161	1.6	-0.5148674	13.884851	0.92864877	0.2520338	1.5924478	-0.41999733	5248000	5.1172916e-05	0.10408515	0.010362932	-0.0145276375	-0.04101277	0.98585415	0.008644431	0.08965625	79.0	4761.122554063797
164	0.8554777	0.12859191	1.223546	0.59072745	1.5358336	-0.80895823	13.889616	0.8802584	0.29479456	1.5339596	-0.64278734	5280000	-1.50739215e-05	0.085588634	0.010248395	-0.014321791	-0.03132046	0.9778057	0.0070282994	0.0845625	79.0	4790.32480597496
165	0.85868657	0.11970276	1.2311745	0.5894995	1.5390314	-0.76640314	13.992517	0.9116022	0.27716333	1.6056421	-0.6563424	5312000	-7.791445e-06	0.0889649	0.010299519	-0.015355518	-0.031044856	0.9817196	0.007029555	0.0933125	79.0	4819.644495487213
166	0.8594635	0.12841283	1.2338339	0.5899707	1.5422997	-0.61095273	13.610395	0.92000467	0.2653907	1.5316166	-0.84038126	5344000	-0.0001979759	0.08425374	0.009892348	-0.013605354	-0.030306166	0.9422617	0.007981168	0.08603125	79.0	4848.895478487015
167	0.8197081	0.16500801	1.1644702	0.64757043	1.5448855	-0.87942725	13.351681	0.8992341	0.27726647	1.5573123	-0.7170268	5376000	-0.0001180619	0.08590543	0.010026275	-0.014087157	-0.035940558	0.953588	0.0076741506	0.08903125	79.0	4878.444504737854
168	0.80213237	0.18261063	1.1363403	0.6613245	1.5396811	-0.65628916	13.302433	0.8883318	0.30988017	1.5521345	-0.9520565	5408000	4.6874397e-05	0.10391058	0.010262007	-0.0148882745	-0.048691403	0.97484004	0.008078432	0.0905	79.0	4907.850824594498
169	0.8400316	0.15128249	1.199077	0.6156648	1.5371677	-0.5167055	13.472789	0.90953594	0.28195816	1.6529568	-0.62285066	5440000	-3.821915e-05	0.0863088	0.010133201	-0.014168825	-0.033916835	0.9650534	0.0067187315	0.0856875	79.0	4937.257338762283
170	0.87360525	0.11232841	1.2611651	0.5513996	1.6081593	-0.46417934	13.813368	0.92508155	0.2647201	1.6553636	-0.6008645	5472000	-3.230432e-05	0.0962099	0.010165688	-0.013685604	-0.04383012	0.9681754	0.007340979	0.081750005	79.0	4966.692544460297
171	0.8754802	0.11226861	1.2575259	0.5659253	1.5377295	-0.69565207	13.744377	0.9354043	0.26438242	1.6759273	-0.76325876	5504000	2.8938055e-05	0.07240477	0.010124143	-0.013370733	-0.030027186	0.96468043	0.0062992675	0.07803126	79.0	4996.291146278381
172	0.8620283	0.11468377	1.2332654	0.596846	1.5369022	-0.84783334	14.081416	0.9203053	0.30300915	1.5927358	-0.8633208	5536000	7.332489e-05	0.08837819	0.010360526	-0.014723469	-0.033424497	0.9862366	0.009139352	0.0955625	79.0	5025.598304748535
173	0.8688575	0.117252275	1.2521385	0.568085	1.5449264	-0.49526685	13.671552	0.9215784	0.2646085	1.421012	-0.90332806	5568000	-0.00011679344	0.08893363	0.010052862	-0.015479427	-0.03650555	0.956454	0.008239607	0.090406254	79.0	5054.9976625442505
174	0.8205583	0.16378517	1.1619982	0.6497888	1.538508	-0.9855096	13.366583	0.90010566	0.2861784	1.6611773	-0.5837459	5600000	-2.520904e-05	0.101615556	0.010133468	-0.015258218	-0.041642666	0.95927536	0.007342405	0.09309375	79.0	5084.460154294968
175	0.81994045	0.17014611	1.1663573	0.6417653	1.5379317	-0.4177578	13.2176075	0.9052612	0.28891242	1.6781523	-0.80282426	5632000	-6.374065e-05	0.08523375	0.00994147	-0.0142612895	-0.03565018	0.9440857	0.005756477	0.0829375	79.0	5113.830174922943
176	0.8252436	0.16628075	1.1776861	0.6382101	1.6081593	-0.54630643	13.209583	0.9250035	0.2832428	1.5687776	-0.6989603	5664000	5.272217e-05	0.09745225	0.009988936	-0.013620827	-0.040167816	0.94958574	0.0067199375	0.08278125	79.0	5143.233216762543
177	0.87369585	0.117661916	1.258895	0.5571689	1.6081593	-0.6453843	13.619845	0.9187235	0.26598164	1.5459132	-0.9858141	5696000	-1.6972423e-05	0.08309737	0.009993965	-0.014600825	-0.03196865	0.9513478	0.008203056	0.09353125	79.0	5172.597511768341
178	0.8771415	0.10498644	1.2612691	0.5646586	1.5443208	-0.7581929	13.938597	0.92392015	0.2828601	1.6344213	-0.78978133	5728000	5.4162927e-05	0.077632114	0.010125321	-0.013102486	-0.030727752	0.965323	0.0068315384	0.08121875	79.0	5201.925358295441
179	0.8556541	0.12533796	1.2268157	0.59835976	1.5398608	-0.755652	13.712995	0.922498	0.2881275	1.527901	-0.9112871	5760000	-6.800797e-05	0.08481674	0.009983493	-0.013310791	-0.033038814	0.95097613	0.0076040733	0.086937495	79.0	5231.181091070175
180	0.8333181	0.15653005	1.190957	0.6337422	1.5433775	-0.9110157	13.157699	0.90007716	0.28589252	1.484306	-0.93496263	5792000	7.15293e-05	0.08803277	0.009845894	-0.014041828	-0.036249872	0.9350033	0.0075820223	0.082593754	79.0	5260.685488939285
181	0.85194623	0.13960595	1.2232314	0.5910817	1.5968176	-0.4970952	13.392918	0.9177691	0.27849805	1.500241	-0.6496876	5824000	7.419707e-05	0.08280465	0.00963155	-0.0151470415	-0.03565269	0.91561365	0.008855769	0.08521876	79.0	5290.108855247498
182	0.82826734	0.16677305	1.1773039	0.63758886	1.6081593	-0.56578046	13.206811	0.9328907	0.2741738	1.5954859	-0.72415894	5856000	-2.1221582e-05	0.074577175	0.009898575	-0.014859285	-0.02205728	0.9420222	0.0060962103	0.082312495	79.0	5319.436424732208
183	0.8813778	0.1134833	1.2718998	0.5446291	1.6081593	-0.49345925	13.508503	0.9351753	0.25505185	1.5826589	-0.5395194	5888000	-3.5056844e-05	0.06742878	0.009972472	-0.014492612	-0.0271183	0.94809854	0.0067014387	0.087437496	79.0	5348.60383272171
184	0.8740215	0.11010553	1.2566316	0.56360614	1.5945835	-0.7540585	13.936515	0.92725134	0.28480256	1.7412609	-0.82487404	5920000	-0.0001017903	0.08170511	0.010141807	-0.012944363	-0.02970206	0.9616363	0.0070186504	0.08334375	79.0	5377.922829151154
185	0.8895929	0.09971796	1.2904478	0.5244467	1.5401571	-0.7459819	13.867776	0.93860793	0.2581352	1.538752	-0.7599653	5952000	-8.456642e-06	0.07478613	0.009852991	-0.013315266	-0.026495352	0.9366882	0.0059428466	0.08221875	79.0	5407.293081521988
186	0.87551886	0.10341179	1.2599591	0.5726963	1.5436015	-1.028625	13.74654	0.9134565	0.28268117	1.4453664	-1.1086686	5984000	-7.7757984e-05	0.07942816	0.009863448	-0.013632948	-0.03180332	0.9349235	0.00867239	0.083406255	79.0	5436.570760011673
187	0.84548867	0.14251378	1.2134895	0.60410666	1.5379963	-0.46091884	13.448057	0.9234818	0.26538473	1.6481159	-0.8508458	6016000	3.810227e-05	0.08354061	0.009676318	-0.014022493	-0.03642582	0.9148036	0.0080104135	0.090281256	79.0	5465.915292978287
188	0.8155977	0.17442185	1.1618396	0.64794034	1.6081593	-0.4735	13.107674	0.9195382	0.27956405	1.5722034	-0.8310786	6048000	5.1709823e-05	0.10450642	0.0097436635	-0.015582532	-0.050068922	0.92295516	0.008433915	0.098406255	79.0	5495.229003429413
189	0.8378145	0.15049213	1.1988934	0.6175146	1.6081593	-0.6020771	13.282663	0.9233635	0.2732123	1.8771071	-0.6372655	6080000	8.552428e-05	0.08903006	0.009948087	-0.014810767	-0.039841674	0.9423079	0.0076186126	0.09234375	79.0	5524.512711286545
190	0.84625757	0.14015576	1.2207527	0.59238845	1.6081593	-0.42865542	13.454237	0.92533994	0.27337092	1.6007869	-0.83693874	6112000	9.567989e-05	0.08851406	0.01000478	-0.01539157	-0.031083988	0.9494164	0.007093732	0.09003125	79.0	5553.899920940399
191	0.8866776	0.09538168	1.2783529	0.53883064	1.6081593	-0.73061335	13.914623	0.9107147	0.28778976	1.6717963	-1.1159151	6144000	-4.550256e-05	0.07982737	0.010023716	-0.014055453	-0.03365846	0.9516393	0.0071828393	0.084968746	79.0	5583.339916229248
192	0.8840298	0.10359108	1.2783301	0.5448524	1.5374894	-0.8574966	13.839688	0.9423043	0.26047057	1.5421923	-0.8522774	6176000	1.8626917e-05	0.07448831	0.009712954	-0.014860392	-0.022019833	0.9233556	0.008645771	0.098625004	79.0	5612.729266166687
193	0.89672124	0.098018155	1.3022063	0.5146197	1.5452671	-0.7487035	13.509337	0.9383159	0.25608906	1.5174898	-0.8368366	6208000	4.084222e-05	0.060553864	0.009457314	-0.013038901	-0.022175975	0.89702773	0.006813255	0.07878125	79.0	5642.007035732269
194	0.8508839	0.13878573	1.2228723	0.5912751	1.5502671	-0.42967892	13.358403	0.9510414	0.23586299	1.5598583	-0.5481224	6240000	-5.2754767e-05	0.0761055	0.009611028	-0.014774462	-0.030548	0.90932053	0.007241588	0.0865	79.0	5671.403554439545
195	0.8523304	0.13387255	1.2272834	0.5851754	1.6031593	-0.45974487	13.628866	0.9269648	0.2756914	1.5771923	-0.6739225	6272000	5.1196665e-05	0.07956132	0.009782201	-0.01457341	-0.034250036	0.9245469	0.009479894	0.086500004	79.0	5700.809215784073
196	0.8302889	0.16142103	1.1914927	0.62598705	1.6081593	-0.46824998	13.111798	0.9237152	0.28121087	1.504756	-0.83583134	6304000	0.00016491301	0.08755466	0.009770198	-0.014718284	-0.036624257	0.92678255	0.0069913715	0.08528125	79.0	5730.076038837433
197	0.8834761	0.10617205	1.2757589	0.5370168	1.6081593	-0.40359902	13.652492	0.93182045	0.2723891	1.6184853	-0.6820569	6336000	-0.00011195615	0.078964695	0.009797258	-0.01487689	-0.0313878	0.92563486	0.00770202	0.09371875	79.0	5759.599446058273
198	0.8762919	0.10807772	1.2616771	0.565736	1.5470736	-0.78418934	13.652324	0.9464463	0.24402879	1.556553	-0.65297425	6368000	1.44355e-05	0.07647762	0.009871431	-0.0142369615	-0.027080348	0.93305355	0.009260092	0.09340625	79.0	5788.966741323471
199	0.86349297	0.12429927	1.2391413	0.5907384	1.5477295	-0.77907157	13.584761	0.9225247	0.29079542	1.4838576	-0.8390361	6400000	-6.519095e-05	0.08206387	0.009859754	-0.013769718	-0.028320886	0.93485624	0.00741761	0.085999995	79.0	5818.290436506271
200	0.8581467	0.13860601	1.2349483	0.5916104	1.5513812	-0.4408815	13.182422	0.929072	0.26224852	1.4481083	-1.0130926	6432000	-1.5448779e-05	0.06987786	0.009577835	-0.01420519	-0.019514084	0.9062016	0.007959781	0.08815625	79.0	5847.875276088715
201	0.8337399	0.1542637	1.1973414	0.61972207	1.6081593	-0.4926587	13.317953	0.9308253	0.26345164	1.4924264	-0.60230744	6464000	8.374173e-05	0.09686173	0.0097001735	-0.0151984375	-0.040670592	0.91698825	0.0076804124	0.079875	79.0	5877.144597768784
202	0.8434282	0.15156773	1.2084213	0.60859925	1.6081593	-0.42807496	13.26505	0.9119208	0.29138544	1.5163317	-0.76151323	6496000	2.0482577e-05	0.080538765	0.0097523695	-0.014423594	-0.032805517	0.9238985	0.007891233	0.08687499	79.0	5906.592527151108
203	0.83810693	0.15518016	1.2065531	0.6054596	1.6068586	-0.39808246	13.257095	0.93201685	0.27790746	1.6846144	-0.80652744	6528000	9.146333e-05	0.09508571	0.009806588	-0.013942525	-0.03910707	0.9305104	0.006259623	0.080125	79.0	5935.970740556717
204	0.8804051	0.10531391	1.2715144	0.5403495	1.6	-0.75102615	13.839441	0.9239487	0.27510178	1.6642437	-0.8410368	6560000	6.7248475e-05	0.07377519	0.009773581	-0.014936699	-0.027152847	0.92558753	0.008205981	0.08540625	79.0	5965.216286659241
205	0.8875197	0.09491472	1.2820866	0.5420271	1.5415468	-0.72737056	13.792608	0.9312887	0.27214506	1.5526885	-0.79711455	6592000	6.6853594e-05	0.0711249	0.009700334	-0.013066417	-0.02563069	0.91966695	0.0076899994	0.0738125	79.0	5994.778728485107
206	0.8879789	0.09790937	1.2790382	0.5451633	1.5527295	-0.7558495	13.807626	0.93763024	0.2684706	1.5627635	-0.6995459	6624000	-3.0472875e-06	0.06874415	0.009737914	-0.01533203	-0.023511443	0.92058474	0.0085660545	0.094218746	79.0	6023.983148097992
207	0.8534373	0.13450515	1.2310048	0.59468704	1.5412437	-0.44836584	13.25209	0.94034666	0.26213726	1.5594583	-0.9517442	6656000	-6.387709e-05	0.08113529	0.009479341	-0.015165739	-0.03804422	0.89589703	0.008376695	0.0948125	79.0	6053.2412486076355
208	0.84642535	0.13991398	1.2231718	0.59494257	1.6081593	-0.48732767	13.244575	0.9264847	0.28598073	1.5338877	-0.7355814	6688000	0.00012513157	0.07792884	0.009552574	-0.0148763135	-0.035858303	0.90160537	0.0076985434	0.08940625	79.0	6082.532479763031
209	0.849369	0.13482387	1.2258859	0.5816637	1.6081593	-0.42835608	13.515306	0.92862964	0.2936672	1.6581417	-0.8006016	6720000	-5.514361e-05	0.07385979	0.009677686	-0.014977696	-0.025489448	0.91390145	0.008650497	0.09159374	79.0	6111.931035518646
210	0.8752316	0.11620172	1.2661536	0.5510274	1.6	-0.47392684	13.324539	0.94083416	0.2603289	1.6418413	-0.6509537	6752000	8.344371e-05	0.06513382	0.009544503	-0.014520777	-0.029018842	0.90387595	0.0071200496	0.08993749	79.0	6141.156431913376
211	0.895488	0.09728783	1.287588	0.5338596	1.6081593	-0.7231004	13.684801	0.9560841	0.25463045	1.8202125	-0.7611074	6784000	6.0173683e-05	0.050899222	0.00960125	-0.014901837	-0.020130638	0.9076894	0.0076034656	0.0969375	79.0	6170.6066262722015
212	0.9110899	0.07839225	1.321063	0.4953604	1.5435691	-0.75449336	13.856458	0.9576706	0.26448572	1.6391361	-0.81336945	6816000	0.00018325634	0.048081838	0.009480992	-0.013531527	-0.015142282	0.8976599	0.0077404594	0.0833125	79.0	6199.8787224292755
213	0.89431024	0.098647505	1.3007618	0.5129291	1.5463133	-0.66476417	13.499149	0.9693726	0.23907897	1.5106963	-0.666005	6848000	1.5923753e-05	0.056847576	0.0093033835	-0.013318884	-0.0189334	0.8779199	0.007150777	0.08040625	79.0	6229.221029043198
214	0.8652328	0.12805185	1.2488294	0.57671195	1.5516964	-0.4212709	13.313963	0.9461161	0.25686714	1.6602043	-0.5776976	6880000	9.2878705e-05	0.0697364	0.009324112	-0.0142001	-0.03347	0.8764734	0.008502798	0.091968745	79.0	6258.517395734787
215	0.8473412	0.14761254	1.2146283	0.60294163	1.6	-0.463559	13.211314	0.9344297	0.29281664	1.6756352	-0.81645	6912000	0.00012655929	0.06664388	0.009388488	-0.014584795	-0.02480548	0.8854222	0.0071074013	0.08728125	79.0	6287.943884372711
216	0.836529	0.15174711	1.2055159	0.6076343	1.6081593	-0.40023875	13.141735	0.939496	0.2695932	1.5536611	-0.71199137	6944000	6.287638e-05	0.08687176	0.00943738	-0.015408588	-0.04178156	0.89113224	0.008610331	0.09353125	79.0	6317.206290960312
217	0.88769245	0.11230757	1.2813604	0.53822744	1.6081593	-0.43058962	13.299414	0.9348389	0.2719602	1.6567605	-0.9403956	6976000	-7.813051e-05	0.055368498	0.0093051065	-0.014532114	-0.021498945	0.87852335	0.0066283597	0.088687494	79.0	6346.513467311859
218	0.88144755	0.113365196	1.2719938	0.5518078	1.5433668	-0.7680772	13.483446	0.964458	0.2573007	1.6788578	-0.951304	7008000	-7.2829425e-06	0.05645994	0.009174828	-0.014975661	-0.018607156	0.8653413	0.0084418785	0.0870625	79.0	6376.042381763458
219	0.87743366	0.11395321	1.2651267	0.56501937	1.5445557	-0.7965319	13.555128	0.9409457	0.28775522	1.5046726	-0.92837095	7040000	4.905369e-05	0.06474818	0.009189819	-0.014105421	-0.019668212	0.8670101	0.007158229	0.09221875	79.0	6405.407600879669
220	0.89493847	0.096208446	1.302898	0.514148	1.5424373	-0.69047046	13.659794	0.9480311	0.25091198	1.557083	-0.7079152	7072000	-6.5239146e-06	0.06971118	0.009072118	-0.01520036	-0.028970465	0.85245204	0.007665654	0.08378125	79.0	6434.997180700302
221	0.8646381	0.12851262	1.2508738	0.56762326	1.6081593	-0.42006728	13.273789	0.94236267	0.26671806	1.5414822	-0.5379681	7104000	8.353032e-06	0.0635975	0.009122845	-0.014885335	-0.024173466	0.8562311	0.008388521	0.093281254	79.0	6464.260392665863
222	0.86030763	0.12770167	1.2438712	0.57446694	1.6081593	-0.5288425	13.47449	0.94591224	0.27038708	1.5094125	-0.9832761	7136000	-2.8144568e-06	0.07868005	0.009247383	-0.015056558	-0.03539368	0.87059855	0.00807742	0.08721875	79.0	6493.541926622391
223	0.8506173	0.14102687	1.2233473	0.6042716	1.6081593	-0.7058471	13.189784	0.9311913	0.28133243	1.7052586	-0.6228265	7168000	4.710257e-05	0.07607508	0.009231431	-0.014884079	-0.025410002	0.868013	0.008392016	0.09571875	79.0	6522.857671737671
224	0.8971481	0.09937973	1.3008242	0.5148813	1.6053554	-0.5920033	13.483051	0.94725	0.2544533	1.5924654	-0.63939416	7200000	5.9232116e-05	0.062335752	0.009224789	-0.014038328	-0.022923274	0.86995465	0.00671136	0.0835625	79.0	6552.207442998886
225	0.89905536	0.08338237	1.3092836	0.50791544	1.5456322	-0.64995736	13.793554	0.9575993	0.26451427	1.5093747	-0.7072294	7232000	9.0638176e-05	0.072083876	0.009260997	-0.014009019	-0.032845285	0.8713392	0.0078065433	0.08490625	79.0	6581.549582719803
226	0.9069686	0.085731	1.3188752	0.494752	1.5443224	-0.7252075	13.718534	0.9579363	0.24176972	1.535515	-0.85415006	7264000	6.303284e-05	0.062075272	0.009066023	-0.014077624	-0.027216934	0.85383594	0.006673773	0.07721875	79.0	6610.918220043182
227	0.88468426	0.110292	1.2803849	0.54268384	1.5590152	-0.41843292	13.338507	0.95691013	0.25920635	1.6502125	-0.8056712	7296000	-2.1982938e-05	0.052867793	0.00895202	-0.0140763195	-0.023844926	0.84023595	0.007847873	0.074875	79.0	6640.5320637226105
228	0.85636497	0.12633549	1.2403767	0.57683927	1.6081593	-0.53911227	13.426695	0.9463898	0.27800477	1.4905658	-0.76480913	7328000	4.1250605e-05	0.07802887	0.009157335	-0.015134596	-0.032913264	0.8555468	0.007947484	0.090593755	79.0	6670.204862117767
229	0.8633471	0.1295749	1.2532337	0.5567446	1.6081593	-0.40529948	13.419341	0.9344608	0.27054533	1.7354743	-0.89120656	7360000	-4.6781264e-05	0.067401834	0.008985052	-0.013162201	-0.028263234	0.845387	0.006733541	0.0806875	79.0	6699.513555526733
230	0.8727021	0.12222475	1.2636787	0.5546038	1.6081593	-0.39744592	13.202736	0.94678175	0.2615261	1.593961	-0.5644545	7392000	9.57828e-05	0.06515291	0.0090145	-0.014316237	-0.02714839	0.8480081	0.005430338	0.077625	79.0	6728.685199737549
231	0.891272	0.094665825	1.2941755	0.5215957	1.6031593	-0.608347	13.701293	0.95023584	0.27197173	1.6241689	-1.1897606	7424000	-2.552569e-05	0.06852774	0.00899663	-0.014910325	-0.02824238	0.8438829	0.0073890425	0.084656246	79.0	6757.883773326874
232	0.8831021	0.106357574	1.2795904	0.5365287	1.5523288	-0.7619517	13.675129	0.9431676	0.2637211	1.5674231	-0.7725988	7456000	-2.6958995e-05	0.07530466	0.008936461	-0.015726693	-0.026031438	0.8390732	0.008022839	0.092031255	79.0	6787.179654121399
233	0.90947586	0.081914276	1.3254812	0.48096332	1.5557895	-0.42177632	13.567209	0.9555952	0.23758796	1.5587493	-0.6693542	7488000	-1.1602417e-05	0.056920014	0.0088212015	-0.013036836	-0.02397107	0.8258758	0.0073117847	0.07946875	79.0	6816.388692378998
234	0.8976166	0.099093884	1.3049282	0.5114805	1.5508608	-0.46082452	13.41723	0.9549704	0.25370672	1.5462868	-0.6801721	7520000	9.009335e-05	0.051354982	0.00868494	-0.013956649	-0.022197451	0.8147288	0.006822847	0.0860625	79.0	6845.731300830841
235	0.84848213	0.1430945	1.2297161	0.5813176	1.6081593	-0.3890911	13.243344	0.9582265	0.2653588	1.7018884	-0.58875024	7552000	2.0010397e-05	0.07450127	0.008814495	-0.01492858	-0.03444313	0.8228656	0.008373175	0.08921875	79.0	6875.1506242752075
236	0.86090755	0.11822523	1.2469212	0.566608	1.6081593	-0.4274842	13.619639	0.93615365	0.2789555	1.56983	-0.55274117	7584000	3.8417988e-05	0.08911185	0.009069063	-0.016038835	-0.03771194	0.84634423	0.006606343	0.088125005	79.0	6904.65092754364
237	0.8961243	0.09352839	1.3060496	0.50279033	1.6081593	-0.4653108	13.5017	0.9384435	0.2596697	1.5857472	-0.5997607	7616000	-1.6698614e-05	0.06784968	0.008987653	-0.013672378	-0.028790928	0.8420498	0.0071400655	0.082718745	79.0	6933.867337226868
238	0.8955118	0.09037518	1.3006558	0.5109843	1.5438089	-0.5039076	13.657216	0.9592339	0.24257284	1.5587397	-0.7377906	7648000	-0.00012356043	0.060710058	0.0088775605	-0.0146937575	-0.027822923	0.83053565	0.010724388	0.097687505	79.0	6963.051032066345
239	0.90062535	0.0890229	1.3080198	0.5060375	1.545117	-0.51655465	13.670396	0.95682645	0.2589915	1.5306447	-0.5418359	7680000	5.5481214e-05	0.06017393	0.008844004	-0.01366744	-0.020950235	0.82993644	0.0069144038	0.08246875	79.0	6992.247972488403
240	0.86385614	0.112021714	1.260339	0.5612512	1.5608608	-0.50271916	13.488095	0.95687693	0.24377519	1.6279054	-0.6463259	7712000	-0.00013067573	0.08580311	0.00886542	-0.01630445	-0.041092493	0.8293501	0.01190473	0.089156255	79.0	7021.78297495842
241	0.8763781	0.11679442	1.2766868	0.5412728	1.558698	-0.39748514	13.268333	0.93119276	0.2719518	1.5795935	-0.77240837	7744000	-9.7566284e-05	0.06936833	0.008646151	-0.013000179	-0.030875739	0.8064259	0.00641682	0.07934375	79.0	7051.047983884811
242	0.82571864	0.15692168	1.192761	0.61543775	1.6081593	-0.50863606	13.36172	0.9420901	0.27872655	1.5560906	-0.63398355	7776000	-2.0861626e-07	0.09427823	0.00904625	-0.015543608	-0.03585726	0.844698	0.008992778	0.095625	79.0	7080.462080717087
243	0.8627814	0.12198231	1.2502425	0.56996036	1.6081593	-0.49652395	13.248325	0.9087916	0.28469768	1.5365288	-0.67397183	7808000	4.739454e-05	0.0856979	0.00889135	-0.014709666	-0.03793768	0.8317065	0.008377122	0.08643751	79.0	7109.876646280289
244	0.8827555	0.11201102	1.2745054	0.5522312	1.6081593	-0.48053357	13.2508335	0.9407169	0.26715878	1.7366716	-0.63109076	7840000	4.1374005e-05	0.07332097	0.008835109	-0.014314288	-0.032208994	0.82690895	0.008070907	0.08728125	79.0	7139.347216844559
245	0.9056519	0.08008386	1.3185604	0.4900012	1.5402395	-0.47878298	13.854965	0.97220236	0.23606302	1.5595295	-0.6771236	7872000	6.902497e-05	0.082135886	0.008968933	-0.016136833	-0.044737685	0.8376092	0.008589486	0.08553125	79.0	7168.558391571045
246	0.8841055	0.09483904	1.286348	0.525961	1.5510371	-0.47204223	13.749133	0.93910706	0.25273576	1.5355583	-0.6608439	7904000	7.3400326e-05	0.089550436	0.008954946	-0.014739102	-0.037075333	0.83053434	0.009410428	0.0891875	79.0	7197.937009096146
247	0.8928913	0.096834145	1.3001838	0.5061456	1.5566014	-0.3782892	13.498725	0.92727065	0.2637942	1.5190364	-0.9775835	7936000	-0.00012588315	0.06486845	0.008707992	-0.013800695	-0.029397443	0.81347	0.0076641464	0.08203125	79.0	7227.154562711716
248	0.8561276	0.121968605	1.2462329	0.5719686	1.58	-0.40588874	13.328308	0.9503335	0.2575152	1.5375028	-0.73694503	7968000	-5.660206e-05	0.08385366	0.008814121	-0.013512393	-0.040074177	0.82113516	0.008610492	0.087656245	79.0	7256.466779947281
249	0.8523685	0.13380034	1.2347586	0.58134323	1.6081593	-0.52411747	13.367424	0.9256993	0.29857156	1.5182616	-0.58805376	8000000	-7.438101e-05	0.06983141	0.008846103	-0.014218376	-0.02204692	0.824813	0.0064196284	0.0845	79.0	7285.736092329025
250	0.86033094	0.13477704	1.2428124	0.5891566	1.6	-0.5420678	12.950406	0.9285682	0.27382353	1.5512749	-0.78239894	8032000	-4.129857e-05	0.068066575	0.008754753	-0.013754728	-0.025097836	0.8217446	0.0078043467	0.08453125	79.0	7314.962182998657
251	0.896696	0.09640202	1.304803	0.50247777	1.6	-0.42989758	13.506377	0.9536742	0.26246104	1.6112337	-0.70861924	8064000	0.00015412085	0.061201002	0.008673045	-0.013452718	-0.024423182	0.8108654	0.0063762097	0.07646875	79.0	7344.193932056427
252	0.8969685	0.08757237	1.3085206	0.50067985	1.543541	-0.4745088	13.665808	0.9618805	0.2358269	1.5325241	-0.5520962	8096000	0.00012636278	0.061495252	0.008793691	-0.01547142	-0.022036795	0.82178926	0.007695727	0.08696875	79.0	7373.676749944687
253	0.9065744	0.08471985	1.3213354	0.49057037	1.5495611	-0.5669667	13.59599	0.95067006	0.2549712	1.4505905	-0.6837437	8128000	0.000114164315	0.06820376	0.008697333	-0.01501058	-0.031788606	0.8079014	0.011426739	0.095375	79.0	7403.1958882808685
254	0.87358946	0.1181407	1.274348	0.548261	1.5614214	-0.40042618	13.06949	0.95664716	0.25696057	1.5333147	-0.5829277	8160000	0.00015621074	0.06330782	0.008489322	-0.014192457	-0.027238213	0.78600127	0.007942148	0.0945625	79.0	7432.515306711197
255	0.8226033	0.16087067	1.1855547	0.63021135	1.6081593	-0.4246142	13.019199	0.93253136	0.28856707	1.5233539	-0.74549216	8192000	1.9401312e-05	0.087569356	0.008707548	-0.014627401	-0.037740484	0.809863	0.0075432393	0.08971875	79.0	7461.813295125961
256	0.85498476	0.12658758	1.2340895	0.58945394	1.6081593	-0.6926489	13.286728	0.91828126	0.30574065	1.5355109	-0.711678	8224000	-4.008459e-05	0.06739533	0.008806124	-0.015605883	-0.028715512	0.82243216	0.008605459	0.09684375	79.0	7491.07746720314
257	0.8765321	0.1097577	1.2762157	0.53535	1.6081593	-0.40053505	13.323702	0.95321625	0.25073874	1.6761208	-0.6843419	8256000	-1.674518e-06	0.0841537	0.008695536	-0.01674767	-0.040561702	0.80745816	0.009423968	0.089875	79.0	7520.370812892914
258	0.9019123	0.08762215	1.307705	0.49954745	1.5454175	-0.4248435	13.709845	0.94669104	0.25243765	1.5150567	-0.61992675	8288000	2.2872351e-05	0.06152445	0.008602157	-0.014329847	-0.028032795	0.8007413	0.009145752	0.0874375	79.0	7549.580863952637
259	0.92398703	0.06903997	1.3491105	0.44180956	1.5439467	-0.51958156	13.746972	0.96112996	0.22964558	1.5348241	-0.9189233	8320000	-6.829249e-05	0.05256444	0.008510103	-0.0151668545	-0.022276327	0.7933016	0.008386529	0.088625	79.0	7578.905328273773
260	0.8997303	0.096821226	1.3090532	0.5101583	1.5565468	-0.38058478	13.33459	0.9730399	0.23603174	1.6791294	-0.66902125	8352000	0.000101629645	0.059071153	0.008501051	-0.015009177	-0.021061866	0.7904013	0.007006214	0.086375	79.0	7608.233939886093
261	0.8747433	0.11847625	1.2740282	0.54175544	1.5981593	-0.47079685	13.255435	0.94144595	0.27445805	1.5905612	-0.83264863	8384000	3.405288e-05	0.062041424	0.00859146	-0.014868028	-0.024915822	0.7946999	0.007998693	0.094437495	79.0	7637.464998722076
262	0.8501874	0.13791701	1.227727	0.59418386	1.6081593	-0.5585618	13.113036	0.94712394	0.269418	1.4854438	-0.624355	8416000	4.1929074e-05	0.07164187	0.00862364	-0.015863543	-0.029859705	0.8031893	0.0082619935	0.09271875	79.0	7666.691768407822
263	0.8653229	0.116334766	1.2597488	0.5614484	1.6081593	-0.41899288	13.22213	0.9408018	0.28103954	1.6381959	-0.6075109	8448000	3.19127e-05	0.07949927	0.008502309	-0.014427139	-0.03632789	0.792397	0.008092296	0.08046875	79.0	7695.955623865128
264	0.8907796	0.10239299	1.2938567	0.52227646	1.5458105	-0.45120904	13.371849	0.9467821	0.26095426	1.5254601	-0.6792468	8480000	7.917825e-05	0.06074417	0.008462145	-0.01459316	-0.028908074	0.78936565	0.0068389527	0.07934375	79.0	7725.170823812485
265	0.90935767	0.07842642	1.3295984	0.47300002	1.5493789	-0.4544495	13.600599	0.9702028	0.23839949	1.5423751	-0.8919824	8512000	0.0002227826	0.06986275	0.008380939	-0.015937753	-0.03236629	0.77729213	0.0094853835	0.098625004	79.0	7754.312319517136
266	0.9173944	0.07561087	1.3361473	0.46673024	1.5473822	-0.48340383	13.690086	0.97386545	0.22075246	1.5802586	-0.5590825	8544000	-8.522312e-05	0.052897327	0.008534121	-0.013491106	-0.017608467	0.7918909	0.00722537	0.08212499	79.0	7783.552867412567
267	0.8800868	0.113154635	1.279458	0.5378143	1.558566	-0.43235236	13.21875	0.96732044	0.23114848	1.5538218	-0.8205251	8576000	-9.442866e-05	0.061112147	0.00840047	-0.014330564	-0.022414459	0.7766857	0.0074848877	0.0876875	79.0	7812.800748348236
268	0.8675256	0.12228927	1.2590758	0.5586052	1.5948163	-0.44034627	13.234583	0.94568795	0.265844	1.4745407	-0.71411556	8608000	-8.674711e-05	0.06620007	0.008493479	-0.014952429	-0.029641658	0.78558636	0.00987334	0.09475	79.0	7842.145157337189
269	0.86809874	0.114566244	1.2617658	0.55297655	1.6081593	-0.4075077	13.420742	0.9489468	0.28007933	1.5009085	-0.68563044	8640000	4.780758e-05	0.059219398	0.008571086	-0.015487173	-0.02373735	0.79621315	0.006714564	0.087312505	79.0	7871.387336015701
270	0.88794494	0.10698323	1.2893736	0.52725095	1.6081593	-0.44645303	13.295151	0.96739817	0.24764974	1.5594542	-0.6153122	8672000	5.7244673e-05	0.058429275	0.008609554	-0.014561161	-0.023977866	0.79849064	0.008108228	0.08928125	79.0	7900.5744297504425
271	0.9003234	0.09106222	1.3092773	0.504166	1.6	-0.40963817	13.504684	0.9539291	0.24978885	1.5363586	-0.65967965	8704000	-1.2929086e-05	0.06845885	0.008509137	-0.014354637	-0.032014504	0.78939414	0.008469445	0.075625	79.0	7929.95005607605
272	0.9193996	0.060972247	1.3478137	0.4377162	1.5482563	-0.44280928	13.980668	0.9824007	0.21398881	1.4881936	-0.46853238	8736000	3.610924e-05	0.07814804	0.008586399	-0.013836393	-0.03721443	0.79427254	0.007990144	0.09275	79.0	7959.2482895851135
273	0.91610396	0.07716124	1.3437948	0.45327207	1.552369	-0.3778444	13.395202	0.9610642	0.22739117	1.5345604	-0.57016754	8768000	-0.00017364323	0.056453366	0.008205479	-0.015022792	-0.023446862	0.7619286	0.008778026	0.096156254	79.0	7988.55896115303
274	0.88057965	0.11617304	1.2812953	0.5482235	1.556066	-1.0937527	12.98652	0.9721047	0.22716546	1.5688611	-0.61220586	8800000	-8.048955e-05	0.06252784	0.00833055	-0.014659204	-0.028622229	0.76941735	0.007896167	0.08634375	79.0	8018.028667449951
275	0.84745336	0.13569176	1.2297887	0.5902094	1.6	-1.1867343	13.187292	0.9428102	0.30043364	1.5730634	-0.9825488	8832000	-2.450496e-05	0.07340964	0.008509329	-0.016308695	-0.029409045	0.7855265	0.008966995	0.08803125	79.0	8047.319526195526
276	0.85345536	0.12590466	1.238133	0.5768122	1.6081593	-0.62880695	13.407673	0.9392198	0.2840167	1.6964216	-0.6808741	8864000	-0.00012795813	0.08226664	0.008624116	-0.014383391	-0.03438384	0.79755384	0.007840059	0.0860625	79.0	8076.664374113083
277	0.88694465	0.09951685	1.2949169	0.5166367	1.6075	-0.4012711	13.405405	0.93808144	0.2564446	1.4311706	-0.8440912	8896000	4.9050897e-05	0.06953758	0.008419122	-0.013996122	-0.027324535	0.78173363	0.007430206	0.08365625	79.0	8105.866779565811
278	0.89620566	0.09508544	1.3073548	0.5015242	1.5431594	-0.5994572	13.526405	0.9665318	0.22185421	1.5112994	-0.56268454	8928000	-5.058199e-05	0.065751314	0.008376982	-0.014711253	-0.025506375	0.7745303	0.008519039	0.09178124	79.0	8135.11777305603
279	0.9223558	0.06375196	1.3538562	0.4334958	1.5480801	-0.45554414	13.748267	0.96055734	0.2276955	1.4623915	-0.7880889	8960000	-8.076709e-05	0.06425327	0.008381328	-0.01400036	-0.02801213	0.77512395	0.007149892	0.08575	79.0	8164.557395935059
280	0.8877494	0.10384789	1.2935011	0.5314925	1.561264	-0.40723783	13.165563	0.9726334	0.22835492	1.5107592	-0.63725495	8992000	-3.223773e-05	0.071164995	0.008192532	-0.014603836	-0.028154753	0.7573995	0.0074277488	0.086281255	79.0	8193.952803850174
281	0.8564693	0.13027501	1.2471734	0.5718285	1.6	-0.37155956	12.960441	0.9282997	0.28746787	1.6035901	-0.8217597	9024000	-0.0001521036	0.073488444	0.008294785	-0.015023993	-0.03140981	0.7650629	0.0076210676	0.08840625	79.0	8223.193637609482
282	0.87149036	0.11675964	1.2661809	0.5552102	1.6081593	-0.55085266	13.200915	0.9398385	0.27478066	1.5640414	-0.92686284	9056000	0.00015368313	0.062272806	0.0082185585	-0.014697401	-0.028644683	0.7614594	0.006321846	0.08687499	79.0	8252.387115716934
283	0.8723595	0.11259366	1.2668413	0.5592054	1.6081593	-0.41703346	13.203903	0.9567654	0.26660132	1.561908	-0.66424006	9088000	3.4024008e-05	0.07569879	0.008341888	-0.013883393	-0.036121942	0.77144635	0.0069855526	0.08121875	79.0	8281.746571063995
284	0.88491017	0.10319233	1.2888305	0.5262024	1.5892893	-0.46877837	13.354622	0.9579874	0.24793182	1.5574203	-0.5991203	9120000	2.535712e-05	0.06246454	0.008138567	-0.013534728	-0.024614898	0.7523359	0.006889242	0.082	79.0	8310.933837652206
285	0.92441833	0.06865831	1.3520849	0.44357643	1.5491482	-0.61554635	13.653184	0.97209656	0.23697129	1.6348808	-0.66412985	9152000	-4.189927e-05	0.051017396	0.008054186	-0.014232057	-0.019964345	0.7457496	0.008023212	0.0881875	79.0	8340.279538154602
286	0.8839243	0.109339654	1.2858589	0.54201645	1.5486393	-0.5052587	13.210963	0.9759605	0.21149072	1.608664	-0.49290296	9184000	-1.4862046e-05	0.07466802	0.008038568	-0.014220288	-0.026257142	0.74142754	0.007858702	0.08159375	79.0	8369.5254175663
287	0.8909955	0.10571445	1.301214	0.5253535	1.563566	-0.45689052	12.953176	0.9566789	0.25111583	1.6035633	-0.50951266	9216000	4.1786116e-05	0.064404994	0.007820892	-0.013593819	-0.029428367	0.72503257	0.006387025	0.070625	79.0	8398.672630310059
288	0.8478723	0.14400911	1.2296455	0.592467	1.6	-0.6448515	12.849515	0.9456672	0.29486862	1.6682498	-0.66088736	9248000	1.4944933e-05	0.078549564	0.008093201	-0.014209998	-0.034778077	0.74554497	0.008091256	0.08553125	79.0	8427.93804693222
289	0.8954831	0.09433244	1.3089232	0.50000924	1.6081593	-0.39671195	13.401771	0.9421974	0.27572522	1.575559	-0.68005264	9280000	-5.272776e-05	0.057394758	0.00817737	-0.013432384	-0.022761427	0.758603	0.0065132002	0.0826875	79.0	8457.174773693085
290	0.88514936	0.10142362	1.2915457	0.5243027	1.6081593	-0.4313046	13.309783	0.9757964	0.21957934	1.4358366	-0.49585295	9312000	-4.2121857e-05	0.07020456	0.008201685	-0.013958176	-0.027663311	0.75795716	0.006737075	0.08090624	79.0	8486.35765838623
291	0.89471674	0.09491289	1.3018022	0.5144198	1.5483472	-0.60009813	13.492347	0.93308634	0.25563896	1.4527516	-0.63890743	9344000	-4.3738633e-05	0.065611	0.0082716895	-0.015611522	-0.027430814	0.7640134	0.008815635	0.105843745	79.0	8515.595594406128
292	0.92118275	0.06646456	1.349636	0.4496928	1.5552993	-0.5841212	13.697074	0.95506835	0.2398136	1.4400401	-0.83373135	9376000	2.0369887e-05	0.05602191	0.008079842	-0.01380722	-0.017824827	0.7490309	0.0066220444	0.0826875	79.0	8544.85272860527
293	0.8987308	0.089369945	1.3140637	0.5008395	1.5541701	-0.4587693	13.4066725	0.96651906	0.23391017	1.6398896	-0.7561606	9408000	-1.382269e-05	0.07319462	0.008135097	-0.01493283	-0.03204439	0.7493583	0.007092001	0.0916875	79.0	8574.341408967972
294	0.86814445	0.12542236	1.266098	0.5626184	1.5658846	-0.4500509	12.817448	0.96227074	0.24596483	1.5199865	-0.50736237	9440000	0.00014268048	0.06417021	0.007983554	-0.014918571	-0.025014598	0.73876584	0.0071446477	0.087218754	79.0	8603.542384624481
295	0.8611865	0.13227504	1.252746	0.5665692	1.6081593	-0.43970472	13.034836	0.935504	0.29487714	1.6229634	-0.75894535	9472000	-2.6021153e-06	0.06788638	0.008226786	-0.01461938	-0.029603692	0.7560936	0.0076288176	0.089562505	79.0	8632.919576644897
296	0.911145	0.08543043	1.3309745	0.47620448	1.6081593	-0.49110675	13.343384	0.96817005	0.2443464	1.6367122	-0.73556376	9504000	3.177859e-05	0.048772994	0.008224223	-0.013019773	-0.020015659	0.7610967	0.005686579	0.075375006	79.0	8662.176648378372
297	0.8934344	0.10487645	1.2986168	0.52124137	1.6017317	-0.42988905	13.109736	0.97035974	0.23566288	1.5710443	-0.5894463	9536000	-1.1127442e-05	0.053909384	0.008094703	-0.014414823	-0.01868464	0.7498617	0.007992901	0.0919375	79.0	8691.372611284256
298	0.9048742	0.08116093	1.3231708	0.47835043	1.5439212	-0.44022423	13.581058	0.98053855	0.21608643	1.4985127	-0.62968266	9568000	-3.889948e-05	0.064020045	0.008326685	-0.015948132	-0.028290521	0.7670563	0.009104702	0.086843744	79.0	8720.551878452301
299	0.9020945	0.09100735	1.3177829	0.5008514	1.5440894	-0.6232673	13.4375	0.9806011	0.204965	1.4184982	-0.66507304	9600000	-7.577054e-05	0.07205297	0.008134199	-0.015301196	-0.02647306	0.7521353	0.007119545	0.09103125	79.0	8749.822273254395
300	0.8880761	0.10702807	1.2963018	0.52997965	1.5638041	-0.41744417	13.018413	0.95016366	0.26059976	1.429872	-0.78253955	9632000	-2.4009496e-06	0.06334789	0.007935881	-0.0141005665	-0.023442179	0.73168015	0.007149214	0.082375005	79.0	8779.030819892883
301	0.8623824	0.12778671	1.2581782	0.5588553	1.6075	-0.38583836	12.898945	0.9384508	0.28569096	1.5794451	-0.74765825	9664000	-4.3756794e-05	0.06219472	0.008119003	-0.01541162	-0.025665443	0.7485496	0.007862775	0.0896875	79.0	8808.220790624619
302	0.8505028	0.14282876	1.2379831	0.5755231	1.6081593	-0.3753374	13.071546	0.94232225	0.28527772	1.539059	-0.7166121	9696000	-3.8868282e-05	0.07101471	0.00823487	-0.014248617	-0.02846621	0.75963795	0.006792494	0.0845	79.0	8837.381447076797
303	0.8823401	0.110970125	1.2845743	0.53566855	1.6081593	-0.3908747	13.053688	0.9403087	0.2658746	1.485497	-0.67669165	9728000	-4.1375868e-05	0.052427985	0.008219914	-0.014222335	-0.020466808	0.76120466	0.0068338094	0.083625	79.0	8866.72626042366
304	0.9047519	0.08849014	1.3214463	0.48990512	1.5527468	-0.43725866	13.328727	0.9657539	0.2480737	1.5034989	-0.65084314	9760000	-4.780013e-05	0.05388336	0.008102544	-0.013910857	-0.020224659	0.7464754	0.0070053274	0.08428125	79.0	8895.87573170662
305	0.90784585	0.08009192	1.3269581	0.4814198	1.5425779	-0.48066995	13.592037	0.972989	0.22525495	1.5040835	-0.52332115	9792000	6.548129e-05	0.06267564	0.008252953	-0.014809749	-0.026866507	0.76378477	0.0065287556	0.087843746	79.0	8925.166568994522
306	0.89378905	0.09949856	1.307077	0.5153744	1.5539625	-0.403274	13.151994	0.9617996	0.24855955	1.732603	-0.835571	9824000	-3.6628917e-05	0.061443567	0.008089857	-0.014371904	-0.022267869	0.7473779	0.008324744	0.088968754	79.0	8954.56191277504
307	0.8720505	0.12132441	1.2727175	0.5496452	1.5633473	-0.34929106	13.038999	0.9599856	0.2497645	1.4713532	-0.91581976	9856000	4.1261315e-05	0.065042	0.008133047	-0.0146741485	-0.026091807	0.7492614	0.008476949	0.0896875	79.0	8984.032715082169
308	0.86307347	0.13023554	1.2557657	0.56392235	1.6081593	-0.41232008	13.08127	0.9407655	0.2827024	1.5953178	-0.68567204	9888000	-2.977252e-05	0.06158698	0.008324839	-0.01495602	-0.025020124	0.76637936	0.0073430575	0.08706249	79.0	9013.381078243256
309	0.8798735	0.10470118	1.2834288	0.53233355	1.6081593	-0.42373282	13.277964	0.9723562	0.25429723	1.5250112	-0.6350331	9920000	5.4343604e-05	0.07207611	0.008283269	-0.015767502	-0.032300197	0.7605001	0.008111974	0.084	79.0	9042.83930683136
310	0.8977486	0.09708555	1.3112136	0.5070937	1.6	-0.43173242	13.158113	0.9596877	0.24773526	1.5338664	-0.6559651	9952000	8.7173656e-05	0.049045518	0.008179305	-0.014024002	-0.021053668	0.75509286	0.007379842	0.07884374	79.0	9072.059363603592
311	0.9250183	0.069772705	1.3532671	0.44001877	1.5467418	-0.45260775	13.613013	0.965118	0.23941964	1.4757144	-0.6485485	9984000	6.234087e-05	0.04537698	0.008195739	-0.013533806	-0.018946776	0.7560681	0.008603358	0.0855	79.0	9101.42627954483
312	0.918222	0.06959812	1.3441054	0.45637086	1.5524164	-0.4400641	13.587757	0.9884197	0.21110713	1.6617037	-0.50633216	10016000	-0.00018829107	0.06833367	0.008193486	-0.014841368	-0.030493388	0.75588226	0.007915323	0.08509375	79.0	9130.799867868423
313	0.90647054	0.09010477	1.3294812	0.48709613	1.5643996	-0.42508504	13.105024	0.95935607	0.24931721	1.4861693	-0.79305726	10048000	9.515509e-05	0.046340704	0.007890369	-0.01354829	-0.018703144	0.7275844	0.0070440173	0.0821875	79.0	9160.059331655502
314	0.886714	0.09965308	1.3000754	0.51589286	1.6081593	-0.48563328	13.189268	0.97909147	0.23604034	1.4223895	-0.43115753	10080000	-0.00013465527	0.06581356	0.0082343165	-0.014729442	-0.031565793	0.75379276	0.0068171844	0.085125	79.0	9189.31696510315
315	0.8668747	0.119780734	1.2651951	0.55684716	1.6081593	-0.38882664	13.08347	0.9530033	0.27964893	1.6182836	-0.76528347	10112000	-2.7359463e-05	0.06363451	0.008133518	-0.014119344	-0.027563162	0.74839777	0.0062076766	0.08384375	79.0	9218.645096540451
316	0.8928431	0.10382299	1.3012465	0.51892036	1.6081593	-0.40429494	13.124587	0.9604696	0.26340303	1.6610749	-0.8153825	10144000	0.00015492085	0.047199473	0.008145793	-0.014214717	-0.018051185	0.74844503	0.007272872	0.0855625	79.0	9247.806288957596
317	0.9097973	0.083491	1.3327985	0.46843246	1.6	-0.43567264	13.305696	0.9677421	0.24031939	1.5855078	-0.635967	10176000	-2.8874725e-05	0.049842775	0.008059539	-0.0143615445	-0.024758942	0.7392415	0.008656427	0.08890625	79.0	9277.073948144913
318	0.9185464	0.072671816	1.3456444	0.45573843	1.5430241	-0.46258527	13.509354	0.9904448	0.20376106	1.5018902	-0.56509155	10208000	-6.4612366e-05	0.054937385	0.0080832485	-0.013931447	-0.018683532	0.74366754	0.00861679	0.08275001	79.0	9306.238837003708
319	0.91477555	0.085224405	1.3400471	0.47809502	1.5510902	-0.4075101	13.080592	0.9844784	0.21886578	1.552628	-0.50789595	10240000	4.0020794e-05	0.047473934	0.007856922	-0.013769054	-0.019162582	0.72475755	0.007485469	0.08321875	79.0	9335.624146938324
320	0.8854792	0.10623072	1.2963343	0.5293218	1.5683473	-0.41364557	13.002873	0.9762136	0.24372713	1.597411	-0.53605044	10272000	5.1110983e-06	0.064654484	0.007963254	-0.014594443	-0.027734205	0.7304348	0.006977261	0.090593755	79.0	9364.953270435333
321	0.86096275	0.13247965	1.2568324	0.56303144	1.6	-0.39744392	12.834814	0.94518286	0.28479928	1.5195079	-0.6533047	10304000	-3.2501295e-05	0.057267077	0.007903155	-0.014393892	-0.024933817	0.7270647	0.0065583996	0.09159375	79.0	9394.208223819733
322	0.8695481	0.1221803	1.2650899	0.5602311	1.6081593	-0.46506664	12.987745	0.96111286	0.2731015	1.700206	-1.0504596	10336000	0.00019830558	0.06982292	0.008151444	-0.01566669	-0.028171504	0.7476178	0.0075816335	0.09175	79.0	9423.547660112381
323	0.88289905	0.11378956	1.2893902	0.5297844	1.6081593	-0.40208507	12.953916	0.95693105	0.24724759	1.4430711	-0.6446965	10368000	-6.307475e-05	0.066559575	0.008084433	-0.013326253	-0.027250836	0.74118066	0.006402529	0.07440625	79.0	9452.798871040344
324	0.9113563	0.08190581	1.3273629	0.48413745	1.5469667	-0.4594858	13.407939	0.9618118	0.23196891	1.557823	-0.59755933	10400000	-3.4932047e-05	0.058835354	0.008093718	-0.014046641	-0.023568358	0.74182844	0.008457659	0.08934375	79.0	9482.14090871811
325	0.9109248	0.077247255	1.3366917	0.4716465	1.5494279	-0.44824663	13.339646	0.9787767	0.21657231	1.4572523	-0.59703845	10432000	-8.469727e-05	0.05993024	0.008130965	-0.01547915	-0.02210136	0.74551654	0.008797701	0.09550001	79.0	9511.295687913895
326	0.9021635	0.09612417	1.3207008	0.50407165	1.5601267	-0.46180883	12.9174795	0.9755293	0.22929206	1.5679677	-0.49820244	10464000	7.680245e-05	0.060241144	0.007688823	-0.0131600695	-0.022645948	0.7062747	0.0068279384	0.0793125	79.0	9540.543678760529
327	0.8771651	0.11769791	1.2849529	0.53933114	1.6	-0.33027884	12.852016	0.9697824	0.25130937	1.5389775	-0.95777196	10496000	3.3466145e-05	0.055513173	0.007893202	-0.01562777	-0.028832588	0.72185	0.009416609	0.09665625	79.0	9569.727242946625
328	0.87991476	0.116751365	1.2855415	0.5303826	1.6031593	-0.42156675	13.082237	0.96064	0.28415558	1.5086867	-1.3094236	10528000	-7.28108e-05	0.055213004	0.008023463	-0.01399532	-0.021882232	0.7364379	0.0076345615	0.08400001	79.0	9598.966939210892
329	0.90176105	0.09485997	1.3129413	0.5073024	1.6081593	-0.460983	13.044408	0.9691921	0.24628608	1.6307507	-0.7832563	10560000	-0.00015730364	0.0493126	0.007979788	-0.013970308	-0.023750834	0.73332393	0.007424288	0.08265625	79.0	9628.244206905365
330	0.89599645	0.09543562	1.3087567	0.5009432	1.6	-0.42946362	13.239166	0.97632027	0.23506756	1.5527614	-0.6564821	10592000	-6.330293e-05	0.060137488	0.008186436	-0.014403341	-0.022830464	0.7495816	0.0063638394	0.08575	79.0	9657.437893390656
331	0.9257169	0.06224416	1.3621459	0.4322062	1.5474286	-0.5263543	13.488115	0.9757305	0.21954478	1.5560563	-0.590417	10624000	-2.118107e-05	0.056923687	0.008087921	-0.015912704	-0.025188837	0.73868513	0.0073204516	0.090312496	79.0	9686.61112499237
332	0.9195653	0.07193755	1.3494252	0.45573822	1.5474164	-0.42627603	13.333054	0.9733232	0.2311292	1.499474	-0.68309104	10656000	9.513693e-06	0.053530317	0.00804171	-0.01467314	-0.022054903	0.73666215	0.008955846	0.0935625	79.0	9716.033517837524
333	0.87820363	0.11217303	1.2822311	0.54883486	1.5589213	-0.39488065	12.90089	0.97202486	0.23752488	1.5488818	-0.5533923	10688000	0.0001235716	0.06615102	0.007910799	-0.014172168	-0.031900227	0.72190773	0.007846257	0.082	79.0	9745.269011259079
334	0.85008943	0.13159367	1.2437968	0.57182944	1.6	-0.41982776	12.9816475	0.9250526	0.33284664	1.4862851	-0.96396506	10720000	0.00014507584	0.06903563	0.008054052	-0.013209758	-0.030154184	0.72977775	0.0073359623	0.08146875	79.0	9774.442103624344
335	0.88773155	0.10393338	1.2948722	0.52562565	1.6075	-0.52115005	13.156611	0.95592415	0.27346474	1.8887539	-0.6622033	10752000	9.3915034e-05	0.06502809	0.008079525	-0.013562305	-0.026748445	0.7390585	0.009326513	0.08559375	79.0	9803.84919309616
336	0.8835764	0.109881714	1.293461	0.52784735	1.6031593	-0.4262044	12.890599	0.972638	0.21648872	1.5403897	-0.57162476	10784000	0.00024150312	0.059898682	0.008013498	-0.015464216	-0.025648188	0.7307471	0.00688018	0.084875	79.0	9833.202941656113
337	0.9035398	0.09310437	1.3171206	0.5023066	1.548566	-0.46448025	13.188436	0.95952255	0.25883168	1.5792099	-0.70563996	10816000	-4.8935413e-05	0.04929374	0.008131238	-0.013475617	-0.019185241	0.74348813	0.007046627	0.077218756	79.0	9862.498383045197
338	0.91020405	0.08472589	1.3324796	0.4807233	1.5501124	-0.46332222	13.254167	0.97603434	0.22642711	1.5260875	-0.72768724	10848000	-2.5084242e-05	0.060570795	0.008083728	-0.0149427345	-0.023684885	0.74125934	0.008164425	0.086624995	79.0	9891.903389930725
339	0.9082253	0.08679667	1.3354695	0.4821008	1.5542767	-0.42651486	13.001639	0.9790181	0.23803511	1.5278071	-0.4519464	10880000	-1.648441e-05	0.059386283	0.007789792	-0.013866292	-0.024502631	0.71243405	0.007876996	0.080625	79.0	9921.322748422623
340	0.8680145	0.11880567	1.2729433	0.55353135	1.595	-0.41349864	12.901626	0.9658275	0.26120248	1.3927314	-0.6852941	10912000	0.00010152906	0.07061961	0.00807079	-0.015506748	-0.031392097	0.73164374	0.010208069	0.10062499	79.0	9950.528548002243
341	0.8815782	0.106610835	1.2904336	0.52608836	1.6081593	-0.40242022	13.122525	0.938203	0.28567684	1.7481154	-1.1925519	10944000	-2.2768974e-05	0.06936754	0.00804238	-0.0148885045	-0.03356705	0.7347076	0.0082005765	0.0834375	79.0	9979.87014389038
342	0.88172734	0.10818134	1.2904836	0.53282535	1.6075	-0.430663	13.048851	0.9663487	0.259139	1.6402792	-0.8935764	10976000	3.4639612e-05	0.06378417	0.008061403	-0.015997924	-0.026604787	0.7374761	0.008935431	0.09484375	79.0	10009.179950714111
343	0.8937531	0.101081036	1.3057029	0.51382554	1.6	-0.43958852	13.051398	0.953409	0.2534727	1.4886426	-0.8045001	11008000	1.5972648e-05	0.058892153	0.007976087	-0.014884747	-0.02341896	0.7306746	0.008552752	0.08840625	79.0	10038.417886257172
344	0.91451347	0.076940455	1.3391718	0.47246635	1.5469042	-0.43554154	13.395025	0.9868717	0.21369316	1.5043008	-0.5679298	11040000	3.8770027e-05	0.06149122	0.00801908	-0.015287116	-0.025162375	0.7334667	0.009331441	0.09409375	79.0	10067.571990251541
345	0.89743865	0.08922387	1.3168212	0.5025647	1.5589213	-0.49242917	13.21476	0.96637	0.24104972	1.5222954	-0.41712812	11072000	-0.00015845895	0.06907238	0.007965987	-0.014212068	-0.025505304	0.72916603	0.0073212916	0.0818125	79.0	10096.849231481552
346	0.90915745	0.08584194	1.3337331	0.47442237	1.5592767	-0.3666812	13.164179	0.9581112	0.2575885	1.5163186	-0.6063509	11104000	2.9882416e-05	0.049777776	0.0078015565	-0.0155361425	-0.019967929	0.70869386	0.00900474	0.09596875	79.0	10126.162321805954
347	0.8731956	0.11009036	1.2782019	0.544827	1.6017317	-0.7341419	13.112438	0.9698051	0.25625372	1.5752958	-0.64378613	11136000	5.462207e-06	0.06446574	0.008001436	-0.014087683	-0.033675246	0.7232065	0.0077499417	0.082906246	79.0	10155.422765254974
348	0.88775253	0.10220183	1.2934668	0.53096735	1.6081593	-0.8116692	13.117355	0.96086645	0.28697097	1.6979973	-0.98392504	11168000	5.221134e-05	0.055098563	0.008083034	-0.014893657	-0.02473931	0.7390605	0.0073846923	0.089562505	79.0	10184.849071025848
349	0.9014588	0.093518704	1.3224587	0.4857679	1.6081593	-0.39839387	13.057566	0.9806511	0.23187068	1.4832323	-0.6431031	11200000	-6.9327652e-06	0.056151904	0.007999711	-0.01482541	-0.02094147	0.72993696	0.007242754	0.0934375	79.0	10214.108550548553
350	0.9360202	0.060601436	1.3744874	0.410286	1.5494932	-0.50084007	13.424409	0.9807613	0.2273198	1.4353528	-0.7001164	11232000	-0.0001272317	0.03340779	0.007981632	-0.013888642	-0.012802126	0.73151565	0.007841504	0.09153125	79.0	10243.542392969131
351	0.9137931	0.08447077	1.3400985	0.47010913	1.548566	-0.42678192	13.225833	1.0044262	0.19141822	1.4590197	-0.4183634	11264000	-0.000103382394	0.052322105	0.0079663005	-0.013954245	-0.02015328	0.7277552	0.0068779057	0.0955	79.0	10272.79255437851
352	0.90203273	0.09134334	1.3232323	0.49730787	1.5632747	-0.39016628	12.971405	0.97217053	0.24426597	1.5649533	-0.5557498	11296000	-6.4084306e-06	0.06596454	0.0077035497	-0.016605496	-0.033743475	0.7034149	0.011751942	0.098375	79.0	10302.30745100975
353	0.8750077	0.10645263	1.2834449	0.5436252	1.5991234	-0.7607148	13.07743	0.9666364	0.26440713	1.5629396	-0.7211404	11328000	6.043911e-05	0.0798236	0.0079681575	-0.01456242	-0.03780161	0.7189679	0.00859746	0.093812495	79.0	10331.710345983505
354	0.87333614	0.116587326	1.2775501	0.53850913	1.6081593	-0.4359259	13.111614	0.9390176	0.2895246	1.5590513	-0.93611586	11360000	-7.745996e-05	0.06867933	0.008105027	-0.0149048045	-0.033630893	0.7330053	0.008414093	0.082875	79.0	10361.009005308151
355	0.87686044	0.111683294	1.2841903	0.5407757	1.6081593	-0.3752911	12.93252	0.9557157	0.2660439	1.4504768	-1.1776104	11392000	6.967969e-05	0.070415154	0.0079898	-0.014280263	-0.028814355	0.72684216	0.006930864	0.087625	79.0	10390.197968244553
356	0.8815712	0.10659833	1.2945118	0.51712173	1.6081593	-0.3990969	13.278846	0.94316244	0.25249588	1.4962696	-0.6374364	11424000	-0.000100988895	0.06358268	0.008072609	-0.014676311	-0.023487195	0.73630255	0.0067832517	0.084437504	79.0	10419.633557319641
357	0.9227984	0.06527659	1.3583747	0.44042242	1.5593792	-0.42171273	13.470762	0.96557933	0.23437698	1.4684135	-0.7674283	11456000	0.000176562	0.06312437	0.00812163	-0.014258206	-0.029360078	0.738456	0.0065981424	0.085125	79.0	10449.15619301796
358	0.89713025	0.08781816	1.3137128	0.50972074	1.5520146	-0.74417305	13.213455	0.9675294	0.2533761	1.4836903	-1.0479307	11488000	-0.00018769689	0.06674561	0.007992407	-0.015322107	-0.02908665	0.7265538	0.007994889	0.0845	79.0	10478.537294626236
359	0.8804921	0.11463562	1.2880739	0.5409058	1.5573578	-0.41224435	12.682615	0.9521533	0.26392552	1.4331045	-0.887875	11520000	8.590333e-05	0.06255176	0.007750309	-0.013959169	-0.03046169	0.70316243	0.009312302	0.08315624	79.0	10507.826696157455
360	0.859637	0.12525049	1.2562397	0.56817067	1.6	-0.6163342	13.020492	0.9550683	0.28216365	1.5153053	-0.4758455	11552000	-3.413763e-06	0.081587605	0.008050745	-0.01646331	-0.035780713	0.7276871	0.01169214	0.098343745	79.0	10537.504566907883
361	0.89463246	0.10029818	1.3070675	0.5130659	1.6081593	-0.83671427	13.096122	0.95657533	0.2806672	1.8457946	-0.984342	11584000	-0.000128082	0.05152919	0.008008889	-0.014712656	-0.019261498	0.7288635	0.007864761	0.08671875	79.0	10566.833310842514
362	0.9105036	0.087829724	1.3355654	0.47633365	1.6075	-0.41100293	12.994271	0.9705797	0.2331297	1.5531683	-1.3161123	11616000	-2.3219734e-05	0.048603997	0.007852141	-0.013978263	-0.020320471	0.7165035	0.007823874	0.085406244	79.0	10596.018013715744
363	0.9013337	0.09366633	1.3199087	0.503528	1.5545244	-0.54037154	13.09514	0.98052114	0.23159605	1.5554669	-0.7735198	11648000	-0.00016135722	0.05459353	0.008064212	-0.013986975	-0.022377977	0.7330994	0.008945778	0.09181251	79.0	10625.24243593216
364	0.912749	0.08375433	1.3359195	0.47728786	1.5507318	-0.4147253	13.203488	0.9724241	0.23740911	1.4781365	-0.8564148	11680000	0.00035735779	0.059116423	0.008039353	-0.016403157	-0.026392873	0.73156667	0.009009231	0.0920625	79.0	10654.41052865982
365	0.91837966	0.07993117	1.3507729	0.46038404	1.5597079	-0.4538214	12.999182	0.982666	0.21841227	1.4859523	-0.738757	11712000	-1.4944933e-05	0.056013282	0.007675031	-0.013634041	-0.024202935	0.69816947	0.007967304	0.080312505	79.0	10683.662726163864
366	0.8696283	0.11907047	1.2695783	0.5634344	1.6	-0.58347344	12.857431	0.96860534	0.2566306	1.5564567	-0.677794	11744000	0.00016328692	0.07580588	0.007976563	-0.017298978	-0.03069666	0.71936095	0.010151021	0.09815624	79.0	10713.110359430313
367	0.8678843	0.118891425	1.2622159	0.5682175	1.6081593	-0.9823475	13.102479	0.94689065	0.2872731	1.4888746	-0.7134373	11776000	-0.00010441244	0.062070504	0.008223253	-0.015078555	-0.022653146	0.74428785	0.008138774	0.096281245	79.0	10742.378795862198
368	0.88145787	0.1136062	1.2860613	0.544986	1.6081593	-0.7155597	12.862013	0.96209925	0.26642695	1.5128322	-1.0344234	11808000	-2.87015e-05	0.062449574	0.007993302	-0.014775593	-0.025159165	0.7285522	0.0075847255	0.084374994	79.0	10771.80898475647
369	0.9225428	0.06379928	1.356284	0.43976003	1.6	-0.41203678	13.445008	0.9546653	0.26328903	1.5063536	-0.7832295	11840000	2.650544e-05	0.05575645	0.008045215	-0.015146771	-0.026797991	0.72887444	0.010629198	0.09190625	79.0	10801.021770954132
370	0.9210026	0.06698141	1.3574591	0.4405298	1.5484488	-0.43420267	13.34354	1.003331	0.17078881	1.4852401	-0.60167825	11872000	0.00012089126	0.06399232	0.008164451	-0.014816771	-0.026788834	0.73951524	0.008015373	0.09021875	79.0	10830.44886636734
371	0.90583324	0.08918747	1.3248148	0.497871	1.5544809	-0.49570125	13.126447	0.9798971	0.21835914	1.5028844	-0.77791923	11904000	-7.6238066e-06	0.06839983	0.008008903	-0.016505875	-0.023970334	0.7263764	0.0077491635	0.0935	79.0	10859.658247947693
372	0.90340626	0.093325645	1.3251703	0.4890519	1.5638041	-0.3529009	13.017213	0.96617556	0.23303495	1.6733217	-0.7229519	11936000	0.0001676986	0.053314116	0.007844793	-0.013575356	-0.022240452	0.71163714	0.006023074	0.083749995	79.0	10888.935165166855
373	0.85233426	0.13128889	1.245197	0.5808784	1.6081593	-0.48616844	12.951548	0.9559045	0.26668966	1.4712714	-0.54029197	11968000	5.5506825e-07	0.07991263	0.008047059	-0.015907485	-0.03528372	0.7273238	0.008072987	0.091843754	79.0	10918.211802005768
374	0.8903867	0.1030107	1.3018895	0.52215564	1.6081593	-0.85740596	13.022095	0.9458849	0.27627352	1.4809383	-1.2984785	12000000	4.4126064e-06	0.05966337	0.007983115	-0.014263549	-0.028844453	0.7256418	0.007903698	0.084625	79.0	10947.375973939896
375	0.91120875	0.08879122	1.334968	0.48760846	1.6081593	-0.5518517	12.893031	0.9746215	0.23853467	1.4779103	-0.60985196	12032000	-7.414119e-05	0.04343745	0.007763531	-0.013818946	-0.02269065	0.7059187	0.008125635	0.08565625	79.0	10976.635745048523
376	0.9070533	0.08451834	1.3345172	0.47930276	1.5490186	-0.4019061	13.174167	0.9822355	0.23580936	1.4426156	-0.7651474	12064000	7.53128e-05	0.06346075	0.008075047	-0.014762454	-0.027852848	0.7287502	0.009997269	0.089	79.0	11005.848413228989
377	0.92850006	0.06812097	1.3649566	0.43509924	1.5511252	-0.43429193	13.363866	0.98679715	0.20744859	1.4817276	-0.5951568	12096000	-3.1988136e-05	0.052179772	0.007981565	-0.014012909	-0.021135356	0.7227199	0.008066077	0.08903125	79.0	11035.118119478226
378	0.89284533	0.09568024	1.3118738	0.505279	1.5542123	-0.39937174	12.958062	0.9774014	0.21692604	1.5129097	-0.7876426	12128000	0.00014628423	0.07564686	0.007802758	-0.015549518	-0.035076044	0.70654964	0.008258866	0.0946875	79.0	11064.28211069107
379	0.8744859	0.123869345	1.2790267	0.5503987	1.6081593	-0.49163598	12.647854	0.9534811	0.25691384	1.5433586	-0.84285676	12160000	-6.4920634e-05	0.05962922	0.007740887	-0.015374118	-0.02518434	0.698635	0.007592071	0.08325	79.0	11093.66422867775
380	0.85829663	0.13011447	1.2526816	0.57822883	1.6081593	-0.91963476	12.937398	0.9592397	0.2812262	1.6203469	-0.7798761	12192000	0.00010114163	0.06426714	0.00810713	-0.015930459	-0.024061806	0.7311909	0.006400993	0.09021875	79.0	11123.013122797012
381	0.8948289	0.100253634	1.3096302	0.51907057	1.6081593	-0.5668536	12.89651	0.970787	0.2607535	1.7314385	-0.7236035	12224000	4.3762848e-05	0.061681584	0.007823959	-0.014288482	-0.03136035	0.708688	0.006637388	0.08528125	79.0	11152.2458050251
382	0.9178494	0.07370345	1.3491571	0.4558207	1.6	-0.40284187	13.349413	0.97875303	0.2431389	1.5601904	-0.7945379	12256000	8.754432e-08	0.05101894	0.007947313	-0.014102329	-0.021420177	0.71770823	0.008975854	0.08621875	79.0	11181.550927400589
383	0.9221711	0.07285088	1.3579321	0.44662952	1.5507663	-0.41854757	13.2024	0.9964795	0.19163775	1.4570038	-0.52727085	12288000	0.00015995279	0.05212441	0.007966017	-0.014740771	-0.022584448	0.72017705	0.00849451	0.09275	79.0	11210.878840208054
384	0.912776	0.08062258	1.3400763	0.47351748	1.5546551	-0.4191942	13.130148	0.98423576	0.23016684	1.6114674	-0.5563904	12320000	-6.4252876e-05	0.052525595	0.007879067	-0.014603486	-0.020212276	0.7167254	0.0074427235	0.082	79.0	11240.202241659164
385	0.8938556	0.10123108	1.3106003	0.51624435	1.5665468	-0.81400746	12.804436	0.97839946	0.23478848	1.7229528	-0.837842	12352000	2.9046088e-05	0.06705717	0.0076876087	-0.0154370945	-0.032995265	0.693525	0.0067039127	0.08643749	79.0	11269.532217025757
386	0.8352765	0.14965828	1.220517	0.60359246	1.6081593	-0.5091958	12.704473	0.96331394	0.26952	1.5164287	-0.9086938	12384000	-6.0331076e-06	0.08837548	0.007930544	-0.015885169	-0.04082716	0.7126465	0.007315404	0.0898125	79.0	11298.794377088547
387	0.8648039	0.1234279	1.2622199	0.5695683	1.6081593	-0.54571486	12.872366	0.93537056	0.30814415	1.5233755	-0.98428214	12416000	-1.3504177e-05	0.05664754	0.00791695	-0.014918	-0.02106403	0.71185744	0.007130623	0.092875004	79.0	11328.151191949844
388	0.91814697	0.07518572	1.3525145	0.4483076	1.6081593	-0.37924877	13.071018	0.9761466	0.23266296	1.46545	-0.7613561	12448000	2.6027672e-05	0.042372502	0.007761358	-0.015528959	-0.01795269	0.7004855	0.0075989473	0.087125	79.0	11357.593312740326
389	0.91197157	0.086405076	1.342334	0.46359247	1.5509965	-0.39585268	13.043853	0.9942338	0.19456813	1.4297546	-0.6129528	12480000	-0.00012884242	0.048250966	0.0077462955	-0.013411576	-0.016556017	0.70144826	0.006527381	0.08453125	79.0	11387.112115859985
390	0.91453356	0.07521437	1.341817	0.46398088	1.5493791	-0.41799328	13.371633	0.9859214	0.2110444	1.4417374	-0.8554622	12512000	1.1140481e-05	0.062328715	0.007893087	-0.015841564	-0.023025684	0.713375	0.007845286	0.09271875	79.0	11416.464560508728
391	0.89103305	0.10238681	1.3057162	0.5225991	1.5574025	-0.354224	12.810789	0.974972	0.22180475	1.5285536	-0.66436744	12544000	6.640237e-05	0.065440565	0.007653483	-0.015625037	-0.02716675	0.6944835	0.008855065	0.09415625	79.0	11445.850091218948
392	0.876948	0.11497565	1.2872552	0.5412208	1.6	-0.38557607	12.724441	0.9604256	0.27567545	1.5951322	-0.68122125	12576000	-2.804771e-05	0.06431812	0.007629598	-0.015509035	-0.02853147	0.6902014	0.0061823726	0.0786875	79.0	11475.232962846756
393	0.88296014	0.11062178	1.2921865	0.52850145	1.6081593	-0.42970178	12.883712	0.96719813	0.26373613	1.4185513	-0.73983026	12608000	-7.780455e-05	0.047488853	0.007823329	-0.015100419	-0.019472381	0.7102271	0.0054635787	0.075187504	79.0	11504.51466846466
394	0.9082709	0.08681395	1.3337735	0.48893678	1.6081593	-0.46137625	12.847335	0.9823993	0.24376516	1.5456991	-1.0446379	12640000	-5.0459057e-06	0.047351506	0.00754684	-0.013637389	-0.020989355	0.68585676	0.0077034985	0.079875	79.0	11533.773596048355
395	0.9234346	0.06982815	1.3562375	0.4451999	1.6	-0.42772108	13.238334	0.98845536	0.21739778	1.3977084	-0.45837444	12672000	0.00025578775	0.042779453	0.0076331166	-0.013570489	-0.01720888	0.6927891	0.0066335457	0.08034375	79.0	11563.024960517883
396	0.9296881	0.061863527	1.3720675	0.42165437	1.5524164	-0.46205127	13.325923	0.9985277	0.20161726	1.4876357	-0.5272112	12704000	9.625219e-06	0.044727553	0.0078007155	-0.014318252	-0.013623543	0.70632744	0.00855129	0.08903125	79.0	11592.254009485245
397	0.92650485	0.07016184	1.3648334	0.44262743	1.5570524	-0.4474354	13.057377	0.980109	0.22653198	1.4231741	-1.2619097	12736000	-5.6894496e-06	0.048355363	0.007525406	-0.014015809	-0.021770362	0.68492657	0.006959607	0.07578125	79.0	11621.66159749031
398	0.8880648	0.10045605	1.3038028	0.51799697	1.5688041	-0.34132648	12.9	0.9772508	0.24303587	1.4413326	-0.6878648	12768000	-7.918291e-05	0.061538756	0.007801032	-0.016002659	-0.023416944	0.70305693	0.008561352	0.093406245	79.0	11651.156785964966
399	0.8634286	0.12994808	1.2658061	0.5579888	1.6081593	-0.44541913	12.788586	0.95998836	0.26959518	1.458285	-0.7687191	12800000	-3.6734622e-05	0.06769657	0.0077274926	-0.015229441	-0.029681392	0.6979721	0.007505751	0.08728125	79.0	11680.594806909561
