Epoch	SuccessRate	CollRate	AverageEpRet	StdEpRet	MaxEpRet	MinEpRet	EpLen	AverageVVals	StdVVals	MaxVVals	MinVVals	TotalEnvInteracts	LossPi	LossV	LossDist	DeltaLossPi	DeltaLossV	Entropy	KL	ClipFrac	StopIter	Time
0	0.0	0.25385663	-0.5620961	0.161877	-0.13395646	-1.1494644	24.868296	0.18525687	0.05837268	0.40346706	0.052809734	32000	-1.1026859e-06	0.18001561	0.02858393	-0.02254609	-0.1672279	2.8220105	0.015000176	0.2495	19.0	15.590784549713135
1	0.0	0.35486263	-0.38731772	0.1523434	0.03637911	-0.9371707	22.828756	-0.20393723	0.07642128	0.17359005	-0.36810863	64000	-6.7218207e-06	0.01286908	0.028144594	-0.026844934	-0.003924179	2.8119543	0.0151953325	0.28621876	17.0	30.692636013031006
2	0.0	0.33716625	-0.2077184	0.13085216	0.11970681	-0.6344958	21.804016	-0.1371518	0.076315574	0.10288432	-0.2995745	96000	3.7674326e-06	0.013376029	0.027788155	-0.028070524	-0.0061279335	2.7770894	0.017010804	0.41290623	11.0	44.60295581817627
3	0.039278932	0.4970288	-0.069090456	0.30166525	1.3307954	-0.6356324	19.480247	-0.06484904	0.04831916	0.08674734	-0.18963122	128000	2.7753413e-07	0.04435971	0.027149344	-0.012062857	-0.00628785	2.7131183	0.016282722	0.371875	12.0	58.723275899887085
4	0.08095013	0.6033276	-0.012122098	0.40610954	1.3941447	-0.36836144	16.042929	-0.012089751	0.060242172	0.32639933	-0.2011928	160000	1.2088567e-06	0.09355298	0.026214477	-0.0059388787	-0.009867673	2.6199565	0.0150632365	0.24049999	17.0	73.9132468700409
5	0.11128005	0.64093673	0.00985078	0.4811353	1.4268723	-0.5508316	13.967257	-0.020104973	0.108329624	0.32967734	-0.5248324	192000	7.4207783e-06	0.15303263	0.025187824	-0.0055456124	-0.023914466	2.5176444	0.0069969855	0.049781248	79.0	102.98210859298706
6	0.09897387	0.6659621	0.012223577	0.45214978	1.448845	-0.44741905	13.70718	-0.0078099994	0.13561669	0.42419484	-0.41726682	224000	6.5900385e-06	0.1376232	0.025253713	-0.005914719	-0.026556833	2.5242424	0.010187682	0.07396875	79.0	132.0723488330841
7	0.131448	0.69216764	0.041118298	0.5133623	1.4618967	-0.6043295	12.015909	0.009429283	0.14573582	0.6610096	-0.5511675	256000	-1.5866011e-05	0.19868734	0.024795925	-0.005851444	-0.044745266	2.4783201	0.007182585	0.0546875	79.0	161.1758313179016
8	0.11999221	0.6714504	0.0278335	0.49209464	1.4586856	-0.48639268	12.911789	0.054385565	0.17289597	0.7478666	-0.47113788	288000	9.294599e-06	0.17637935	0.024869092	-0.005704075	-0.036735542	2.4855964	0.008227202	0.03859375	79.0	190.20182609558105
9	0.0643424	0.7879054	-0.054874327	0.37170392	1.4810377	-0.49506888	9.986726	-0.010833612	0.12606114	0.52281266	-0.42168224	320000	7.3299743e-06	0.12188363	0.024565566	-0.0072252294	-0.01837453	2.4552093	0.009599438	0.059312496	79.0	219.30226850509644
10	0.10392442	0.7247901	0.01826454	0.46647584	1.4675817	-0.41404995	11.376973	-0.059985515	0.12854688	0.6180432	-0.51621395	352000	6.157905e-06	0.16507487	0.02480241	-0.0055122008	-0.026198009	2.4789395	0.007361262	0.04103125	79.0	248.3398458957672
11	0.13276984	0.6617965	0.06482394	0.50672585	1.472366	-0.34939945	12.864227	0.018887525	0.14278744	0.46716076	-0.5223825	384000	2.9583462e-06	0.15966547	0.02470768	-0.0075425697	-0.026084386	2.469333	0.0077065877	0.0546875	79.0	277.8147132396698
12	0.1612101	0.6513988	0.10787015	0.5451406	1.4572223	-0.4968793	13.219064	0.071647756	0.17417906	0.7229193	-0.47688144	416000	-6.4745545e-06	0.18553564	0.024766242	-0.0070146355	-0.03451712	2.475073	0.006164159	0.0434375	79.0	306.9484431743622
13	0.1781361	0.63698256	0.13830693	0.5669329	1.4631981	-0.36185196	13.71875	0.11146424	0.16888045	0.7463042	-0.38515687	448000	1.0213349e-05	0.1831563	0.024856225	-0.008304183	-0.035943218	2.4836254	0.008339326	0.0708125	79.0	336.111558675766
14	0.19495171	0.5890031	0.15677834	0.5892394	1.4525578	-0.3416765	14.358439	0.11872618	0.17848472	0.8445732	-0.41488716	480000	-2.1699816e-06	0.20230822	0.024768902	-0.008726773	-0.049750812	2.474125	0.007779753	0.074625	79.0	365.18715953826904
15	0.18249026	0.60744864	0.13593219	0.5806858	1.4487661	-0.39920086	13.531787	0.15083578	0.20992371	1.2655979	-0.35831517	512000	2.41464e-05	0.20646887	0.024714096	-0.009329058	-0.054790277	2.46766	0.007422534	0.0808125	79.0	394.3304793834686
16	0.23874691	0.5960435	0.21523386	0.64254594	1.4685618	-0.32588208	13.459253	0.13727097	0.20684446	0.9095675	-0.48768982	544000	1.7588958e-05	0.24373887	0.024652734	-0.0094155315	-0.07147118	2.4606752	0.008847032	0.08006249	79.0	423.3659770488739
17	0.1904243	0.60171545	0.14584374	0.599572	1.5097823	-0.36757666	13.414407	0.18175903	0.22289817	1.0621407	-0.5208909	576000	9.076204e-06	0.1978705	0.024682254	-0.009967363	-0.041173376	2.4628975	0.006935999	0.080031246	79.0	452.364862203598
18	0.2387237	0.5798048	0.21457234	0.6469926	1.4678334	-0.35531273	13.756981	0.13243295	0.23179056	0.90104026	-0.43414807	608000	-1.0550953e-05	0.22102255	0.024523022	-0.01012954	-0.054026578	2.4451647	0.008389657	0.08125	79.0	481.4541714191437
19	0.24358521	0.60765135	0.22577514	0.65161175	1.4907922	-0.353895	12.8373785	0.2032348	0.22622989	1.0234848	-0.45386428	640000	2.2324733e-05	0.2069537	0.024489835	-0.009688726	-0.040335	2.4421008	0.007334477	0.075593755	79.0	510.692503452301
20	0.27741045	0.53865194	0.28421187	0.6849267	1.4846789	-0.30995023	13.625643	0.24647906	0.2609082	1.0696422	-0.4788185	672000	-2.0011328e-05	0.24104002	0.024215389	-0.010348052	-0.06496872	2.4133515	0.008148255	0.08334375	79.0	539.7688717842102
21	0.28415707	0.5247388	0.2988799	0.6885876	1.4796861	-0.3520905	13.806381	0.27143317	0.24778295	1.1232983	-0.6788165	704000	8.1913546e-05	0.23228543	0.02401175	-0.011289516	-0.05740107	2.3909788	0.0074584736	0.08503125	79.0	568.8917334079742
22	0.26384658	0.5950023	0.26706067	0.6760473	1.4943392	-0.39589104	12.800725	0.27099586	0.249295	1.01396	-0.38115227	736000	1.392141e-05	0.2164279	0.023968674	-0.011062758	-0.045156546	2.3859816	0.007314831	0.08015625	79.0	598.0018253326416
23	0.39379853	0.498048	0.45378557	0.751905	1.5047823	-0.4743056	13.740917	0.3110787	0.2885483	1.2853798	-0.69588745	768000	-4.254654e-05	0.24548629	0.023585457	-0.011160418	-0.0664327	2.3484712	0.010564989	0.09046875	79.0	627.1262109279633
24	0.29803187	0.55116475	0.3166143	0.71054965	1.5110424	-0.37222797	13.472836	0.3622025	0.2816733	1.2715796	-0.39754736	800000	-2.682209e-07	0.21938592	0.02360968	-0.010600014	-0.045232534	2.347618	0.007944038	0.079125	79.0	656.2786026000977
25	0.30281937	0.5408052	0.33140305	0.69789934	1.4999692	-0.41255242	13.461441	0.28222582	0.29046527	1.1412587	-0.5015324	832000	4.0233135e-05	0.20271936	0.023580907	-0.011688404	-0.03298182	2.3442514	0.0086327065	0.08815625	79.0	685.3941557407379
26	0.33445925	0.5193365	0.37787372	0.72808087	1.4950991	-0.32568532	13.420897	0.288418	0.26328462	1.065638	-0.5314858	864000	-3.3888966e-05	0.22038779	0.023331933	-0.011476042	-0.04513721	2.319168	0.008132545	0.09728125	79.0	714.5444934368134
27	0.39306235	0.4766906	0.47015834	0.74813646	1.5176166	-0.36657774	13.715026	0.34144163	0.2741288	1.1649357	-0.44345546	896000	1.4605932e-05	0.21697432	0.023041986	-0.011227537	-0.046315007	2.2889743	0.0071706213	0.09115625	79.0	743.649688243866
28	0.38812673	0.47767514	0.4669149	0.7485055	1.5109853	-0.35453016	13.754791	0.41757575	0.28357437	1.3046464	-0.5364632	928000	6.4400956e-06	0.23121278	0.022999432	-0.013281893	-0.05239953	2.2840395	0.0084526455	0.103125	79.0	772.781816482544
29	0.43475106	0.46535623	0.52925366	0.76489013	1.5052452	-0.37363723	13.635112	0.4139054	0.26241437	1.2622834	-0.6965475	960000	4.4887885e-05	0.21751904	0.022618178	-0.012695247	-0.047544934	2.2448406	0.008596785	0.10240625	79.0	801.8595929145813
30	0.43514413	0.48093587	0.5263659	0.77572346	1.5161794	-0.8201495	13.169583	0.47950926	0.29059386	1.3460846	-0.3571141	992000	8.1695616e-05	0.21567161	0.02235176	-0.012250876	-0.05251293	2.217153	0.008503059	0.096875	79.0	830.9884188175201
31	0.4265515	0.4573575	0.51787627	0.76481193	1.507806	-0.40590948	13.816434	0.41881615	0.33392122	1.3000414	-0.5548782	1024000	-5.6046993e-06	0.2080478	0.022373615	-0.011226908	-0.04715748	2.2160506	0.00781985	0.0828125	79.0	860.0357360839844
32	0.42302126	0.47949395	0.50990385	0.76492065	1.4978161	-0.46940425	13.3826275	0.44070932	0.32323447	1.3190644	-0.5233713	1056000	-1.5687197e-05	0.22006719	0.022334464	-0.012775751	-0.06507867	2.2140436	0.010832892	0.10521875	79.0	889.186619758606
33	0.504364	0.38304937	0.6427351	0.7708079	1.516263	-0.4143108	14.689575	0.47596386	0.31167924	1.2697414	-0.50244325	1088000	-0.00010366365	0.21899152	0.021978468	-0.010969775	-0.061710484	2.1788447	0.008833014	0.07746875	79.0	918.4591069221497
34	0.5401963	0.36240086	0.6983675	0.7692044	1.5148993	-0.3401811	14.813551	0.53143984	0.28662804	1.2620555	-0.35096428	1120000	6.305496e-05	0.2078847	0.02165584	-0.011551923	-0.048490457	2.144493	0.008517174	0.088250004	79.0	947.5511944293976
35	0.53359693	0.4024607	0.66700166	0.7876203	1.5190951	-0.79855704	14.007509	0.57664114	0.28449622	1.323521	-0.38539127	1152000	4.9174298e-05	0.19914035	0.02149857	-0.012012912	-0.04521153	2.1303253	0.008879708	0.09971875	79.0	976.6250734329224
36	0.51454747	0.41331303	0.64326024	0.78283757	1.5046697	-0.5813137	14.164732	0.58514756	0.30276054	1.6125067	-0.3910497	1184000	-2.7720816e-05	0.18909228	0.021448849	-0.01322564	-0.05095818	2.124439	0.009084783	0.103750005	79.0	1005.821727514267
37	0.5742911	0.3629259	0.73597753	0.78890616	1.5208989	-0.74783915	14.468978	0.5948437	0.3006882	1.275496	-0.61295253	1216000	-4.468439e-05	0.20002387	0.021121357	-0.012303808	-0.053181384	2.0920515	0.00847555	0.09784375	79.0	1035.0670473575592
38	0.52081597	0.388019	0.65679383	0.7805001	1.5239213	-0.5069044	14.702227	0.55812746	0.31227311	1.4100293	-0.4742295	1248000	0.00011302717	0.21030545	0.02100999	-0.011946364	-0.057687435	2.0806365	0.00791921	0.0978125	79.0	1064.1510217189789
39	0.5572783	0.32695812	0.7258162	0.7658627	1.5240186	-0.4173043	15.620334	0.57935685	0.31843916	1.5074947	-0.4688579	1280000	2.7986243e-05	0.20927805	0.02086129	-0.0125881415	-0.05695804	2.0649107	0.007871708	0.098124996	79.0	1093.2651257514954
40	0.59217894	0.31718507	0.77312106	0.767376	1.5241922	-0.43469864	15.203365	0.5764729	0.2951434	1.4117857	-0.50433755	1312000	-2.3354776e-05	0.20619261	0.02040226	-0.012290067	-0.059003364	2.0197344	0.009040108	0.0893125	79.0	1122.5044219493866
41	0.5869075	0.3478961	0.759539	0.7869955	1.5167814	-0.47966617	14.315885	0.6293535	0.2782603	1.3339456	-0.385836	1344000	3.3212826e-05	0.21076547	0.020290501	-0.012785729	-0.05833172	2.0081835	0.009186968	0.100812495	79.0	1151.6666798591614
42	0.6083148	0.3269881	0.7982511	0.77218926	1.5172094	-0.45667493	14.531136	0.63229406	0.28941205	1.5750235	-0.46131843	1376000	2.8564129e-05	0.18321142	0.020112466	-0.012518322	-0.04480036	1.988993	0.0073021697	0.09275	79.0	1180.7633440494537
43	0.628798	0.33491224	0.8199077	0.78091216	1.522591	-0.5114973	14.210952	0.6691099	0.29926056	1.514141	-0.3767007	1408000	6.6189095e-05	0.17872074	0.019991394	-0.012566299	-0.04359297	1.9762676	0.007652892	0.10609375	79.0	1209.8792271614075
44	0.57268167	0.37014225	0.7333654	0.7971149	1.5157032	-0.71544164	14.124556	0.67070657	0.30493137	1.5020956	-0.7683412	1440000	0.00018443167	0.21739066	0.019749697	-0.012030279	-0.06175691	1.951812	0.006839548	0.087093756	79.0	1239.0041551589966
45	0.58193856	0.3716298	0.7536977	0.78185874	1.5464646	-0.46421185	13.968421	0.60366327	0.29801142	1.4081059	-0.3554119	1472000	2.1960586e-06	0.1948744	0.019464662	-0.012210347	-0.043430723	1.9236206	0.009442203	0.0888125	79.0	1268.1523325443268
46	0.6857115	0.24755076	0.9225567	0.7315801	1.5233473	-0.52057505	15.388402	0.66557723	0.3081016	1.507198	-0.54428333	1504000	8.667819e-05	0.18366337	0.019304585	-0.013637516	-0.058052517	1.9048195	0.010054229	0.10596875	79.0	1297.2709226608276
47	0.6240817	0.32358575	0.82065314	0.7816159	1.5211345	-0.60025233	14.173077	0.7140021	0.27157363	1.3555654	-0.27928144	1536000	7.286668e-06	0.2037197	0.018914748	-0.0123574175	-0.0486746	1.8689959	0.007736624	0.09475	79.0	1326.5698487758636
48	0.6558169	0.3051045	0.87679946	0.7659253	1.5162437	-0.454448	13.957306	0.6861586	0.29863104	1.6450825	-0.6311411	1568000	-2.3299828e-05	0.18022487	0.01849518	-0.011535939	-0.04654835	1.826991	0.008324766	0.0925	79.0	1355.9315493106842
49	0.6535963	0.31290746	0.873325	0.75913584	1.5093771	-0.45721987	13.855516	0.72912747	0.26771146	1.555023	-0.62901527	1600000	3.6338344e-05	0.17384246	0.018491913	-0.012425746	-0.050356433	1.8237944	0.00820978	0.1060625	79.0	1385.2611317634583
50	0.6472496	0.32753175	0.86023116	0.7703782	1.5224789	-0.80606556	13.739168	0.7244883	0.27346057	1.4151059	-0.3212314	1632000	6.1400235e-05	0.18066648	0.018165879	-0.012527807	-0.047497734	1.7904613	0.007938109	0.094718754	79.0	1414.5127909183502
51	0.6234642	0.3288343	0.8226262	0.77626985	1.5632747	-0.5881328	14.2139635	0.71472704	0.28242314	1.5079695	-0.5682168	1664000	0.0002983259	0.19459899	0.018409897	-0.014157949	-0.061959207	1.8154396	0.009620007	0.107656255	79.0	1443.6499209403992
52	0.6259885	0.343576	0.8165976	0.7791495	1.5517	-0.56964135	13.853403	0.6736398	0.3001102	1.5971199	-0.46276283	1696000	-3.88606e-05	0.18329912	0.018110827	-0.011766935	-0.049074907	1.7845414	0.0069564376	0.0930625	79.0	1472.6804535388947
53	0.7263921	0.23137416	0.9806124	0.71631086	1.5104475	-0.48816955	15.152964	0.70849633	0.3072597	1.4606175	-0.3199644	1728000	-0.00010408275	0.16427729	0.017815037	-0.013060044	-0.0538386	1.7532803	0.007504427	0.09725	79.0	1501.8215415477753
54	0.74361104	0.24373215	1.0101458	0.71541667	1.5214213	-0.5380809	14.282824	0.7628249	0.2644303	1.5430106	-0.47381446	1760000	-6.7770074e-05	0.1525153	0.017042946	-0.01103955	-0.041443557	1.6779083	0.005570203	0.07584375	79.0	1530.9765133857727
55	0.7095125	0.26923224	0.9632831	0.74067056	1.5188042	-0.45447552	13.85061	0.8127262	0.24729465	1.6418566	-0.35717863	1792000	8.185906e-05	0.15364355	0.016889194	-0.012629604	-0.0407636	1.6624495	0.007591841	0.1013125	79.0	1560.137333869934
56	0.7025924	0.2687556	0.9529436	0.74662507	1.5168468	-0.46549842	13.812283	0.7818501	0.2525757	1.5835302	-0.40616536	1824000	-6.2921084e-05	0.1562083	0.016665356	-0.012286176	-0.043399446	1.6360657	0.007162547	0.090937495	79.0	1589.2942473888397
57	0.6441506	0.32048726	0.86030966	0.7813727	1.5164324	-0.55422664	13.67703	0.7844638	0.2993219	1.5227801	-0.36037293	1856000	4.8311427e-05	0.21140699	0.016853284	-0.012113684	-0.078081995	1.6528258	0.008288503	0.09078126	79.0	1618.7315895557404
58	0.6798829	0.27536324	0.92249775	0.7606365	1.5702611	-0.447084	14.006673	0.68617445	0.3056755	1.4479883	-0.4468503	1888000	-2.328679e-05	0.18881702	0.016644508	-0.0126550635	-0.05992548	1.6353735	0.0083049275	0.099031255	79.0	1648.0796682834625
59	0.6810217	0.2950952	0.91311884	0.7623371	1.5288308	-0.43933818	13.765652	0.7358071	0.28609344	1.449657	-0.55045366	1920000	2.555456e-05	0.17743829	0.016290054	-0.012299843	-0.05390493	1.5973678	0.008114024	0.094625	79.0	1677.2032124996185
60	0.7399714	0.22434796	1.0142229	0.710175	1.5233991	-0.7035691	14.796089	0.743138	0.32814315	1.4413006	-0.46059912	1952000	-0.0001759613	0.15717609	0.016137857	-0.0129742175	-0.050022334	1.5832577	0.0067653684	0.09603125	79.0	1706.361483335495
61	0.72742176	0.24809372	0.991358	0.74061435	1.5183363	-0.5489872	13.627148	0.7955413	0.28054893	1.6160718	-0.35466748	1984000	6.1210245e-05	0.16535786	0.015614223	-0.011992659	-0.053250685	1.5319707	0.005254875	0.08575	79.0	1735.64404463768
62	0.7085333	0.26162943	0.96563035	0.74757695	1.5248092	-0.39170155	13.6748705	0.8283245	0.25708202	1.782286	-0.34671757	2016000	7.4971e-05	0.16656852	0.015652768	-0.011963574	-0.05422817	1.5348601	0.007335417	0.08759375	79.0	1764.7079555988312
63	0.73087645	0.25314707	0.9965585	0.7279	1.5131425	-0.530904	13.816522	0.80910534	0.26189303	1.6441894	-0.31377771	2048000	0.000103288796	0.14879513	0.0155884605	-0.012876897	-0.05016247	1.5282664	0.00868294	0.0986875	79.0	1794.0061492919922
64	0.69261825	0.27799562	0.93541306	0.7569507	1.6031593	-0.70071906	13.628866	0.81835616	0.29313955	1.4866099	-0.5865422	2080000	-9.854231e-05	0.17603123	0.0154545475	-0.012898056	-0.057538744	1.5140092	0.009113254	0.091843754	79.0	1823.1117095947266
65	0.73847926	0.23452494	1.0081167	0.7287551	1.5890208	-0.47584546	14.124331	0.77557284	0.28565675	1.4210032	-0.49737367	2112000	-6.3936226e-05	0.1617809	0.015468499	-0.0123720765	-0.049638614	1.5175314	0.0074373563	0.08384375	79.0	1852.283350944519
66	0.70745087	0.2801694	0.94479895	0.7609731	1.5163882	-0.7408092	13.78913	0.7932864	0.2902781	1.6455289	-0.45284155	2144000	-8.188933e-05	0.16669959	0.015222304	-0.011220522	-0.04985959	1.491549	0.0071425624	0.0805	79.0	1881.4791922569275
67	0.8093377	0.17534871	1.12331	0.64504653	1.5277244	-0.7598	14.7198515	0.8061256	0.2909349	1.5447762	-0.32471457	2176000	-0.00014135893	0.118578404	0.0148899015	-0.011989897	-0.037359037	1.4577587	0.0061959783	0.077218756	79.0	1910.6800367832184
68	0.78256917	0.21030879	1.0815203	0.6892883	1.5283884	-0.66931677	14.021239	0.85339683	0.24174325	1.5595334	-0.30324003	2208000	9.4610616e-05	0.13734633	0.014531571	-0.012007501	-0.039135054	1.4205232	0.007261716	0.08778125	79.0	1939.8253998756409
69	0.74055684	0.24696134	1.0143294	0.730768	1.5163068	-0.53256494	13.560684	0.8627616	0.24217713	1.7171538	-0.19567245	2240000	-7.240381e-05	0.15473676	0.014549233	-0.013139208	-0.04872761	1.4245453	0.0073713087	0.090312496	79.0	1969.1733946800232
70	0.76415396	0.21085899	1.0529194	0.70920634	1.5191568	-0.5921815	14.135435	0.82018644	0.2737582	1.5113729	-0.3969975	2272000	3.379723e-05	0.13622555	0.014476079	-0.012508566	-0.040105492	1.4142096	0.0067374655	0.088531256	79.0	1998.4477348327637
71	0.7361617	0.24649829	1.0090631	0.73016316	1.5705171	-0.7790308	13.756956	0.8179386	0.29415765	1.5739949	-0.33178887	2304000	-1.670327e-05	0.15176052	0.014369266	-0.012385185	-0.047679774	1.4027884	0.0075431652	0.08615625	79.0	2027.617834329605
72	0.7638974	0.18516001	1.0660458	0.68638366	1.5898163	-0.50517493	14.763941	0.8213686	0.28082743	1.5107805	-0.45482886	2336000	-1.9334257e-05	0.17453015	0.014532421	-0.013746243	-0.067275465	1.418508	0.0065981373	0.09309375	79.0	2056.7421498298645
73	0.737403	0.23551294	1.0142965	0.7181989	1.5163586	-0.6133722	14.019027	0.80326074	0.285961	1.6845524	-0.4910965	2368000	9.701867e-05	0.14612523	0.014031304	-0.013024684	-0.047611326	1.3691105	0.0073028076	0.09171875	79.0	2086.0779118537903
74	0.8193425	0.16587937	1.1397982	0.64543426	1.5241569	-0.75219315	14.585175	0.83407205	0.28225672	1.5919106	-0.46676385	2400000	0.0001694737	0.13410246	0.013963453	-0.0123061165	-0.051378608	1.3628336	0.0069994805	0.0830625	79.0	2115.3186087608337
75	0.81602657	0.17856452	1.1481426	0.6414496	1.525954	-0.47282988	14.003533	0.8780013	0.24581969	1.5649804	-0.4878924	2432000	-4.6153553e-05	0.12461574	0.013507618	-0.011690892	-0.037577868	1.3163652	0.0055194646	0.075531244	79.0	2144.5683023929596
76	0.75587916	0.23020348	1.0461066	0.7202576	1.522421	-0.62945837	13.641267	0.8653778	0.22989957	1.5107555	-0.28257477	2464000	-0.00014510937	0.15184912	0.013710061	-0.012187205	-0.052015565	1.3373263	0.0077488907	0.094718754	79.0	2173.705008983612
77	0.79550254	0.18463527	1.1009626	0.67834955	1.5263882	-0.99224555	14.235638	0.8533939	0.26418757	1.6122472	-0.35421634	2496000	-2.2263266e-05	0.12629902	0.013780932	-0.012809324	-0.04248345	1.3413632	0.008843909	0.0920625	79.0	2202.9201757907867
78	0.74483025	0.23589583	1.0248082	0.72343	1.5705171	-0.602845	13.802952	0.8508317	0.2919767	1.5137578	-0.4201859	2528000	-1.1879951e-05	0.1415039	0.013821786	-0.013020931	-0.04978799	1.343986	0.0073808697	0.09228125	79.0	2232.165706396103
79	0.7809574	0.1882715	1.0819958	0.6892988	1.5612391	-0.58665603	14.316667	0.83148926	0.27898145	1.5858545	-0.562755	2560000	9.248778e-05	0.14157063	0.014006179	-0.013935335	-0.042306054	1.3627381	0.008037278	0.0929375	79.0	2261.541087627411
80	0.7443619	0.2470448	1.0177363	0.7310274	1.5177784	-0.81308776	13.602312	0.83894795	0.2753508	1.4918671	-0.36952227	2592000	-2.4331734e-05	0.13663831	0.013533067	-0.013107649	-0.04126963	1.3161656	0.006823825	0.0990625	79.0	2290.768604040146
81	0.8360089	0.14342773	1.1710325	0.61538094	1.5253448	-0.6264797	14.655904	0.85204214	0.28119406	1.6342453	-0.5819074	2624000	-0.00014580181	0.11707327	0.013262925	-0.014396062	-0.04376957	1.2909002	0.008217096	0.094	79.0	2320.0463104248047
82	0.8531637	0.14141488	1.2023902	0.59326476	1.5250258	-0.54670465	14.388788	0.8982803	0.23436476	1.5112444	-0.2437777	2656000	-3.57572e-05	0.10541161	0.012893833	-0.0114516	-0.029006705	1.2534195	0.006713613	0.07621875	79.0	2349.3266060352325
83	0.7687594	0.20854446	1.0675675	0.7044952	1.5189466	-0.55546093	13.857517	0.88717	0.25239035	1.639243	-0.24933949	2688000	8.5145235e-05	0.13477932	0.013229972	-0.01239003	-0.050027594	1.2837328	0.007834331	0.08615625	79.0	2378.376630783081
84	0.77901137	0.20855	1.0772753	0.7007655	1.5268587	-1.2812967	13.987698	0.8650559	0.2639306	1.7714652	-0.81804323	2720000	-9.6207485e-05	0.14156127	0.013331809	-0.0132631045	-0.04623666	1.2957525	0.008348617	0.101500005	79.0	2407.4862904548645
85	0.76174426	0.22431394	1.0484425	0.71913093	1.5399948	-0.48082122	13.724481	0.817741	0.2896215	1.6122183	-0.6211185	2752000	5.7768077e-05	0.13205622	0.013106267	-0.012651037	-0.045603897	1.2726705	0.0073861536	0.08921875	79.0	2436.5640399456024
86	0.78082407	0.20692259	1.0820917	0.6994148	1.5936	-0.6802365	13.731002	0.8477826	0.27539253	1.5811102	-0.81321794	2784000	-5.5473298e-05	0.13239574	0.01295004	-0.013604924	-0.04359758	1.260073	0.007660957	0.09784375	79.0	2465.7086346149445
87	0.7652731	0.22389984	1.0470136	0.7240247	1.5253448	-0.75189453	13.606529	0.8334071	0.3017787	1.4977459	-0.4922573	2816000	9.4314106e-05	0.13352829	0.012988412	-0.012218251	-0.04515317	1.2620659	0.007409259	0.084218755	79.0	2494.761813402176
88	0.8272434	0.14916807	1.1629167	0.62777376	1.5372655	-0.53008235	14.370487	0.8611484	0.2881256	1.6776437	-0.35404852	2848000	9.923568e-05	0.11284151	0.012687984	-0.013601571	-0.03183552	1.2314471	0.00610377	0.08803125	79.0	2523.9118633270264
89	0.8611922	0.13171446	1.22489	0.579634	1.5237484	-0.5481626	14.139037	0.8937266	0.23295633	1.6124707	-0.33062568	2880000	-4.1760504e-05	0.09754508	0.012270555	-0.0120609775	-0.030307567	1.1897361	0.007706929	0.0828125	79.0	2553.047239303589
90	0.7848797	0.20324849	1.0945884	0.69843256	1.523934	-0.51682055	13.445339	0.90599555	0.24287902	1.500022	-0.27516702	2912000	2.642721e-05	0.12626298	0.012658272	-0.013434852	-0.04795878	1.2269441	0.006894814	0.0865625	79.0	2582.359897375107
91	0.8063532	0.18139084	1.124084	0.6717355	1.5318587	-0.5000113	13.877623	0.86520267	0.2863706	1.478437	-0.72027206	2944000	9.871181e-05	0.1033011	0.012713991	-0.01200401	-0.030772202	1.2323782	0.0065406286	0.080437504	79.0	2611.4534018039703
92	0.77112836	0.21661758	1.0687317	0.70282453	1.5177268	-0.64243823	13.669966	0.8705401	0.28139913	1.5680641	-0.6001578	2976000	-2.1606684e-07	0.1277618	0.012473	-0.014724023	-0.04816703	1.2052835	0.008518972	0.0938125	79.0	2640.5085713863373
93	0.78442085	0.19459507	1.0936639	0.6890931	1.5705171	-0.7306771	13.839565	0.8612558	0.26771134	1.5462275	-0.5037645	3008000	0.00016686693	0.13677847	0.012442969	-0.013313583	-0.04686255	1.2023523	0.008048212	0.095125005	79.0	2669.646286725998
94	0.7894043	0.1942622	1.0943608	0.6877868	1.528934	-0.80841434	13.971441	0.84480447	0.29282415	1.5020014	-0.5499469	3040000	-3.2298267e-05	0.119308084	0.012330124	-0.01173191	-0.04252837	1.1930181	0.0061900937	0.07890625	79.0	2698.7807157039642
95	0.84359753	0.1374974	1.1911352	0.5990816	1.5228673	-0.59177786	14.746283	0.8951616	0.2552336	1.5538235	-0.30901998	3072000	-3.170222e-05	0.11996692	0.012132802	-0.013686828	-0.04506944	1.1712399	0.0068735457	0.09015626	79.0	2728.1388516426086
96	0.84148884	0.14967352	1.1890447	0.61922926	1.5289466	-0.42126474	13.880473	0.9022909	0.2396201	1.5548337	-0.34369624	3104000	-2.0551495e-05	0.115208	0.011782413	-0.011901842	-0.04667665	1.1351523	0.0070629846	0.081687495	79.0	2757.395142555237
97	0.7822021	0.2059029	1.0934949	0.6985344	1.5400258	-0.47691867	13.35906	0.88283056	0.26798317	1.6499882	-0.5892569	3136000	2.3380853e-06	0.11790094	0.01197943	-0.01296409	-0.043872938	1.1538355	0.006750708	0.088062495	79.0	2786.5373520851135
98	0.7861302	0.20356828	1.0944285	0.6914586	1.5323359	-0.5576016	13.736159	0.85297287	0.29873684	1.642962	-0.7195737	3168000	1.0346994e-06	0.11952388	0.012099864	-0.013214484	-0.039666183	1.163737	0.005798467	0.08615625	79.0	2815.6381154060364
99	0.7721373	0.22262463	1.0715382	0.7043976	1.5659374	-0.4922392	13.460593	0.8548129	0.2980466	1.5589205	-0.77977026	3200000	6.20652e-05	0.11799954	0.011775133	-0.013410981	-0.036721922	1.1332011	0.008904366	0.09734375	79.0	2844.8401279449463
100	0.78585535	0.19486943	1.0979897	0.6812793	1.5734375	-0.41149008	13.873473	0.87690383	0.28275964	1.6161221	-0.44373307	3232000	-5.037058e-06	0.12892163	0.012077999	-0.013164669	-0.04486072	1.1617455	0.00844392	0.08921875	79.0	2873.88871884346
101	0.7996187	0.1784949	1.1159294	0.67050844	1.5239774	-0.72447824	14.116103	0.8478978	0.30239433	1.596306	-0.5305872	3264000	-6.114761e-05	0.117483	0.01183886	-0.012970591	-0.045377567	1.1388309	0.0070713665	0.0900625	79.0	2902.997479200363
102	0.87110555	0.09886497	1.2444015	0.54164386	1.5217893	-0.5084182	14.807836	0.88024503	0.2701255	1.7710233	-0.42581436	3296000	-3.3175573e-05	0.103058204	0.011437292	-0.013025083	-0.04864193	1.1030157	0.006216691	0.08734375	79.0	2932.1038389205933
103	0.8329514	0.16000634	1.1801612	0.6306319	1.5213829	-0.56984687	13.716321	0.9231713	0.22650512	1.6303536	-0.24109712	3328000	-0.000117149204	0.11451727	0.011363499	-0.012512037	-0.038773485	1.0924397	0.0062383153	0.07709375	79.0	2961.3012475967407
104	0.800463	0.1911355	1.1230326	0.6805971	1.5298223	-0.69079393	13.360504	0.8977301	0.26191187	1.7107089	-0.40926194	3360000	-4.3535605e-05	0.11745159	0.011370308	-0.013262882	-0.04362785	1.0927422	0.006870471	0.08659375	79.0	2990.4941532611847
105	0.7940245	0.18441275	1.1042905	0.69317997	1.5348223	-1.5924817	14.067257	0.84409326	0.29821163	1.5599589	-0.3870857	3392000	-0.00030550733	0.12866466	0.011766275	-0.011921346	-0.051579133	1.1295161	0.00772615	0.0845625	79.0	3019.7984549999237
106	0.7866063	0.19604585	1.102422	0.677251	1.5705171	-0.5012609	13.681347	0.86080706	0.30289346	1.8384024	-0.37427092	3424000	-4.9040187e-05	0.12888703	0.0114611555	-0.012749404	-0.05102662	1.1006651	0.008167364	0.08521875	79.0	3048.8831899166107
107	0.78235185	0.20396645	1.0922886	0.69568515	1.5659374	-0.43488207	13.382997	0.872453	0.29083994	1.6459669	-0.36934254	3456000	5.9631187e-05	0.11183648	0.01158114	-0.013311619	-0.035662107	1.1144545	0.007832542	0.0953125	79.0	3077.9856243133545
108	0.7934005	0.19071439	1.1057252	0.6864793	1.5233256	-0.61982745	13.784843	0.86919075	0.29508013	1.6244701	-0.5136045	3488000	1.1940487e-05	0.12525962	0.011483808	-0.01299243	-0.052719083	1.1004784	0.006379265	0.08759375	79.0	3107.335421562195
109	0.84506226	0.13672641	1.1966791	0.59674275	1.5303553	-0.5545473	14.385417	0.89105546	0.2779678	1.5987303	-0.47768402	3520000	-1.1254568e-05	0.1108143	0.011102879	-0.011974718	-0.042651027	1.0666089	0.0074056215	0.073062494	79.0	3136.4536049365997
110	0.8378595	0.15528925	1.1900945	0.63155353	1.5292675	-0.54398805	13.467428	0.9113569	0.24175882	1.5613805	-0.3433817	3552000	-4.587695e-06	0.09792577	0.011114409	-0.01293928	-0.039594956	1.0689526	0.00779942	0.09178125	79.0	3165.5917925834656
111	0.827007	0.15158086	1.1729426	0.63586706	1.5300258	-0.56915885	13.795139	0.9151149	0.26736793	1.8611456	-0.432108	3584000	7.782923e-05	0.10453344	0.011127653	-0.01238098	-0.035861094	1.064796	0.0066445917	0.0748125	79.0	3194.7710831165314
112	0.7879862	0.2034195	1.0931164	0.7063753	1.5280577	-0.98942035	13.446791	0.8642145	0.29348308	1.6404566	-0.5442315	3616000	-1.37239695e-05	0.11282673	0.011432916	-0.013143465	-0.047123674	1.0974268	0.008573698	0.090312496	79.0	3223.8771545886993
113	0.7981191	0.19139084	1.117958	0.6779917	1.5996447	-0.5075478	13.494898	0.89456695	0.28899673	1.6352527	-0.5344827	3648000	-2.973061e-05	0.120039366	0.011114724	-0.013034664	-0.049084	1.0684158	0.00756867	0.0829375	79.0	3252.975797891617
114	0.7974832	0.18147463	1.1242756	0.66270834	1.5659374	-0.54282665	13.698707	0.878975	0.29051182	1.7216748	-0.3255803	3680000	0.00010362873	0.11162959	0.011329616	-0.012808478	-0.040251173	1.0852945	0.0057702577	0.08021875	79.0	3282.078925848007
115	0.81309974	0.16563228	1.1427284	0.6536383	1.5292675	-0.59958255	13.939474	0.8712285	0.2846332	1.5876418	-0.5729211	3712000	0.00021040998	0.10887854	0.011264274	-0.013097459	-0.04172463	1.0776663	0.0066046044	0.08184375	79.0	3311.1166977882385
116	0.8751618	0.10809627	1.2477851	0.5500252	1.5289935	-0.528407	14.445	0.90537107	0.26515552	1.6470556	-0.55472136	3744000	0.00029470306	0.09414635	0.010829141	-0.012749009	-0.03627877	1.0395116	0.007568193	0.084468745	79.0	3340.3065328598022
117	0.8518181	0.1340868	1.2139499	0.6049185	1.5276777	-0.5054899	13.836805	0.94160265	0.23906547	1.7463924	-0.39240766	3776000	4.932331e-05	0.095271364	0.010940885	-0.0123643	-0.03956386	1.0474504	0.0061279824	0.08521874	79.0	3369.4507970809937
118	0.82566035	0.1693354	1.1676077	0.63909173	1.5329006	-0.437014	13.379209	0.9081266	0.28895095	1.7355533	-0.49410376	3808000	-0.00013663294	0.09351966	0.010685893	-0.013282104	-0.030593522	1.0236778	0.0060952045	0.08609375	79.0	3398.618041753769
119	0.7983037	0.19655676	1.1150888	0.68163514	1.5688379	-0.47375625	13.38931	0.8865314	0.27802697	1.6114411	-0.5201323	3840000	9.888876e-05	0.10184012	0.010937316	-0.013362704	-0.03894361	1.0484997	0.008299001	0.08690625	79.0	3427.7466480731964
120	0.7984909	0.18238476	1.1203411	0.6800355	1.5768586	-0.8291864	13.658348	0.8997162	0.2916283	1.5932391	-0.37395027	3872000	-4.9696304e-05	0.11930542	0.010766139	-0.013717494	-0.04577408	1.0300899	0.0078077754	0.08075	79.0	3457.0281772613525
121	0.8082522	0.17548256	1.1398089	0.6559876	1.5903018	-0.5239095	13.525935	0.8969692	0.2802948	1.593311	-0.40139732	3904000	-8.35096e-05	0.10331531	0.01061214	-0.013895305	-0.039696343	1.0150046	0.0084000975	0.0866875	79.0	3486.145719766617
122	0.8449079	0.14051723	1.1945528	0.6099055	1.5239774	-0.69555163	14.1625	0.87615776	0.28878015	1.6480391	-0.6645223	3936000	5.421741e-05	0.09564603	0.010466375	-0.012450759	-0.035659246	1.0043799	0.00558901	0.07665625	79.0	3515.3221893310547
123	0.85475683	0.13436201	1.215601	0.5887925	1.5325	-0.50529724	13.972759	0.930003	0.23585835	1.6014143	-0.57783645	3968000	-0.00013190322	0.09395089	0.010218052	-0.012797117	-0.034733787	0.9771	0.0069183935	0.07934375	79.0	3544.3943688869476
124	0.84233654	0.14565018	1.1953952	0.62052935	1.5307798	-0.4486919	13.617268	0.92123854	0.2569595	1.6238902	-0.4509303	4000000	-4.6106055e-05	0.09087986	0.010390218	-0.012692635	-0.037400864	0.9950954	0.0074866903	0.079906255	79.0	3573.521061182022
125	0.85261565	0.14033927	1.2147695	0.5965027	1.5346446	-0.51233256	13.84669	0.90614766	0.27697748	1.6923999	-0.598684	4032000	-2.8210692e-05	0.094020635	0.010331981	-0.011247529	-0.03577594	0.9922234	0.007287227	0.0790625	79.0	3602.637873649597
126	0.76778376	0.21883489	1.065675	0.714502	1.6004715	-0.88071704	13.333194	0.892911	0.2915341	1.6069558	-0.9960567	4064000	8.5013686e-05	0.117892615	0.01057899	-0.014308048	-0.044930227	1.0078348	0.009845344	0.095125005	79.0	3631.7336542606354
127	0.8142564	0.17372893	1.1430088	0.6687706	1.6029005	-1.1682388	13.5072155	0.89732605	0.28702167	1.5911151	-0.6362592	4096000	0.00012376998	0.112365365	0.0103935	-0.013256127	-0.042217053	0.99305284	0.008338068	0.0784375	79.0	3660.885304927826
128	0.79024655	0.19625705	1.1097428	0.6791348	1.6029512	-0.7671287	13.410624	0.8878542	0.29871064	1.6713945	-0.6103767	4128000	4.1150488e-05	0.11294406	0.0104348995	-0.012542896	-0.04314356	0.9965385	0.0069678286	0.081062496	79.0	3690.0742869377136
129	0.8612155	0.110951774	1.2264018	0.5748625	1.5330032	-0.59439486	14.536172	0.8920534	0.27604663	1.614653	-0.524818	4160000	0.00013567321	0.09098555	0.0101575125	-0.012924558	-0.037821136	0.9703852	0.007079819	0.08634375	79.0	3719.273503303528
130	0.87595725	0.115376346	1.2570549	0.54748625	1.5275	-0.53495526	13.95123	0.94283825	0.22818898	1.7265213	-0.36517027	4192000	6.884895e-05	0.079423	0.009869447	-0.0136549305	-0.027400356	0.943933	0.007011382	0.0813125	79.0	3748.490191936493
131	0.83731425	0.14356272	1.1874837	0.6241273	1.5370964	-0.87832975	13.96579	0.9130956	0.27676392	1.5586269	-0.28496984	4224000	3.4220517e-05	0.089903615	0.0103598405	-0.013587003	-0.03827977	0.9901371	0.008336688	0.09171875	79.0	3777.8333938121796
132	0.83562	0.15238537	1.1931964	0.61519885	1.595	-0.46868497	13.571976	0.89453727	0.28122178	1.5922306	-0.37562236	4256000	-8.876063e-05	0.091695145	0.01017718	-0.010821618	-0.034569792	0.9720803	0.0056788763	0.0700625	79.0	3807.0083994865417
133	0.8065259	0.1866235	1.1325713	0.66913	1.5996447	-0.7549951	13.416808	0.89910144	0.28253907	1.6967074	-0.5845862	4288000	2.665678e-05	0.10585642	0.010215715	-0.0144608775	-0.047098093	0.971689	0.006663127	0.08993749	79.0	3836.1673860549927
134	0.8170439	0.1588285	1.159841	0.64575183	1.6	-0.47841612	13.663956	0.8996905	0.2782148	1.6721131	-0.5289247	4320000	9.591319e-05	0.124853894	0.010145877	-0.015112454	-0.054540522	0.963391	0.00866864	0.0860625	79.0	3865.2804102897644
135	0.8103839	0.17899814	1.1408882	0.65787256	1.5903018	-0.5349948	13.456356	0.8756516	0.3013962	1.5744855	-0.47339568	4352000	1.2768432e-06	0.09818989	0.010046018	-0.013541506	-0.03982798	0.9593332	0.007225197	0.0856875	79.0	3894.615820169449
136	0.8468924	0.13125849	1.2016588	0.60513437	1.5380827	-0.77548033	14.269265	0.90229297	0.27320153	1.5511394	-0.28173447	4384000	3.4801662e-05	0.105253235	0.009826139	-0.013966431	-0.03664694	0.93757975	0.007749563	0.093906246	79.0	3923.7344059944153
137	0.88636374	0.10475512	1.271534	0.53763366	1.5339466	-0.459412	13.926187	0.9318202	0.2454923	1.615848	-0.75449324	4416000	6.115623e-05	0.077258	0.009477975	-0.013757522	-0.034808375	0.9051744	0.0076274653	0.081875	79.0	3952.8533873558044
138	0.85308886	0.13289312	1.2186841	0.5985723	1.5324721	-0.45172504	13.754766	0.93269056	0.2618448	1.6259286	-0.40025437	4448000	7.2061084e-07	0.07977676	0.009768746	-0.013009382	-0.03336508	0.9319713	0.0063602785	0.08409375	79.0	3982.1354053020477
139	0.8381622	0.15298396	1.1928538	0.6119575	1.5422657	-0.5736225	13.800087	0.9259921	0.2720617	1.5538249	-0.5838898	4480000	2.66172e-05	0.08560671	0.009881608	-0.013116229	-0.035123877	0.938794	0.008108797	0.080875	79.0	4011.3452577590942
140	0.83797	0.1532482	1.1857898	0.6246132	1.6	-0.4826688	13.724049	0.90619653	0.27824986	1.6145192	-0.44292417	4512000	4.349742e-05	0.08195582	0.0098064635	-0.0127953375	-0.026660314	0.9347552	0.0066640093	0.0830625	79.0	4040.5084903240204
141	0.8534956	0.1430953	1.2103584	0.6146842	1.6029005	-1.0079083	13.587908	0.94100195	0.24862216	1.6398323	-0.4598477	4544000	3.211852e-05	0.08720936	0.009722196	-0.013128855	-0.037297025	0.92530954	0.0066223755	0.0758125	79.0	4069.7385346889496
142	0.84911406	0.13495697	1.1980028	0.61848223	1.6022656	-1.6771472	14.109042	0.89618886	0.2973013	1.6055777	-0.6054482	4576000	5.1677227e-05	0.09135815	0.00973721	-0.014467131	-0.04040464	0.9257324	0.008554274	0.0945	79.0	4098.900813341141
143	0.87488914	0.1009063	1.2518456	0.55584717	1.5251777	-0.9214808	14.607799	0.9183717	0.29808137	1.7158738	-0.47642797	4608000	1.7127953e-05	0.08296441	0.009541251	-0.012156498	-0.034923457	0.908758	0.0065526385	0.07853125	79.0	4127.911333084106
144	0.9131971	0.07965712	1.3160014	0.48734796	1.5343814	-0.51164263	14.09564	0.9588214	0.24129277	1.7235931	-0.38915238	4640000	-0.0002994528	0.07245756	0.00925363	-0.013135786	-0.03247198	0.87955064	0.00804103	0.077562496	79.0	4157.042160272598
145	0.8439388	0.14916173	1.2013649	0.6149338	1.5345148	-0.4512688	13.592354	0.9375956	0.27978027	1.5998114	-0.51029855	4672000	6.116927e-05	0.074836254	0.009550009	-0.012368197	-0.023597483	0.9052111	0.0052422746	0.084875	79.0	4186.145796060562
146	0.8307435	0.15533058	1.1805462	0.6286648	1.570582	-0.5722696	13.762999	0.90438235	0.29315153	1.5896403	-0.67165804	4704000	9.199418e-05	0.08870524	0.009799272	-0.013652687	-0.036842603	0.9280058	0.0063029546	0.0793125	79.0	4215.434223890305
147	0.83151793	0.16322143	1.1807668	0.6323593	1.6075	-0.52536345	13.504677	0.88682383	0.29812083	1.6418284	-0.4550155	4736000	7.845322e-05	0.097173706	0.0094028115	-0.013358036	-0.044749543	0.89169407	0.0066857142	0.0843125	79.0	4244.515522480011
148	0.836485	0.15510526	1.1879058	0.6301486	1.6075	-0.58246946	13.33641	0.93321556	0.26594582	1.6262214	-0.73204017	4768000	0.00012737792	0.09817367	0.009377757	-0.013671472	-0.04387043	0.88681316	0.009006161	0.085625	79.0	4273.797764539719
149	0.83741134	0.15372925	1.1870048	0.6172203	1.530533	-0.52333397	13.705604	0.9035586	0.27267256	1.5335867	-0.41415232	4800000	-6.6196546e-05	0.08231414	0.009420175	-0.013714497	-0.0365027	0.8926007	0.006999054	0.07896875	79.0	4302.996228933334
150	0.88363683	0.09793535	1.2729663	0.5245345	1.5322655	-0.69681084	14.259425	0.93414235	0.26246578	1.7894108	-0.25395367	4832000	1.1524651e-05	0.07386172	0.009187228	-0.012537707	-0.029875187	0.8739301	0.0064368173	0.0778125	79.0	4332.132998466492
151	0.90259826	0.095616005	1.3010309	0.50566334	1.5303553	-0.5297735	13.857766	0.97318715	0.22027117	1.6368874	-0.29724133	4864000	0.00025057094	0.06275592	0.009178178	-0.012166466	-0.022373348	0.87007856	0.006614762	0.0726875	79.0	4361.222264766693
152	0.86111784	0.13010308	1.2322415	0.5800369	1.5348223	-0.43464422	13.808261	0.94406325	0.25986576	1.8545977	-0.7221546	4896000	0.00013864227	0.06917336	0.009264791	-0.012956902	-0.030421754	0.880257	0.0069476757	0.08728125	79.0	4390.31711935997
153	0.8429727	0.14990959	1.1936224	0.61336267	1.5659374	-0.67835474	13.876748	0.9061371	0.28087237	1.5807782	-0.5497186	4928000	2.1962915e-06	0.090224385	0.009509357	-0.013993818	-0.038783617	0.90442884	0.010414373	0.10103125	79.0	4419.42459654808
154	0.826076	0.1671423	1.1676701	0.64889795	1.6	-0.6203175	13.322147	0.9182273	0.27205038	1.6885899	-0.5906871	4960000	-0.000104269944	0.08957971	0.009242799	-0.013244484	-0.03617233	0.87486994	0.0065846853	0.07190625	79.0	4448.500095129013
155	0.857937	0.1385581	1.2246127	0.59183806	1.6031593	-0.4742684	13.465196	0.9181719	0.27516618	1.5708697	-0.51242787	4992000	-2.5620218e-05	0.07280426	0.0092868805	-0.014104371	-0.030020066	0.87633544	0.008301521	0.093687505	79.0	4477.627648591995
156	0.8679995	0.11941547	1.2367092	0.5648351	1.5232695	-0.4533632	14.224508	0.9205859	0.26967153	1.5917375	-0.4407546	5024000	-5.0061382e-05	0.07384982	0.009199824	-0.0135516655	-0.030374184	0.8697682	0.0064160423	0.0859375	79.0	4506.686058282852
157	0.9116509	0.077312544	1.3159108	0.4685598	1.5331594	-0.53301597	14.328069	0.9383931	0.25245118	1.7400649	-0.53651357	5056000	2.6810449e-05	0.06100867	0.008827347	-0.011657893	-0.027274229	0.83574414	0.00740925	0.0776875	79.0	4535.857196569443
158	0.8953723	0.102915436	1.2896537	0.5182769	1.5389774	-0.4014474	13.69612	0.9775633	0.21665728	1.7212989	-0.42788237	5088000	-2.8524548e-05	0.060886495	0.008814339	-0.0124704875	-0.024020735	0.8335998	0.0060222396	0.08475	79.0	4564.936613559723
159	0.8564376	0.1366371	1.2232152	0.5915179	1.528566	-0.4971504	13.613636	0.95621765	0.25033033	1.6514323	-0.5267628	5120000	-7.554889e-05	0.0685325	0.008844649	-0.013506882	-0.024108471	0.83296794	0.009487487	0.089625	79.0	4594.045852661133
160	0.8544135	0.13864136	1.2179314	0.591493	1.5659374	-0.44813678	13.812825	0.9108514	0.27603835	1.6331693	-0.97801703	5152000	6.818911e-05	0.06921417	0.00917432	-0.012693895	-0.030503511	0.86753404	0.007363961	0.0756875	79.0	4623.104996204376
161	0.84870267	0.1424686	1.2084539	0.602581	1.6029005	-0.5121657	13.681583	0.9427776	0.26388508	1.7469776	-0.5062848	5184000	-4.174281e-05	0.08583432	0.00905939	-0.0127525125	-0.037385095	0.85377765	0.0075679906	0.078062505	79.0	4652.268339395523
162	0.8638873	0.13087642	1.2324071	0.58510274	1.6029005	-0.40675914	13.52901	0.9119664	0.279177	1.6621835	-0.5582844	5216000	-0.00015217066	0.06389977	0.009094348	-0.013026023	-0.030584019	0.8558271	0.0088683795	0.08753125	79.0	4681.409517049789
163	0.88185436	0.10734624	1.2634904	0.5358053	1.5276777	-0.39428723	14.232079	0.93122846	0.277381	1.6034415	-0.58112925	5248000	0.00028716773	0.07297763	0.008951174	-0.01379562	-0.027352203	0.8441	0.00855447	0.08678125	79.0	4710.517057418823
164	0.88606334	0.1047173	1.27146	0.5305625	1.5373359	-0.48274356	14.04947	0.95125306	0.24195816	1.616469	-0.26806358	5280000	-5.203299e-06	0.07367598	0.00874066	-0.014405204	-0.02845987	0.82538	0.008454811	0.088375	79.0	4739.65348982811
165	0.8911884	0.107051075	1.2820717	0.5398231	1.5350258	-0.49690196	13.602312	0.96885496	0.22601673	1.5917481	-0.4233186	5312000	5.7807192e-05	0.062884845	0.008715062	-0.012546778	-0.023980627	0.82098013	0.0058055446	0.07525	79.0	4768.731360673904
166	0.88743716	0.112562805	1.2713583	0.54423434	1.5339774	-1.3472704	13.93838	0.9395627	0.2632486	1.6934909	-0.685204	5344000	6.534066e-05	0.06879784	0.008809119	-0.0126470495	-0.027080193	0.83022964	0.0057473592	0.08653125	79.0	4797.840548992157
167	0.8334642	0.16482347	1.1809759	0.6322805	1.6	-0.4691569	13.405144	0.9143783	0.28925467	1.680746	-0.6646348	5376000	0.0001811739	0.07039938	0.008856238	-0.014153309	-0.02999146	0.83422244	0.0091297515	0.0906875	79.0	4827.0113043785095
168	0.8627456	0.13554208	1.2316431	0.5908667	1.6031593	-0.45528007	13.454237	0.93743724	0.27099204	1.7136395	-0.62174296	5408000	9.386358e-05	0.073172	0.008534405	-0.013001972	-0.026441034	0.8010478	0.007037089	0.077156246	79.0	4856.352792263031
169	0.8582517	0.13303268	1.2238051	0.58744097	1.6029005	-0.3810855	13.686207	0.9360897	0.26997867	1.5863283	-0.43012178	5440000	2.0423904e-05	0.07828374	0.008825237	-0.014462999	-0.03323367	0.8284802	0.008358984	0.07653125	79.0	4885.585693836212
170	0.89478517	0.09233077	1.2816522	0.5140918	1.5237863	-0.53317916	14.319819	0.95330983	0.23481408	1.5686705	-0.44611004	5472000	0.0001337491	0.078047946	0.008583551	-0.013332343	-0.03526383	0.8072276	0.007961383	0.082875	79.0	4914.7390167713165
171	0.8965368	0.09978671	1.2891555	0.52112484	1.5307883	-0.54244584	13.900175	0.95839185	0.23535159	1.6982534	-0.7058258	5504000	-5.0660223e-05	0.05964482	0.008609545	-0.012546344	-0.020166088	0.8092345	0.0056207785	0.07728125	79.0	4943.922529935837
172	0.87830204	0.11993739	1.2575008	0.56576246	1.5239774	-0.44785443	13.457627	0.9662577	0.2272725	1.8035895	-0.29250628	5536000	0.00016180426	0.056687154	0.008672757	-0.013076406	-0.018639812	0.815655	0.0065698535	0.07625	79.0	4973.058012485504
173	0.8793435	0.115299314	1.2634917	0.54651046	1.5395148	-0.3644981	13.772923	0.95383465	0.25250435	1.6230034	-0.58288383	5568000	7.1638264e-05	0.059704438	0.008686785	-0.0129689975	-0.023929307	0.81720597	0.007352227	0.0835625	79.0	5002.141725301743
174	0.8530579	0.14522979	1.2166932	0.60369486	1.6	-0.48801112	13.533761	0.91365385	0.29559326	1.6884974	-0.78516376	5600000	-3.4868717e-05	0.06699392	0.008826845	-0.013555283	-0.030392254	0.82795584	0.007013015	0.07946875	79.0	5031.333750963211
175	0.86861056	0.12970027	1.2390046	0.58780783	1.6	-0.48846513	13.373311	0.95133066	0.25536418	1.5383966	-0.45611373	5632000	7.098541e-05	0.07032809	0.008484248	-0.012754683	-0.027262295	0.7962333	0.007564295	0.07596875	79.0	5060.441025733948
176	0.848739	0.14783055	1.2042706	0.6104118	1.6	-0.43593493	13.434122	0.94405806	0.25990883	1.5678662	-0.4153485	5664000	0.00014141202	0.063647464	0.008625399	-0.013054801	-0.026562555	0.81204003	0.0068472074	0.079218745	79.0	5089.573935031891
177	0.89868855	0.0870502	1.2916955	0.5171104	1.5348223	-0.6819292	14.116993	0.9449936	0.2573251	1.6509897	-0.44913313	5696000	3.166031e-05	0.07084877	0.008339785	-0.013841795	-0.030287066	0.7851161	0.008523172	0.08309375	79.0	5118.673635482788
178	0.9088348	0.08580591	1.3151184	0.4829562	1.530745	-0.44180697	13.923818	0.96859264	0.2382549	1.6983557	-0.37993044	5728000	0.00019000843	0.073915824	0.008421239	-0.01310867	-0.031238362	0.79055536	0.007470928	0.084156245	79.0	5147.824294567108
179	0.8705915	0.1259587	1.2497914	0.56924593	1.5331548	-0.48299477	13.546581	0.9523497	0.23574983	1.7807151	-0.38658804	5760000	-7.983809e-05	0.0740664	0.008605563	-0.012866328	-0.029110879	0.8090422	0.007281565	0.086625	79.0	5176.844703197479
180	0.8762769	0.12022503	1.2595875	0.5555515	1.5346446	-0.49325597	13.810976	0.94212586	0.25527924	1.5163759	-0.5959872	5792000	8.724863e-05	0.0628069	0.0086801555	-0.012131838	-0.022509225	0.81625736	0.00746861	0.07959375	79.0	5206.033992290497
181	0.8265523	0.16659778	1.1742657	0.6387942	1.6004715	-0.65648097	13.298495	0.9353385	0.26896757	1.6196232	-0.57351357	5824000	0.00014783209	0.081401095	0.008684594	-0.015139886	-0.036488377	0.81625813	0.008988289	0.09371875	79.0	5235.131227493286
182	0.87107754	0.12209505	1.2466072	0.5761743	1.608051	-0.50759685	13.505102	0.9257942	0.28725776	1.6412884	-0.6018718	5856000	-0.00020518154	0.07701735	0.008529039	-0.013454115	-0.036098223	0.80279243	0.007939226	0.0865625	79.0	5264.247549533844
183	0.86492926	0.12805018	1.2300813	0.583322	1.5309637	-0.6222079	13.821864	0.9417279	0.26538965	1.5654364	-0.45216876	5888000	-0.00013031345	0.06320894	0.008512153	-0.013087696	-0.02236573	0.79995346	0.0060211	0.0836875	79.0	5293.363172531128
184	0.9265958	0.06620885	1.3396224	0.44099155	1.5314484	-0.6184357	14.267025	0.9618359	0.23889658	1.9121578	-0.32011002	5920000	0.00016639894	0.053962287	0.008240733	-0.013156946	-0.018785182	0.7754671	0.008962227	0.08671875	79.0	5322.487649679184
185	0.9196849	0.07857901	1.3363605	0.44791326	1.5330032	-0.410736	13.941331	0.9989177	0.18738368	1.623673	-0.19903454	5952000	5.046837e-05	0.053040393	0.008307796	-0.011754595	-0.02085893	0.7783724	0.008358187	0.078	79.0	5351.577540636063
186	0.87544006	0.12455995	1.2544452	0.5701655	1.5403553	-0.46310785	13.576365	0.9690373	0.22622508	1.615645	-0.5661029	5984000	-6.0085207e-05	0.06418348	0.008523174	-0.013043483	-0.024724256	0.79899204	0.007943245	0.08959375	79.0	5380.721084833145
187	0.8814294	0.10964133	1.2675999	0.53904074	1.5325	-0.7171802	14.026991	0.9380509	0.28086305	1.5598766	-1.1472658	6016000	-0.0001174584	0.06885417	0.008787686	-0.01349466	-0.0338187	0.82360744	0.006844673	0.0744375	79.0	5409.831506967545
188	0.84541285	0.15116252	1.2100594	0.6029947	1.6075	-0.5126614	13.339496	0.9366699	0.26249138	1.6249075	-0.5080791	6048000	3.054738e-07	0.07531371	0.008514494	-0.013269328	-0.029474445	0.79871225	0.008887326	0.08534375	79.0	5438.916612148285
189	0.8661441	0.1251468	1.2418976	0.57822084	1.6	-0.45788282	13.49618	0.9421743	0.26193714	1.5897278	-0.44111356	6080000	-6.123399e-05	0.07683137	0.00847814	-0.013115892	-0.031100396	0.7932781	0.00739439	0.07484375	79.0	5468.277234554291
190	0.8817785	0.11296287	1.2602863	0.5523265	1.5300258	-0.46106678	13.784662	0.9308382	0.27479395	1.7285489	-0.58039594	6112000	0.0002958132	0.05233273	0.008372074	-0.012825538	-0.02119998	0.78754175	0.0062810043	0.075875	79.0	5497.487525701523
191	0.900513	0.09399894	1.3009616	0.4967256	1.5350258	-0.5173336	13.90472	0.97601205	0.21668196	1.6156697	-0.6213308	6144000	-0.0001483718	0.06392539	0.008195497	-0.012530663	-0.020192022	0.76954275	0.008336295	0.083531246	79.0	5526.649259328842
192	0.89437234	0.10386706	1.2940294	0.5132671	1.531442	-0.40323228	13.573077	0.9876311	0.21548605	1.5374371	-0.50719225	6176000	4.303502e-05	0.066425934	0.008270685	-0.014099596	-0.025629932	0.770814	0.008106134	0.0938125	79.0	5555.798372030258
193	0.88500524	0.11147367	1.2757956	0.54175436	1.5343814	-0.4287052	13.617925	0.96240807	0.23431069	1.6359453	-0.6580178	6208000	6.8562105e-05	0.05806979	0.008467422	-0.0137918545	-0.022556115	0.7920874	0.008363135	0.09396875	79.0	5584.956737279892
194	0.84286475	0.15368682	1.2026998	0.6088684	1.5659374	-0.38192427	13.445854	0.9250038	0.29226613	1.5275568	-0.5759512	6240000	4.6626665e-05	0.06651361	0.008731208	-0.012898183	-0.027597649	0.8193214	0.005754785	0.08309375	79.0	5614.097858428955
195	0.8656002	0.12921391	1.2413347	0.57949525	1.6	-0.50044584	13.550768	0.9333785	0.26560938	1.527455	-0.5334949	6272000	7.4118376e-05	0.08105091	0.008425973	-0.014751498	-0.03622041	0.78633916	0.008474773	0.0843125	79.0	5643.2621467113495
196	0.86349314	0.12260997	1.2412997	0.577045	1.6029005	-0.40814084	13.539316	0.94296974	0.26061887	1.8314611	-0.42714182	6304000	0.00011835247	0.08115107	0.0085331965	-0.014610316	-0.039930295	0.79472	0.008372886	0.0973125	79.0	5672.452469825745
197	0.8871126	0.09851673	1.2762694	0.525972	1.5322655	-0.4407951	14.018993	0.9442969	0.2479999	1.4971119	-0.4179784	6336000	6.9746748e-06	0.07027234	0.0082733175	-0.014377913	-0.025891583	0.7745078	0.007163327	0.08809375	79.0	5701.740610599518
198	0.9165281	0.078085944	1.3286507	0.46732134	1.5257174	-0.48946634	13.919002	0.972352	0.20896582	1.6100571	-0.53174716	6368000	8.497387e-06	0.06273508	0.008066563	-0.012866532	-0.021401621	0.75463784	0.006898145	0.082625	79.0	5730.837939500809
199	0.90291786	0.09708217	1.3016293	0.51638573	1.5388308	-0.44178417	13.60641	0.9947385	0.20054919	1.8309578	-0.4259495	6400000	-0.00023757573	0.050687447	0.008242086	-0.012186948	-0.018770857	0.76857996	0.007395476	0.08490625	79.0	5759.9388308525085
200	0.8846538	0.11018409	1.2745755	0.5454876	1.5354716	-0.42673895	13.689119	0.96953905	0.24529965	1.5956059	-0.43926445	6432000	3.9998442e-05	0.06345335	0.008292347	-0.012865358	-0.025919314	0.7745563	0.0061685387	0.07781249	79.0	5789.030839443207
201	0.7960104	0.17661957	1.1333724	0.6623688	1.6	-0.45615774	13.535775	0.8949785	0.31638667	1.5295006	-0.54907334	6464000	-9.1665424e-05	0.090634674	0.0086955195	-0.013017827	-0.036669035	0.80859584	0.008681109	0.08171875	79.0	5818.149753332138
202	0.884583	0.11368093	1.2737381	0.5495741	1.6029005	-0.44128937	13.318792	0.9158268	0.26320827	1.6040525	-0.50912815	6496000	0.00013795123	0.06642971	0.008067071	-0.012811468	-0.028162513	0.7542353	0.006643246	0.078593746	79.0	5847.291762590408
203	0.87464786	0.120280184	1.2525171	0.5642918	1.6031593	-0.40308937	13.52598	0.9530557	0.2710234	1.5886235	-0.49754167	6528000	-0.00010260148	0.06095554	0.0082042515	-0.013694162	-0.023382224	0.76539874	0.0074862465	0.08375	79.0	5876.4061160087585
204	0.9254558	0.06910716	1.3400813	0.44203976	1.5303553	-0.5352878	14.158646	0.9753675	0.21037228	1.5404274	-0.40199527	6560000	0.00011555012	0.05775796	0.008059751	-0.014901681	-0.023398528	0.75250506	0.008372467	0.08446875	79.0	5905.565430641174
205	0.89754844	0.090073854	1.2973149	0.50653505	1.5404716	-1.002465	14.033628	0.9783267	0.1944611	1.6780992	-0.4580654	6592000	0.00016758312	0.08454123	0.008339812	-0.0130074	-0.035134234	0.77540004	0.0070068063	0.080875	79.0	5934.9366245269775
206	0.8813572	0.11186227	1.2719334	0.5512821	1.5300258	-0.46868524	13.47161	0.95842326	0.22705099	1.5377781	-0.29406005	6624000	-4.9575698e-05	0.06647992	0.008310817	-0.013894347	-0.024702761	0.7720635	0.007650592	0.08059375	79.0	5964.178323507309
207	0.8869608	0.106118545	1.2822363	0.53420603	1.5400258	-0.5491057	13.621147	0.95019394	0.2622853	1.5438173	-0.5512677	6656000	7.721502e-05	0.05506502	0.00829502	-0.012937339	-0.021955872	0.77470994	0.008261319	0.086906254	79.0	5993.441998004913
208	0.8313364	0.1601615	1.1857982	0.63368267	1.6	-0.4959605	13.173173	0.91878337	0.29996434	1.663644	-0.6396821	6688000	-0.000109556364	0.076764405	0.0083093755	-0.012789079	-0.038851388	0.7742902	0.008178699	0.086312495	79.0	6022.561933755875
209	0.86215246	0.13275625	1.2382041	0.5889726	1.6075	-0.5197805	13.22421	0.9451099	0.26146695	1.6297443	-0.48012123	6720000	-4.3992943e-05	0.08539498	0.008186578	-0.01298794	-0.033875547	0.75950783	0.007276991	0.07671875	79.0	6051.6854021549225
210	0.85571843	0.14246997	1.2196287	0.6022451	1.5282695	-0.42754847	13.322027	0.9481616	0.25942877	1.5951142	-0.45547345	6752000	5.618157e-05	0.069625326	0.008098511	-0.013200341	-0.032869555	0.75621784	0.005943184	0.07825	79.0	6080.862642526627
211	0.91041577	0.084277436	1.3128159	0.48864967	1.5285133	-0.6554757	14.064487	0.9612172	0.2503885	1.6462276	-0.48669785	6784000	-9.091012e-05	0.07221584	0.007941268	-0.012782365	-0.029508954	0.74210536	0.0068968977	0.07987501	79.0	6110.088305711746
212	0.9276217	0.07237825	1.3512903	0.43492678	1.5300258	-0.6453933	13.746107	0.971604	0.2265733	1.6178834	-0.4608872	6816000	-3.8086437e-05	0.06175679	0.008062774	-0.01282886	-0.029360775	0.7494685	0.0074575995	0.07225	79.0	6139.197167634964
213	0.9092636	0.08537924	1.3148057	0.4971145	1.5353448	-0.52000177	13.67599	0.97559327	0.22735685	1.5302062	-0.35623163	6848000	3.8374215e-05	0.05085276	0.00821708	-0.01309263	-0.022713752	0.76243854	0.0075201923	0.0753125	79.0	6168.38458943367
214	0.87466127	0.12360264	1.2587916	0.5591585	1.6075	-0.69655603	13.491936	0.9643371	0.25250554	1.5381818	-0.56387985	6880000	0.00018632505	0.059511803	0.0081464145	-0.011850678	-0.02235858	0.75748533	0.005966558	0.08	79.0	6197.616888523102
215	0.85258144	0.1406149	1.2257317	0.5964298	1.6075	-0.46348795	13.159204	0.95401406	0.2610846	1.5510167	-0.5235515	6912000	6.968528e-05	0.06402652	0.00805798	-0.013990458	-0.02998873	0.74955213	0.0065156547	0.07940625	79.0	6226.754316568375
216	0.86631894	0.12861288	1.2488401	0.5750514	1.6053554	-0.41426778	13.153306	0.95673925	0.26963872	1.6329267	-0.43738273	6944000	0.0001993198	0.077106126	0.007917294	-0.014853255	-0.040267058	0.735685	0.008332046	0.094593756	79.0	6256.108873128891
217	0.8858774	0.11064775	1.2712297	0.5441895	1.52977	-0.7003877	13.699656	0.96176624	0.25595257	1.5503416	-0.60490537	6976000	6.81933e-05	0.066035576	0.007884348	-0.011920737	-0.025775356	0.73051023	0.0063498938	0.0719375	79.0	6285.216224908829
218	0.9301442	0.06457346	1.3504448	0.43737137	1.5326777	-0.63322157	13.927758	0.97251993	0.22256988	1.5595642	-0.436944	7008000	-1.9537285e-05	0.051048517	0.0077427644	-0.013461463	-0.01874182	0.7216564	0.00753768	0.08540625	79.0	6314.532963275909
219	0.8968771	0.09791251	1.2965573	0.52241224	1.5289774	-0.8052532	13.554607	0.99461764	0.20918296	1.5621814	-0.57106256	7040000	0.00026293285	0.0733684	0.007936521	-0.015576341	-0.031093072	0.73538274	0.009095844	0.09253125	79.0	6343.797785758972
220	0.8919644	0.091985025	1.2956494	0.5173913	1.5404716	-0.44474486	13.836522	0.9356354	0.26448423	1.5351318	-0.47599965	7072000	4.054187e-05	0.076148584	0.008146474	-0.014734548	-0.036944833	0.751674	0.007048836	0.0846875	79.0	6372.956818819046
221	0.8604864	0.12554605	1.2371346	0.5719296	1.5659374	-0.60277545	13.739187	0.9209484	0.286505	1.6391826	-0.43619618	7104000	-0.0002680458	0.08440067	0.008226135	-0.013879428	-0.0426749	0.7604797	0.008059783	0.084750004	79.0	6401.974392652512
222	0.8826123	0.112203136	1.273843	0.5422021	1.6	-0.52311397	13.529863	0.9477793	0.25272378	1.5131619	-0.5165518	7136000	2.2759661e-05	0.062755555	0.007931027	-0.0130709205	-0.023406476	0.7322314	0.0074300934	0.078187495	79.0	6431.3838493824005
223	0.8776804	0.118941225	1.266	0.5496874	1.608051	-0.44682977	13.371009	0.96350724	0.24494745	1.6500257	-0.6853545	7168000	8.06842e-05	0.05631067	0.007960429	-0.01319371	-0.016247705	0.73712814	0.007168422	0.08778125	79.0	6460.851066112518
224	0.89588904	0.08950083	1.2905284	0.52145314	1.5379468	-0.734265	14.131462	0.9739336	0.22065932	1.5222745	-0.5225542	7200000	-3.0551106e-05	0.07928312	0.0079090595	-0.016170673	-0.041459545	0.72803855	0.010020517	0.090375	79.0	6489.982211589813
225	0.91470027	0.08172761	1.3287759	0.46798646	1.5288383	-0.7369126	13.814024	0.95984495	0.22413185	1.5978653	-0.29871514	7232000	2.9646326e-05	0.061958443	0.007776618	-0.011957298	-0.021055156	0.7199474	0.0075167753	0.08384375	79.0	6519.32554769516
226	0.9240338	0.07596621	1.3371037	0.46253005	1.5370964	-0.6707914	13.819131	0.9841651	0.20970379	1.5611731	-0.31325707	7264000	-1.2092292e-05	0.047534455	0.008130996	-0.0134593975	-0.01984632	0.7482711	0.008782805	0.08590625	79.0	6548.428148508072
227	0.892673	0.10218558	1.2856317	0.5361966	1.5403553	-0.53595054	13.624785	0.97911066	0.22786832	1.560473	-0.4707133	7296000	3.629923e-05	0.061878216	0.008088406	-0.013804371	-0.021206874	0.7475747	0.008045259	0.084031254	79.0	6577.749178409576
228	0.8511609	0.13842043	1.2194568	0.6033679	1.6	-0.55954134	13.486418	0.93567425	0.26005217	1.5805243	-0.43669912	7328000	0.00020517502	0.07213798	0.008189946	-0.0144142145	-0.032124426	0.7574276	0.008969128	0.0843125	79.0	6606.874085664749
229	0.8816972	0.11152105	1.2690543	0.5513841	1.6075	-0.5102258	13.450507	0.9423182	0.27430224	1.6251736	-0.5652248	7360000	-6.4577907e-06	0.06955442	0.0080215745	-0.013412807	-0.026023136	0.73991746	0.008080119	0.08828125	79.0	6635.959633350372
230	0.85200036	0.14459051	1.2175645	0.60233223	1.6029005	-0.57770365	13.247504	0.9475969	0.27030337	1.5681417	-0.58253133	7392000	8.225767e-05	0.06619924	0.008073194	-0.014640263	-0.027498784	0.7467047	0.0066484567	0.095968746	79.0	6665.022086858749
231	0.9147711	0.07259358	1.3234912	0.48087016	1.5393814	-0.7713232	14.181697	0.95738584	0.2686479	1.5297897	-0.51257414	7424000	0.000110868365	0.05806434	0.007846169	-0.0130501725	-0.027020339	0.7248616	0.00695577	0.07734375	79.0	6694.436390161514
232	0.9180147	0.0693728	1.3331344	0.4578303	1.5393814	-0.7127316	14.16771	0.9431932	0.26045653	1.5479715	-0.48725754	7456000	-0.00017711427	0.07540644	0.007980457	-0.012914175	-0.031646058	0.72984403	0.0074627795	0.08184375	79.0	6723.661870718002
233	0.90917027	0.08728207	1.3162318	0.4872184	1.5400258	-0.5647312	13.733161	0.96281177	0.2206657	1.657758	-0.37327367	7488000	0.00014292402	0.057268962	0.008179836	-0.012195217	-0.025750747	0.7518331	0.0073537417	0.07990625	79.0	6752.9495215415955
234	0.9068068	0.089646876	1.3137374	0.49247733	1.5459636	-0.43531203	13.74827	0.96905077	0.23959962	1.6329637	-0.50398856	7520000	-4.2720872e-05	0.041052442	0.007893938	-0.013170887	-0.020557629	0.72867167	0.009265719	0.08728125	79.0	6782.066771507263
235	0.87249833	0.11886801	1.2540487	0.56758964	1.6	-0.5348758	13.521295	0.9485533	0.2647973	1.5783277	-0.44463393	7552000	-0.00012434553	0.062842354	0.008082578	-0.013122228	-0.027789773	0.7440878	0.007742553	0.09025	79.0	6811.266849994659
236	0.8887896	0.10780887	1.2815253	0.53963625	1.6081593	-0.41500688	13.282917	0.9487193	0.25595146	1.465174	-0.5008254	7584000	-0.00024231523	0.05987412	0.007861219	-0.014055768	-0.023204837	0.7209792	0.008674858	0.09215625	79.0	6840.4646582603455
237	0.8710238	0.1185786	1.2503092	0.569253	1.6029005	-0.46934453	13.4983	0.95440745	0.26253894	1.582926	-0.5483461	7616000	3.2423995e-05	0.064521104	0.007983841	-0.013911098	-0.033159703	0.73586124	0.008479541	0.08478125	79.0	6869.683721065521
238	0.90068156	0.08329216	1.3021631	0.51144546	1.5231228	-0.7998215	14.088209	0.94412863	0.27651075	1.5156524	-0.4859135	7648000	7.865392e-05	0.05938874	0.0078259	-0.012496989	-0.025843378	0.7246493	0.0064910394	0.07803125	79.0	6898.910923719406
239	0.90589345	0.09229498	1.3151147	0.49816293	1.5343064	-0.75681686	13.574059	0.9572396	0.25422686	1.731531	-0.7123427	7680000	0.00016500149	0.062376212	0.007681	-0.011060913	-0.026364349	0.70277995	0.0070124436	0.07653125	79.0	6928.091718673706
240	0.9199141	0.07487687	1.3348904	0.4643634	1.5357798	-0.4599249	13.800087	0.9770176	0.22005196	1.7829698	-0.45534766	7712000	0.00035667233	0.04632659	0.007946994	-0.013350181	-0.0227069	0.7311754	0.008895474	0.083937496	79.0	6957.317872047424
241	0.9025831	0.09741694	1.308384	0.4946014	1.5425	-0.4007384	13.595463	0.96572095	0.24621655	1.6995088	-0.4535683	7744000	1.5254598e-05	0.038650356	0.0077373246	-0.012906766	-0.019520681	0.7110025	0.0072029475	0.08178125	79.0	6986.487126111984
242	0.8798411	0.11335592	1.2682961	0.5512593	1.6075	-0.5401419	13.449661	0.9721688	0.2350727	1.7559483	-0.4080961	7776000	0.000120641664	0.0605397	0.0077943616	-0.014059734	-0.024436401	0.7150868	0.00610858	0.0843125	79.0	7015.6427183151245
243	0.89745355	0.09912181	1.2955322	0.524483	1.6029005	-0.5060393	13.3798485	0.9655288	0.25565922	1.5610049	-0.52512985	7808000	-9.569712e-05	0.05124253	0.0076724235	-0.012838429	-0.019988745	0.70471466	0.007317532	0.0788125	79.0	7044.838168621063
244	0.8837252	0.10753925	1.2725016	0.5421392	1.6029005	-0.41367337	13.600343	0.9527662	0.2741797	1.5322754	-0.5476662	7840000	0.00021672435	0.056838024	0.007617915	-0.013122534	-0.025807852	0.6994005	0.006364325	0.07596876	79.0	7073.953421592712
245	0.9181601	0.06745	1.3365381	0.45092726	1.5350258	-0.45447877	14.141014	0.95189565	0.25869462	1.648902	-0.5625591	7872000	3.2056123e-05	0.0679898	0.00755886	-0.012341104	-0.035211995	0.69747585	0.0057099536	0.07378125	79.0	7103.07648229599
246	0.9244012	0.07205249	1.3470964	0.4456666	1.5386447	-0.7575643	13.735319	0.99911845	0.20345083	1.6672367	-0.7173479	7904000	0.00014937297	0.049249172	0.007542293	-0.01208597	-0.018863305	0.69474185	0.0069176685	0.07959375	79.0	7132.1724236011505
247	0.89122593	0.10703792	1.2885945	0.53207207	1.5810276	-0.43240803	13.30453	0.9868594	0.22030705	1.6236023	-0.59453297	7936000	0.00016874075	0.04824611	0.007541068	-0.012103206	-0.017270006	0.69608283	0.00733139	0.0740625	79.0	7161.544261217117
248	0.8732146	0.123288706	1.2588096	0.5538571	1.6	-0.4443285	13.436125	0.9515461	0.26500717	1.4730415	-0.45390022	7968000	3.254041e-05	0.05005425	0.00765959	-0.012682624	-0.019585805	0.7058972	0.0068248324	0.0789375	79.0	7190.6775279045105
249	0.8741374	0.124150276	1.2565624	0.5686418	1.6075	-0.44634366	13.178987	0.9670048	0.24476407	1.655839	-0.49679616	8000000	0.00021993276	0.05403583	0.0075100167	-0.014260925	-0.02191547	0.69140935	0.0073354114	0.083937496	79.0	7219.853808164597
250	0.87592703	0.120671466	1.265291	0.5591728	1.6075	-0.4335985	13.144868	0.96565276	0.25300077	1.5147699	-0.6190432	8032000	-3.7015416e-05	0.052925635	0.007456268	-0.012878943	-0.018371724	0.6864347	0.005955805	0.0836875	79.0	7248.948411226273
251	0.8947118	0.08953754	1.2954109	0.5144186	1.6	-0.45149508	13.772531	0.9575822	0.2717172	1.5966389	-0.65734845	8064000	1.915358e-05	0.059256755	0.007498765	-0.013252677	-0.02726315	0.6900716	0.008519726	0.0805625	79.0	7278.1211087703705
252	0.9082176	0.07909453	1.316614	0.4881075	1.5350832	-0.7825554	13.873689	0.95581585	0.2569916	1.7019506	-0.46466765	8096000	-2.1894462e-05	0.055145793	0.007576541	-0.012992982	-0.020593258	0.6978861	0.006779317	0.081625	79.0	7307.158176183701
253	0.9172404	0.082759574	1.3337121	0.47650912	1.5398223	-0.44251886	13.418781	0.9885077	0.21120173	1.4884723	-0.36875314	8128000	0.00020693988	0.04475039	0.007584339	-0.013028577	-0.019644106	0.6968058	0.007067606	0.0806875	79.0	7336.568919658661
254	0.90425855	0.0940291	1.3118832	0.50000185	1.5425	-0.43736124	13.580908	0.9912851	0.23471254	1.6085418	-0.66388875	8160000	6.8322755e-05	0.05096621	0.00758967	-0.012858884	-0.021433651	0.69892204	0.0073108333	0.08684375	79.0	7365.693286180496
255	0.87034893	0.12279981	1.2588613	0.5555401	1.6	-0.40787873	13.389123	0.94321597	0.2719624	1.6213288	-0.53937083	8192000	-2.4095643e-05	0.056663267	0.0076568406	-0.013135785	-0.026535824	0.70535076	0.006524671	0.0833125	79.0	7394.848374843597
256	0.8911298	0.107134104	1.2840912	0.54204196	1.6075	-0.5312656	13.3457985	0.9633527	0.24004008	1.5832726	-0.51485634	8224000	0.00023139827	0.05900672	0.0075537823	-0.014404361	-0.022767905	0.6944691	0.009398775	0.088968754	79.0	7423.996438264847
257	0.8865831	0.10996453	1.2780408	0.53985965	1.6076777	-0.453538	13.387205	0.95807534	0.2719511	1.6067889	-0.58126354	8256000	4.424248e-05	0.05163194	0.007522166	-0.01323583	-0.019599043	0.690001	0.0065001138	0.0801875	79.0	7453.230075836182
258	0.91008127	0.07934847	1.3193178	0.47649333	1.5376066	-0.45666134	13.887675	0.97145295	0.25184676	1.5772831	-0.5005103	8288000	-1.9832514e-05	0.051837325	0.0073849913	-0.013151073	-0.019348875	0.6776937	0.0065887636	0.0726875	79.0	7482.454916238785
259	0.9176423	0.07712356	1.3384583	0.4584915	1.5398223	-0.47293815	13.676724	0.9816807	0.20530425	1.5883107	-0.50235933	8320000	0.00020537665	0.06123423	0.0074317046	-0.012364063	-0.021779854	0.6794667	0.007214509	0.08075	79.0	7511.689130783081
260	0.91414803	0.08585197	1.3299359	0.47487363	1.5341812	-0.39258462	13.41286	0.9885404	0.21295756	1.4717461	-0.39066437	8352000	0.0001338562	0.044954218	0.007457612	-0.012286986	-0.016665904	0.68356866	0.008016728	0.08871876	79.0	7540.986198425293
261	0.88943654	0.10882737	1.2839469	0.5417881	1.5454715	-0.466161	13.364285	0.96737427	0.2528362	1.4962202	-0.481248	8384000	-7.622875e-05	0.053509694	0.0073819943	-0.012181016	-0.026055263	0.6786537	0.008267106	0.073374994	79.0	7570.056135892868
262	0.86335176	0.13164765	1.2431854	0.57924235	1.6	-0.573332	13.164463	0.95175433	0.27960274	1.5051631	-0.78481734	8416000	0.00021107309	0.060484447	0.0073908893	-0.013867434	-0.024916133	0.6771313	0.010002799	0.09121875	79.0	7599.192786216736
263	0.8835371	0.10963674	1.2773479	0.55205584	1.6029005	-0.56216675	13.21625	0.95705414	0.2531453	1.4798523	-0.6498144	8448000	0.00020299759	0.069138855	0.0074207196	-0.014094431	-0.028666709	0.6748862	0.007926908	0.082906246	79.0	7628.461674928665
264	0.8699975	0.12303151	1.2511396	0.5658474	1.6	-0.4186854	13.327181	0.94929624	0.26205456	1.5737351	-0.53683937	8480000	-1.1981465e-05	0.060537025	0.0073844665	-0.014493756	-0.022669952	0.6746068	0.0065321233	0.08140625	79.0	7657.790460348129
265	0.92803574	0.059511036	1.3535289	0.4277798	1.5340186	-0.45882154	13.94386	0.97367346	0.22376175	1.5617628	-0.43689984	8512000	0.00018310174	0.06326291	0.0072157206	-0.0133132	-0.025205242	0.661901	0.006936085	0.080875	79.0	7687.032326698303
266	0.90116394	0.09374295	1.3202947	0.4785497	1.5404556	-0.6529323	13.393339	0.99227285	0.19162734	1.457973	-0.17219606	8544000	-8.334033e-05	0.0626823	0.0070727034	-0.013377452	-0.027282111	0.6435738	0.0076426137	0.0795625	79.0	7716.302641153336
267	0.9053026	0.08953333	1.3130895	0.5053974	1.5450258	-0.48425803	13.479238	0.98007965	0.2332184	1.6479989	-0.41453472	8576000	6.857421e-05	0.054517843	0.007293746	-0.013046205	-0.025205262	0.6698435	0.0065111155	0.07940625	79.0	7745.461814403534
268	0.86290884	0.12852827	1.2475437	0.56942225	1.6	-0.45542923	13.318908	0.95889246	0.25326112	1.5621966	-0.41140944	8608000	-2.0236708e-05	0.065345675	0.007460161	-0.0139903445	-0.026489524	0.680852	0.008717889	0.0878125	79.0	7774.665765762329
269	0.8682005	0.12844369	1.2469385	0.579531	1.6	-0.70237964	13.285893	0.94582415	0.2600569	1.5195748	-0.55232775	8640000	-0.000104083214	0.06684548	0.007499696	-0.013513207	-0.023628704	0.67957455	0.008312332	0.081625	79.0	7803.862331867218
270	0.8639559	0.12433177	1.2493585	0.57703644	1.6081593	-0.8940706	13.18325	0.9444087	0.27172038	1.5084015	-0.5883283	8672000	0.00022727624	0.08193138	0.0072078225	-0.0136564765	-0.030336514	0.6547463	0.007864954	0.0808125	79.0	7833.190309286118
271	0.89538014	0.09060381	1.2996641	0.50839263	1.6	-0.43215007	13.677587	0.9535635	0.253744	1.5993865	-0.5018909	8704000	-4.6792906e-05	0.063863985	0.007301198	-0.012507668	-0.029553767	0.665867	0.0062793912	0.072718754	79.0	7862.453204154968
272	0.9449726	0.04420518	1.3828669	0.37978533	1.5443814	-0.4942056	14.045937	0.95971626	0.2368654	1.5943518	-0.35504398	8736000	2.785027e-05	0.05633495	0.00721677	-0.013356399	-0.02274324	0.66112673	0.007984268	0.08390625	79.0	7891.647484064102
273	0.9081564	0.09017694	1.3250515	0.48515782	1.5376776	-0.5044204	13.308724	0.9997041	0.17523825	1.5181139	-0.117073104	8768000	0.0005216589	0.051052116	0.007166451	-0.012846803	-0.02283518	0.65047497	0.0055490523	0.08159375	79.0	7920.924570798874
274	0.87390244	0.11944988	1.2631379	0.56640655	1.5454715	-0.46133175	13.254576	0.9787601	0.24067926	1.5261005	-0.67557126	8800000	0.000101812184	0.06895766	0.0072571887	-0.013668136	-0.028748486	0.66009283	0.0082127685	0.08309375	79.0	7950.065954446793
275	0.8688841	0.12947118	1.2508672	0.5779585	1.6	-0.683379	13.214227	0.9343216	0.27385813	1.4919752	-0.5769364	8832000	-3.875792e-05	0.06382087	0.0073097395	-0.013139924	-0.03069811	0.665455	0.0072632716	0.08234375	79.0	7979.224123001099
276	0.90705913	0.09294085	1.3126508	0.5176847	1.6075	-0.63441885	13.232945	0.95290464	0.26699838	1.6211817	-0.5653484	8864000	2.9802322e-06	0.047465533	0.0070139	-0.012196632	-0.018346634	0.6382366	0.0066093947	0.0771875	79.0	8008.496013879776
277	0.8561829	0.13550162	1.2337604	0.5886247	1.6081593	-0.5377284	13.146937	0.9788665	0.23996814	1.5361626	-0.40500745	8896000	0.00018113758	0.070685565	0.007307405	-0.0140376855	-0.02930561	0.6625153	0.0071602385	0.0823125	79.0	8037.787237644196
278	0.9186679	0.06514752	1.3342079	0.45378667	1.546737	-0.4367797	14.06794	0.9510454	0.24243276	1.4349115	-0.5912511	8928000	-9.279675e-05	0.06131338	0.0072686374	-0.013974702	-0.026709668	0.65887254	0.009145066	0.088625	79.0	8067.094444274902
279	0.9392433	0.055449866	1.3747524	0.38827536	1.5357908	-0.36879057	13.883305	0.97744673	0.20685741	1.5590485	-0.28530833	8960000	-9.586103e-06	0.054401357	0.007194698	-0.012701428	-0.02283438	0.65125966	0.009424996	0.083624996	79.0	8096.263052225113
280	0.8950987	0.10323464	1.2981691	0.5293151	1.5425	-0.95702237	13.253762	0.99641055	0.19707029	1.46715	-0.38565728	8992000	4.263781e-05	0.05826967	0.0072766133	-0.012940202	-0.027321003	0.6642924	0.007522747	0.082187496	79.0	8125.380886077881
281	0.8902054	0.1047033	1.290076	0.5301015	1.5450258	-0.41122508	13.441201	0.9745846	0.24505486	1.5013207	-0.46554905	9024000	-0.000105643645	0.04911723	0.0072430978	-0.013902083	-0.021237113	0.65844953	0.006993215	0.08993751	79.0	8154.834219932556
282	0.8893697	0.10373211	1.2903161	0.5202619	1.6	-0.65450704	13.524702	0.94818515	0.27128828	1.5437564	-0.5317383	9056000	6.914884e-05	0.053954206	0.0074119903	-0.012745992	-0.024913397	0.66940224	0.007180321	0.084468745	79.0	8183.972774982452
283	0.88353646	0.1063942	1.277678	0.553081	1.6081593	-0.82174295	13.232529	0.9646046	0.25437498	1.6864787	-0.6332568	9088000	3.8987026e-05	0.06854174	0.0070420043	-0.013556564	-0.030435441	0.6378541	0.0076348074	0.079875	79.0	8213.124273061752
284	0.8721782	0.11913858	1.2572347	0.55952364	1.6	-0.38697967	13.356302	0.948817	0.26091972	1.650975	-0.39042297	9120000	-6.687641e-05	0.06347224	0.0072018034	-0.014663482	-0.02713425	0.6539931	0.0063675027	0.088062495	79.0	8242.198399543762
285	0.90427864	0.07969397	1.3172084	0.4820106	1.5367256	-0.4793348	13.818815	0.96869576	0.22111157	1.5555247	-0.55930126	9152000	3.3804215e-05	0.07217839	0.00710548	-0.013004808	-0.02746369	0.649022	0.0069728475	0.079281256	79.0	8271.27540063858
286	0.9233231	0.07146661	1.3532563	0.43841678	1.5382391	-0.86260575	13.5477	0.97437286	0.20684385	1.5238864	-0.24291177	9184000	0.00013272837	0.05614314	0.0070492798	-0.012316916	-0.02618346	0.6376452	0.0067630284	0.07390625	79.0	8300.42473912239
287	0.8898337	0.098270744	1.2905744	0.5269671	1.5395796	-0.46776098	13.455857	0.9761532	0.25726548	1.7025931	-0.47264108	9216000	0.00015379488	0.057806816	0.007314525	-0.014918445	-0.023227548	0.6628366	0.007882331	0.087312505	79.0	8329.568860054016
288	0.85145926	0.13497242	1.2302587	0.59483176	1.5400258	-0.43194565	13.278428	0.95129627	0.26138377	1.5454795	-0.48016146	9248000	-2.8332695e-05	0.0783027	0.0073286616	-0.015264438	-0.03733927	0.6604545	0.0074814763	0.082781255	79.0	8358.912041425705
289	0.87618923	0.11683779	1.2619455	0.5731754	1.6	-0.8302432	13.3125	0.9318804	0.292967	1.5545049	-0.54322886	9280000	-0.00026614452	0.0660329	0.0073567517	-0.013277045	-0.030857967	0.6627474	0.007413762	0.083187506	79.0	8388.383033037186
290	0.88637495	0.11362508	1.2847531	0.5438574	1.6031593	-0.44944653	12.956362	0.9613544	0.25921553	1.6186576	-0.5102738	9312000	-0.00013186783	0.055248886	0.0068599293	-0.013349608	-0.022794059	0.6235075	0.0059860814	0.07575	79.0	8417.484361410141
291	0.8945879	0.09673019	1.2940109	0.51482624	1.5389466	-0.39122587	13.572952	0.9667263	0.25766793	1.750942	-0.6031627	9344000	3.0055642e-05	0.055057526	0.0069703474	-0.014375134	-0.022885473	0.63499844	0.007874529	0.083375	79.0	8446.569038391113
292	0.9310063	0.063660264	1.3592741	0.42329133	1.537441	-0.46673715	13.757799	0.986683	0.1929606	1.6271191	-0.37947077	9376000	0.00019227806	0.058469456	0.0069490056	-0.013815742	-0.020811172	0.6337834	0.008215257	0.08515625	79.0	8475.77373456955
293	0.93082905	0.060651775	1.361497	0.4354295	1.5443814	-0.5754996	13.570393	0.98285365	0.19426198	1.5311757	-0.37024996	9408000	0.00011307094	0.05411648	0.0070756013	-0.014201352	-0.025828507	0.6417027	0.007743569	0.0840625	79.0	8505.177936792374
294	0.8880378	0.10687084	1.2867006	0.53359735	1.5810276	-0.393471	13.314071	0.97206837	0.25317785	1.633789	-0.57367325	9440000	1.661852e-05	0.059143256	0.0070644137	-0.014154273	-0.025141953	0.6430619	0.0071326923	0.08440625	79.0	8534.431581735611
295	0.8956468	0.09551967	1.3005246	0.503936	1.6	-0.3843742	13.620498	0.95416003	0.2536462	1.714769	-0.45448554	9472000	0.0004971004	0.047247276	0.007120312	-0.015232706	-0.023694295	0.64468765	0.009044098	0.0873125	79.0	8563.579087972641
296	0.90349543	0.09650457	1.3103032	0.5106048	1.6029005	-0.47626573	13.243333	0.9729038	0.2376669	1.5964533	-0.42035854	9504000	-7.131137e-05	0.044820137	0.006916887	-0.012470828	-0.01581524	0.6259737	0.006927087	0.07453125	79.0	8592.732318162918
297	0.88697076	0.10969594	1.2867466	0.5385658	1.6	-0.47328073	13.232113	0.9793686	0.23564436	1.5826932	-0.5237777	9536000	-0.00031653512	0.05377314	0.006981074	-0.0136711495	-0.022202048	0.6335841	0.006514325	0.08653125	79.0	8622.00120973587
298	0.9152726	0.07946876	1.3287817	0.4715961	1.5415468	-0.5830487	13.794704	0.9611459	0.23806956	1.5784628	-0.42365763	9568000	0.0001885388	0.060209226	0.006930054	-0.013817331	-0.025704449	0.63023853	0.0072543146	0.08384375	79.0	8651.113745212555
299	0.94837475	0.048103392	1.3920029	0.36970392	1.5379006	-0.5209223	13.696551	0.9876057	0.20630452	1.5888262	-0.5449903	9600000	3.0682422e-05	0.04791127	0.0067867935	-0.012608237	-0.01948995	0.617048	0.007941667	0.0799375	79.0	8680.214344501495
300	0.89536464	0.09434749	1.2999204	0.5228825	1.5375	-0.47055975	13.353536	0.99685466	0.21362624	1.4140773	-0.40161875	9632000	-0.0001575984	0.0652716	0.0070553366	-0.013121206	-0.028084576	0.6376198	0.0060739606	0.0791875	79.0	8709.399596214294
301	0.8967003	0.0947136	1.303556	0.51600355	1.5810276	-0.45034483	13.485593	0.9596454	0.25643787	1.459087	-0.4922385	9664000	-3.9217528e-05	0.04989675	0.0069789	-0.01325348	-0.023044672	0.63246644	0.008088665	0.0813125	79.0	8738.584509849548
302	0.858245	0.13497508	1.2305312	0.5988471	1.6	-0.5651518	13.23125	0.95337194	0.27172786	1.6836435	-0.5107672	9696000	-1.6986392e-05	0.07126564	0.007257594	-0.016244385	-0.036685854	0.6563395	0.009657674	0.094	79.0	8767.67389369011
303	0.891495	0.10010413	1.2909747	0.537355	1.6	-0.9338178	13.275459	0.9573433	0.27290815	1.6321352	-0.5981264	9728000	-2.4281908e-05	0.065355256	0.006997103	-0.0143389255	-0.029281516	0.63336	0.0086447075	0.0884375	79.0	8796.77922654152
304	0.8713435	0.11152946	1.2612991	0.56129074	1.6	-0.45528954	13.486017	0.9561885	0.2673703	1.5711665	-0.4774513	9760000	0.00024037529	0.07638811	0.0072171395	-0.013315941	-0.036829676	0.65166163	0.008697565	0.0841875	79.0	8825.93641257286
305	0.9289569	0.06404562	1.3563098	0.43195412	1.5422657	-0.43712592	13.77	0.96683276	0.23279189	1.5354407	-0.36484042	9792000	-0.00033750478	0.04743068	0.0069253272	-0.012453565	-0.015932966	0.62735367	0.0061651035	0.07303125	79.0	8855.02798986435
306	0.9235898	0.07122492	1.352188	0.44242647	1.540254	-0.46924618	13.498727	0.9982302	0.19387229	1.5733736	-0.24581103	9824000	2.5862828e-05	0.053425986	0.0067977076	-0.012217224	-0.01786044	0.61317337	0.006591941	0.07240625	79.0	8884.164004087448
307	0.8785455	0.100731686	1.2812197	0.5377228	1.5810276	-0.46883413	13.553846	0.9653241	0.26009962	1.6217595	-0.42625624	9856000	0.00016614702	0.06972933	0.0071850917	-0.01287532	-0.02888858	0.6466363	0.008155559	0.088281244	79.0	8913.413979291916
308	0.8792412	0.1104366	1.2766031	0.5445384	1.5810276	-0.7069301	13.517858	0.92971987	0.2886248	1.5577999	-0.5541586	9888000	0.0001892671	0.056372866	0.007148273	-0.013140855	-0.03020957	0.6387929	0.007218398	0.07484375	79.0	8942.49074268341
309	0.89538616	0.09947622	1.299737	0.51308364	1.6	-0.51762193	13.399071	0.9526591	0.27661777	1.5439355	-0.71724343	9920000	-5.725259e-05	0.050065063	0.006982345	-0.012042852	-0.022072785	0.6302669	0.0071381293	0.080031246	79.0	8971.720299482346
310	0.89810884	0.09673037	1.3030809	0.51273483	1.6029005	-0.4049799	13.298995	0.9643521	0.2346538	1.5401322	-0.51917326	9952000	0.00026407372	0.056295138	0.0068329014	-0.014672367	-0.02401576	0.61702794	0.010698959	0.0884375	79.0	9000.887264966965
311	0.89655614	0.09657078	1.296491	0.5131623	1.6	-0.607061	13.7249565	0.969586	0.25518736	1.5232536	-0.7232425	9984000	0.00031592697	0.062452305	0.007008215	-0.014178755	-0.025642624	0.6324359	0.008841517	0.090718746	79.0	9030.080285549164
312	0.94222724	0.047155567	1.3748605	0.3983138	1.5436112	-0.7471426	13.984182	0.97714055	0.20034747	1.6155932	-0.36479628	10016000	0.000115981326	0.061437964	0.006927128	-0.015229138	-0.031294316	0.6207726	0.008361229	0.09084375	79.0	9059.565880060196
313	0.94961405	0.045050435	1.3935182	0.35948348	1.5810276	-0.42162436	13.791739	0.9984933	0.18506902	1.4417251	-0.3557826	10048000	-7.567182e-05	0.036382183	0.0068810517	-0.012643666	-0.017448291	0.6166516	0.008274979	0.08159375	79.0	9088.710341215134
314	0.9094645	0.08889073	1.3204651	0.4997024	1.5810276	-0.4745387	13.335714	0.9842052	0.22826406	1.573505	-0.5041663	10080000	-0.00037449226	0.04310347	0.0067589185	-0.011923308	-0.020974694	0.61048174	0.008002096	0.088687494	79.0	9117.86752462387
315	0.8802587	0.1043053	1.2823019	0.5277996	1.6	-0.47727257	13.585897	0.9749398	0.24985771	1.5660353	-0.45134544	10112000	0.00027719513	0.066385	0.0071321176	-0.014483671	-0.034557868	0.6385429	0.008032687	0.08021875	79.0	9147.060483932495
316	0.87106013	0.11713041	1.2606815	0.5628937	1.6	-0.5280468	13.293204	0.9654656	0.24743126	1.5311966	-0.50207746	10144000	0.00032479502	0.066985965	0.0072360225	-0.015369106	-0.021493357	0.6516797	0.01047376	0.093406245	79.0	9176.309121131897
317	0.8793206	0.11042484	1.274221	0.5531546	1.6076777	-0.4555124	13.279313	0.96047765	0.2462341	1.4992127	-0.5625154	10176000	-2.3194589e-05	0.067715876	0.006965529	-0.0137726795	-0.028591692	0.626303	0.007217477	0.08009375	79.0	9205.42821931839
318	0.9041044	0.08723687	1.311525	0.5025455	1.5431594	-0.5252018	13.61555	0.9485734	0.25068143	1.5454164	-0.4695103	10208000	-2.7947128e-05	0.05789213	0.006867841	-0.012597626	-0.023385584	0.6226646	0.006095507	0.0738125	79.0	9234.679523706436
319	0.9405524	0.04873327	1.3784448	0.39076698	1.5375	-0.6565031	13.906631	0.9740526	0.2338942	1.5884914	-0.39759383	10240000	8.128025e-05	0.04185861	0.006846086	-0.013066907	-0.016611055	0.6152872	0.006071663	0.0783125	79.0	9263.845212697983
320	0.9031651	0.08997874	1.3192161	0.48659733	1.5425	-0.433635	13.38931	0.9979353	0.19614577	1.5548217	-0.48452708	10272000	-7.581338e-05	0.058398932	0.006836267	-0.012565879	-0.021455187	0.6154218	0.0072666225	0.08171875	79.0	9293.040563344955
321	0.8912863	0.10370949	1.2918477	0.5271147	1.5810276	-0.42813736	13.338087	0.96104723	0.2602212	1.5205824	-0.6515168	10304000	-3.411062e-05	0.051320158	0.007075106	-0.013108199	-0.017619569	0.6395631	0.0069800727	0.0828125	79.0	9322.309068441391
322	0.88545084	0.10581907	1.2846303	0.5245621	1.6	-0.40822327	13.574059	0.9612371	0.2569609	1.6694928	-0.6356233	10336000	-0.0001274515	0.05063574	0.007278881	-0.013147479	-0.022230925	0.65618783	0.0075960266	0.086687505	79.0	9351.572945833206
323	0.90430593	0.09048374	1.313959	0.4978779	1.6	-0.43055838	13.36069	0.9629867	0.23729455	1.7043738	-0.58392996	10368000	-9.659305e-05	0.048540648	0.0069833472	-0.013164371	-0.022640107	0.62914336	0.007815246	0.08309375	79.0	9380.857795715332
324	0.889143	0.102293506	1.288788	0.53577185	1.6	-0.4676734	13.338926	0.96831954	0.25394428	1.5745816	-0.5579866	10400000	2.5931746e-05	0.06078675	0.0069619874	-0.013842362	-0.026671542	0.6295576	0.008377699	0.07753125	79.0	9410.101412534714
325	0.90060127	0.0889774	1.3103834	0.49042267	1.5419042	-0.40580946	13.680412	0.9465657	0.2627606	1.463218	-0.62410825	10432000	0.00019812398	0.058345743	0.006884063	-0.014895236	-0.023163348	0.6214943	0.008639617	0.090593755	79.0	9439.198766708374
326	0.93362546	0.064685315	1.3643427	0.42805445	1.5443814	-0.49764776	13.568804	0.9909792	0.19217676	1.644873	-0.55053705	10464000	0.00015813555	0.049557514	0.0068902355	-0.012780346	-0.019302506	0.6221412	0.00767708	0.0830625	79.0	9468.441261053085
327	0.89830494	0.100005865	1.3046064	0.51581407	1.589187	-0.43928307	13.267977	1.0019113	0.20986925	1.4958702	-0.5536057	10496000	9.3454495e-05	0.056428608	0.00712608	-0.013557177	-0.023857502	0.64333916	0.0077942135	0.0866875	79.0	9497.603723526001
328	0.9020415	0.090940684	1.3095654	0.5003315	1.5810276	-0.448698	13.560567	0.95510083	0.24952722	1.6071981	-0.5488727	10528000	0.00019651139	0.042293597	0.007286964	-0.013599221	-0.020304836	0.65712357	0.007411703	0.07753125	79.0	9526.891973018646
329	0.8889731	0.100657105	1.2873857	0.5249322	1.6	-0.43248317	13.601709	0.9631373	0.25546482	1.6432925	-0.52131796	10560000	-0.00034440588	0.05417958	0.0073277443	-0.013729898	-0.0248232	0.66418445	0.008803224	0.0896875	79.0	9555.997420072556
330	0.8924421	0.102534786	1.2919567	0.53373206	1.6029005	-0.8428723	13.185844	0.9763955	0.23427169	1.5984108	-0.51371825	10592000	0.0003122734	0.05900815	0.0069986475	-0.013955245	-0.0271956	0.6317271	0.006913634	0.08728125	79.0	9585.173061847687
331	0.8982095	0.098242804	1.2991915	0.5155552	1.6031593	-0.4060444	13.400506	0.9620177	0.2524472	1.5048143	-0.5510471	10624000	-6.802566e-05	0.0443158	0.0070165917	-0.015378768	-0.017658541	0.6354181	0.009110885	0.08296875	79.0	9614.337771892548
332	0.9520347	0.04796531	1.3894475	0.38047856	1.5473822	-0.62029064	13.77643	1.000426	0.17973223	1.4466598	-0.5376126	10656000	-0.00024826452	0.047914892	0.0067821387	-0.0120743215	-0.019473488	0.6152985	0.005887894	0.07678125	79.0	9643.580459833145
333	0.91788423	0.07868852	1.3379194	0.46706277	1.5350258	-0.53253436	13.394182	1.0068076	0.17665131	1.5146383	-0.24154544	10688000	0.00040998776	0.05823843	0.006986296	-0.015979439	-0.027092043	0.6287739	0.009996375	0.0933125	79.0	9672.758397817612
334	0.90841496	0.09158501	1.3212225	0.49671376	1.5810276	-0.48822373	13.254583	0.9844381	0.22553985	1.5026363	-0.4961774	10720000	-3.7066173e-05	0.042122513	0.0070180832	-0.012578869	-0.016929435	0.6318922	0.0067203995	0.07771875	79.0	9702.0099401474
335	0.88056284	0.117724836	1.270623	0.5565914	1.6	-0.5381591	13.230033	0.96874315	0.25250515	1.5810128	-0.6629552	10752000	-4.2361207e-05	0.046182126	0.0072328784	-0.014931973	-0.02023609	0.6543969	0.007697265	0.0894375	79.0	9731.246394634247
336	0.8843752	0.112289146	1.2809962	0.53993964	1.6	-0.7267801	13.12686	0.9664403	0.2544262	1.5938731	-0.5598727	10784000	0.00013419613	0.05194518	0.007111486	-0.015286826	-0.022636818	0.6414846	0.009102684	0.09215625	79.0	9760.42570400238
337	0.8975847	0.09741472	1.3051475	0.51101285	1.6	-0.6696422	13.390336	0.9735653	0.24387985	1.4995873	-0.46104324	10816000	2.6200898e-05	0.057237126	0.0070616063	-0.0133559685	-0.023598315	0.6365669	0.00709081	0.0806875	79.0	9789.58618092537
338	0.9077995	0.08867942	1.3176109	0.49094388	1.6	-0.46714613	13.62286	0.9741722	0.22465122	1.487122	-0.578258	10848000	-2.4098903e-05	0.05394218	0.0069845812	-0.0132896025	-0.023342993	0.63534135	0.0069318432	0.079906255	79.0	9818.794482707977
339	0.9402402	0.059759818	1.3745955	0.40807363	1.5435232	-0.5405499	13.626929	0.9786596	0.2134979	1.4810036	-0.54045117	10880000	0.0003627129	0.04619769	0.0068387454	-0.012931563	-0.018690333	0.6172766	0.008110641	0.078875	79.0	9847.97826051712
340	0.9225857	0.075725034	1.3477553	0.45252028	1.5810276	-0.61943346	13.395868	0.996245	0.20183747	1.5962708	-0.4956659	10912000	9.297393e-05	0.040378414	0.007002705	-0.013021351	-0.014647503	0.6313572	0.008769432	0.08821875	79.0	9877.201331853867
341	0.89349353	0.1031506	1.2993492	0.52225906	1.5810276	-0.3990105	13.211314	0.9818757	0.24196483	1.4135859	-0.5718082	10944000	6.233435e-05	0.045302525	0.0072110975	-0.013958815	-0.016307019	0.65258235	0.0076313433	0.08728125	79.0	9906.497020959854
342	0.8726227	0.11566144	1.2639959	0.556169	1.6	-0.6556537	13.333893	0.9562605	0.26658663	1.5245733	-0.50610137	10976000	0.00020590238	0.059888087	0.007437445	-0.0149089135	-0.027938208	0.66838944	0.00848347	0.089499995	79.0	9935.796821594238
343	0.90020126	0.09310833	1.3091018	0.5161089	1.6	-0.66408336	13.230416	0.9655417	0.24520968	1.5626338	-0.47919282	11008000	0.00017774291	0.04869889	0.0070834006	-0.013834853	-0.020149343	0.6359832	0.0077769645	0.082875	79.0	9965.115495443344
344	0.8843006	0.107252836	1.2853496	0.53275806	1.6081593	-0.39258996	13.341023	0.9686167	0.26171273	1.6481967	-0.55420935	11040000	1.8373132e-05	0.053372014	0.0071396753	-0.012966214	-0.017420676	0.6460105	0.006688866	0.08140625	79.0	9994.210015773773
345	0.9362855	0.060192678	1.3666959	0.416956	1.5422094	-0.4532531	13.734861	0.9795397	0.21158227	1.4413785	-0.4785211	11072000	0.00012385752	0.04605742	0.0069340216	-0.01338844	-0.019852255	0.62878966	0.008389296	0.08296875	79.0	10023.62969994545
346	0.93845344	0.06154655	1.3740724	0.4147527	1.5400258	-0.44104314	13.302675	1.0018013	0.19174522	1.7128553	-0.5119256	11104000	0.0002125511	0.036233574	0.006829172	-0.0135908285	-0.013279133	0.6139934	0.009130237	0.0843125	79.0	10052.84300327301
347	0.91380984	0.084500946	1.3321599	0.48093697	1.5810276	-0.40203705	13.20515	1.0108936	0.2019685	1.493898	-0.5229039	11136000	-2.9847026e-05	0.04030339	0.007176617	-0.013533067	-0.015292646	0.64449596	0.0055642426	0.08440625	79.0	10081.98973107338
348	0.90104955	0.097261265	1.3113137	0.5042913	1.5810276	-0.4436184	13.339916	0.97516775	0.24835481	1.6171094	-0.67686325	11168000	-9.1314316e-05	0.047383443	0.007315756	-0.013856016	-0.02149989	0.66005516	0.008482557	0.088687494	79.0	10111.09380030632
349	0.8986552	0.09287091	1.3084168	0.5069582	1.6029005	-0.66126174	13.25875	0.965521	0.24716286	1.5834569	-0.5280326	11200000	-0.000106476946	0.044656895	0.007153631	-0.013058847	-0.02513967	0.64089745	0.00766509	0.07825	79.0	10140.270256280899
350	0.8950665	0.101576425	1.2973223	0.53209335	1.6029005	-0.7147942	13.142562	0.9831462	0.25976068	1.5605758	-0.51665956	11232000	0.00034525525	0.055909947	0.007074855	-0.014301399	-0.022343755	0.63578296	0.008145165	0.085593745	79.0	10169.438634872437
351	0.901783	0.091366425	1.3088715	0.5036955	1.6029005	-0.45956182	13.486819	0.9684779	0.26462853	1.5034274	-0.5367171	11264000	9.560492e-05	0.056445003	0.0071376516	-0.013998073	-0.025092702	0.64586747	0.0075787636	0.0895625	79.0	10198.741773605347
352	0.9519259	0.04279033	1.3946831	0.3654961	1.545616	-0.52259415	13.743079	0.99621403	0.18802276	1.5107435	-0.41646865	11296000	7.6400116e-05	0.03493332	0.006866256	-0.012922004	-0.0131735215	0.62049997	0.0060154656	0.0753125	79.0	10227.90350151062
353	0.92224586	0.07610944	1.350029	0.46216485	1.5810276	-0.44386667	13.210067	1.0134815	0.17106615	1.5077813	-0.545968	11328000	-1.7466024e-05	0.05196599	0.006975813	-0.014740713	-0.023608517	0.6261485	0.00822676	0.08953125	79.0	10257.208827733994
354	0.90553993	0.09277087	1.319609	0.4964198	1.5810276	-0.4599897	13.15879	0.97800595	0.2441648	1.4434943	-0.64396316	11360000	0.0002536811	0.03878457	0.007142474	-0.014289009	-0.018432748	0.64399225	0.007975994	0.0826875	79.0	10286.356403589249
355	0.8839165	0.116083495	1.280151	0.5420035	1.6	-0.4758698	13.175541	0.98306966	0.2342832	1.6667638	-0.63615614	11392000	0.00017409772	0.04948791	0.007151339	-0.014377902	-0.019047722	0.6430917	0.008134794	0.089156255	79.0	10315.810831308365
356	0.9219626	0.07803737	1.3485081	0.45001182	1.6029005	-0.33911765	13.208818	0.9838128	0.23832825	1.5916893	-0.57157236	11424000	0.00029543042	0.033038564	0.0068963887	-0.013376357	-0.014956894	0.61939436	0.0078617325	0.086687505	79.0	10344.997871875763
357	0.8767228	0.11994325	1.2732472	0.54767555	1.6	-0.3701684	12.935471	1.0019685	0.21913223	1.5604552	-0.43468273	11456000	2.5646761e-05	0.05120428	0.006839224	-0.014823005	-0.020892765	0.61491984	0.008182618	0.09181251	79.0	10374.222579717636
358	0.92743456	0.069090515	1.3530238	0.44175732	1.6	-0.45397535	13.576199	0.985321	0.21488428	1.5382973	-0.46690288	11488000	-5.713757e-05	0.04214067	0.006907657	-0.013728047	-0.016156327	0.6242837	0.0068575377	0.0836875	79.0	10403.330904006958
359	0.9428338	0.05545389	1.3818097	0.3966943	1.5432563	-0.47712192	13.5263605	0.999344	0.17923614	1.5309697	-0.43697563	11520000	0.00011872547	0.03814368	0.006800885	-0.012452868	-0.013323481	0.60861135	0.006746837	0.08209375	79.0	10432.608188867569
360	0.90683633	0.091496974	1.32195	0.49969524	1.5810276	-0.5015624	13.00041	0.9962982	0.21407433	1.4912479	-0.46717304	11552000	0.00026810355	0.04614101	0.0069632977	-0.014942264	-0.021939773	0.6232422	0.0069215214	0.0829375	79.0	10461.860124588013
361	0.9143221	0.08225261	1.3384744	0.46545646	1.5810276	-0.511956	13.391414	0.9826892	0.24419948	1.7282242	-0.82325757	11584000	0.00018305704	0.04664982	0.007016656	-0.014035746	-0.019784952	0.6276163	0.008994646	0.090375	79.0	10491.019887208939
362	0.8947463	0.103564486	1.3032905	0.5106647	1.6081593	-0.55975026	13.321071	0.978168	0.24467137	1.5496398	-0.5595277	11616000	-5.180016e-06	0.045047186	0.0070673563	-0.013290117	-0.017298272	0.63447976	0.005986239	0.07853125	79.0	10520.136644363403
363	0.90574145	0.08925794	1.324038	0.4928861	1.6029005	-0.40265626	13.124172	0.9922145	0.22444999	1.6205289	-0.5181258	11648000	0.00018839887	0.04425453	0.006818897	-0.013505688	-0.01825149	0.61112916	0.008035172	0.07821875	79.0	10549.319728851318
364	0.89151645	0.106860206	1.2946341	0.53083557	1.6	-0.40475568	13.12686	0.97281224	0.25625044	1.5629139	-0.49904335	11680000	9.3049835e-05	0.03889186	0.0069011524	-0.013402658	-0.016637214	0.6234515	0.006100147	0.076875	79.0	10578.383071184158
365	0.94607174	0.052192137	1.386655	0.3887084	1.5481486	-0.42746913	13.52466	1.0063957	0.20346788	1.5909925	-0.5222576	11712000	0.00041154772	0.03312826	0.006791222	-0.014738281	-0.015639203	0.61017156	0.006785527	0.078875005	79.0	10607.556185483932
366	0.930853	0.069147	1.3668385	0.41806754	1.5450258	-0.44569498	13.282245	1.0068593	0.18522431	1.6115817	-0.34871277	11744000	0.00038418174	0.04482788	0.0067008715	-0.01223475	-0.018888686	0.5953444	0.0075380174	0.08559375	79.0	10636.812484741211
367	0.9155054	0.08109304	1.3362274	0.47688094	1.5810276	-0.46329504	13.19103	0.9937684	0.21699274	1.5071135	-0.494328	11776000	0.00018543843	0.042476613	0.007009986	-0.014433365	-0.017777579	0.6272539	0.008275719	0.0878125	79.0	10665.90558886528
368	0.8750702	0.123306386	1.2663116	0.5576055	1.6	-0.4539404	13.030687	0.9794136	0.23414382	1.4434487	-0.59104496	11808000	4.6628527e-05	0.062500626	0.006959225	-0.014803637	-0.02837751	0.62281954	0.008276787	0.0918125	79.0	10695.018524885178
369	0.8975092	0.099155046	1.3083539	0.5078461	1.6	-0.47986424	13.138843	0.9628053	0.25498328	1.6782922	-0.5932009	11840000	-5.526468e-05	0.050142378	0.006885438	-0.0143797565	-0.022389956	0.6146219	0.009016418	0.08265625	79.0	10724.190990686417
370	0.90092236	0.09907761	1.311595	0.5158823	1.6081593	-0.38779187	12.936482	0.98968655	0.23120762	1.577493	-0.41489843	11872000	0.00011120178	0.043127626	0.006873071	-0.013980132	-0.01808886	0.6169814	0.006953489	0.08090625	79.0	10753.305807113647
371	0.90455115	0.09544887	1.318118	0.48779836	1.6	-0.51816136	13.339496	0.9947954	0.2350194	1.5212542	-0.5838917	11904000	0.00027131103	0.047581553	0.0068906406	-0.013847532	-0.017868692	0.6198696	0.0079586655	0.083531246	79.0	10782.593818187714
372	0.9335804	0.06641961	1.3682219	0.42016026	1.5451041	-0.45119664	13.309783	0.98904824	0.18880947	1.5978802	-0.4445047	11936000	-2.4945475e-05	0.0460178	0.006613908	-0.013602799	-0.021349095	0.5913669	0.0072506634	0.083625	79.0	10811.77140545845
373	0.91648036	0.08178352	1.3428602	0.4617885	1.5810276	-0.41742462	13.113861	1.0019597	0.21839681	1.4838219	-0.5130202	11968000	0.0002600588	0.04780598	0.006806793	-0.013573015	-0.021583783	0.60697484	0.007092691	0.079875	79.0	10841.144201755524
374	0.90014696	0.09816379	1.3097372	0.52085686	1.5810276	-0.7452405	13.054918	0.9914567	0.22140196	1.4570636	-0.5209447	12000000	3.3551827e-05	0.05598226	0.0069059227	-0.014256021	-0.023071948	0.61982095	0.0070707514	0.080625	79.0	10870.305961370468
375	0.8804267	0.11621745	1.2763981	0.5492207	1.6	-0.5868905	13.014754	0.98015183	0.2542243	1.5781704	-0.660784	12032000	2.2153836e-05	0.05047471	0.007087391	-0.014674368	-0.020718357	0.6327428	0.0085006	0.08475	79.0	10899.576875448227
376	0.9142245	0.08244219	1.3376659	0.47554383	1.6	-0.37810227	13.124175	0.98025876	0.24011303	1.6029243	-0.50487304	12064000	8.035265e-05	0.043839343	0.0068088155	-0.014856796	-0.021231193	0.6049261	0.007915339	0.083625	79.0	10928.943955421448
377	0.8939335	0.101130635	1.3015547	0.5193198	1.6	-0.45698783	13.173588	0.9871605	0.2398381	1.4165202	-0.45993093	12096000	-0.000107748434	0.047715988	0.006925904	-0.014370731	-0.015639096	0.6198536	0.008086214	0.09321875	79.0	10958.146721124649
378	0.93784136	0.060446326	1.3764689	0.39527017	1.5451368	-0.46733245	13.519983	0.99239653	0.20314926	1.4413724	-0.54874855	12128000	0.0001984518	0.04368142	0.0068122586	-0.013133647	-0.016525706	0.61094254	0.007358823	0.083625	79.0	10987.258460998535
379	0.9254471	0.0696164	1.3550425	0.4500136	1.5495305	-0.6944402	13.264607	1.0044497	0.17639412	1.7299979	-0.25334758	12160000	0.0005752505	0.052831545	0.006911058	-0.014683146	-0.025406709	0.6125066	0.007817228	0.09053125	79.0	11016.606609582901
380	0.922862	0.075471334	1.3499967	0.46030322	1.5810276	-0.4478991	13.122525	0.9811747	0.2420222	1.4822327	-0.6949553	12192000	0.00022352953	0.0472105	0.0068426332	-0.013298178	-0.020440474	0.6141427	0.007891793	0.083749995	79.0	11045.908722639084
381	0.91088617	0.08415711	1.327151	0.4846974	1.6	-0.47562882	13.252496	0.9989254	0.20609277	1.4509547	-0.43079978	12224000	-0.00017083623	0.039795708	0.007013028	-0.014043072	-0.019810501	0.6250288	0.007984702	0.0790625	79.0	11075.047870397568
382	0.89984435	0.09517643	1.3136319	0.5021072	1.6	-0.40735176	13.057977	0.9828259	0.24137132	1.5560617	-0.5455923	12256000	-0.00012283958	0.04322201	0.006915535	-0.013860412	-0.016592067	0.6165899	0.008424504	0.08853125	79.0	11104.243243932724
383	0.9045584	0.0938182	1.3178504	0.505574	1.6029005	-0.43537983	12.919106	0.9952782	0.217596	1.4420782	-0.4003808	12288000	0.00041038264	0.041283675	0.0068717385	-0.014250801	-0.015541679	0.6124778	0.008573242	0.089281246	79.0	11133.474000930786
384	0.909899	0.08669948	1.3254994	0.48469177	1.6029005	-0.437975	13.282663	0.9886011	0.23750852	1.4441395	-0.5507821	12320000	-7.7021774e-05	0.045661844	0.0070543406	-0.014131812	-0.02025151	0.629311	0.008108755	0.086062506	79.0	11162.633186101913
385	0.9445125	0.050441235	1.3894247	0.38585472	1.5490441	-0.44170392	13.442568	0.99711746	0.18977036	1.5079093	-0.4277527	12352000	0.0004970613	0.036137886	0.0068711257	-0.014056472	-0.015329376	0.61179006	0.007565303	0.081843756	79.0	11191.860949754715
386	0.9069029	0.08288209	1.3272129	0.48576307	1.5810276	-0.7020529	13.282137	0.99555856	0.21642953	1.4865634	-0.3809222	12384000	4.6121888e-05	0.062982954	0.007053907	-0.015377456	-0.026045384	0.62573075	0.00956162	0.09484375	79.0	11221.022154092789
387	0.9144827	0.08378114	1.3396152	0.46973816	1.5810276	-0.4025828	13.071546	0.97917414	0.22703451	1.4761187	-0.69634634	12416000	5.575875e-05	0.042065084	0.0069317366	-0.014607051	-0.020203624	0.619365	0.007732732	0.080656245	79.0	11250.570288419724
388	0.8771746	0.110926054	1.2759525	0.5435862	1.6	-0.49774334	13.221346	0.9789515	0.23347107	1.4792323	-0.57916737	12448000	9.276532e-05	0.075221434	0.007383451	-0.016016405	-0.040660065	0.64552784	0.008551983	0.086187504	79.0	11279.72178697586
389	0.89667183	0.101661526	1.3044212	0.5206769	1.6081593	-0.37939647	12.904376	0.96009237	0.25405726	1.6073343	-0.55573696	12480000	-0.00024053967	0.052377667	0.0068939007	-0.013912696	-0.02621758	0.61255914	0.008837351	0.088781245	79.0	11308.951935052872
390	0.8957027	0.09760572	1.3056135	0.5144006	1.6029005	-0.5732098	13.14801	0.99159235	0.23475835	1.5507929	-0.5318098	12512000	0.0004111305	0.050266333	0.0071097594	-0.013786648	-0.02352835	0.63001055	0.0072048823	0.089125	79.0	11338.196197986603
391	0.93663585	0.056463324	1.3751111	0.39569235	1.5475298	-0.3516519	13.688362	0.9917229	0.20114668	1.5174687	-0.47446123	12544000	4.552398e-05	0.045163885	0.0069522215	-0.012946981	-0.02001888	0.6215811	0.0069663012	0.088625	79.0	11367.304526805878
392	0.9337095	0.06117045	1.370684	0.41930345	1.5561485	-0.5102759	13.336975	0.99678636	0.1760706	1.5171824	-0.43573058	12576000	8.131098e-05	0.048212722	0.0068866597	-0.013865225	-0.0221495	0.60747594	0.008454764	0.0900625	79.0	11396.500214099884
393	0.9195727	0.075491354	1.3476441	0.45734605	1.5810276	-0.49272197	13.161692	0.98382497	0.24220845	1.5786217	-0.50542444	12608000	-3.7780963e-05	0.03595491	0.00706713	-0.013778867	-0.016392441	0.62771696	0.006857097	0.08059375	79.0	11425.622715711594
394	0.9066596	0.088249065	1.3253492	0.48339254	1.589187	-0.34953165	13.1406765	0.99944437	0.20731227	1.5400887	-0.53767645	12640000	0.00041333213	0.048284523	0.0070649916	-0.017481282	-0.024079915	0.62612545	0.0092778895	0.096875004	79.0	11455.092445850372
395	0.8938507	0.1061493	1.3023256	0.5196964	1.6	-0.41088873	12.846774	0.9857512	0.24029572	1.631318	-0.5361368	12672000	9.313412e-05	0.0360862	0.0067819776	-0.013706207	-0.016050037	0.6041882	0.0086621605	0.08715625	79.0	11484.194201469421
396	0.90033615	0.0996639	1.3095392	0.51641643	1.6	-0.4068019	12.826736	0.98901236	0.24735296	1.515556	-0.5781115	12704000	-0.00010337401	0.04892637	0.006858139	-0.012513466	-0.022754457	0.60889536	0.0060147205	0.07696875	79.0	11513.325098752975
397	0.88391	0.11264153	1.2846755	0.53576154	1.6	-0.3436536	12.934446	0.98395765	0.24033856	1.4690902	-0.48412028	12736000	-0.0001298748	0.049038082	0.0069215577	-0.015051937	-0.022524588	0.61662364	0.008011268	0.08621875	79.0	11542.513613939285
398	0.9246347	0.06853601	1.357868	0.43874156	1.5451462	-0.42793548	13.368067	0.9847273	0.22376394	1.5108266	-0.5473957	12768000	0.00025955634	0.06538757	0.0067820735	-0.013905107	-0.02993376	0.59868896	0.008047363	0.091875	79.0	11571.69164633751
399	0.9049885	0.08838807	1.3239748	0.4929353	1.5810276	-0.49046674	13.0625	0.9924657	0.20663492	1.4758866	-0.5242189	12800000	0.0002856413	0.056488015	0.006829201	-0.013851853	-0.025280021	0.6044506	0.0071194395	0.0785	79.0	11600.884994506836
