Epoch	SuccessRate	CollRate	AverageEpRet	StdEpRet	MaxEpRet	MinEpRet	EpLen	AverageVVals	StdVVals	MaxVVals	MinVVals	TotalEnvInteracts	LossPi	LossV	DeltaLossPi	DeltaLossV	Entropy	KL	ClipFrac	StopIter	Time
0	0.0	0.2669192	-0.5167545	0.16493663	-0.18194021	-0.970254	24.02848	0.061679963	0.06931364	0.25428718	-0.14255968	8000	8.009374e-08	0.09130584	-0.031722963	-0.0806413	2.8162792	0.010607895	0.25725	79.0	1.38242769241333
1	0.0	0.3532197	-0.32587183	0.13737221	0.008598399	-0.67967784	21.623564	-0.19855084	0.08640611	0.23137629	-0.39378175	16000	2.7939677e-08	0.019236404	-0.024692772	-0.012652532	2.8001583	0.015845304	0.40275002	13.0	2.2989184856414795
2	0.0125	0.27525252	-0.15814209	0.19119416	1.1100168	-0.505678	23.22256	-0.12510674	0.07285009	0.11953816	-0.34647623	24000	1.1175871e-08	0.020140633	-0.026705537	-0.011375189	2.7575223	0.01581562	0.255875	9.0	3.176293134689331
3	0.009615385	0.6016827	-0.12088802	0.19639252	1.1899201	-0.5518582	18.302382	-0.05103554	0.08267821	0.26548883	-0.25529763	32000	-9.313226e-09	0.030705985	-0.011487206	-0.017101899	2.700491	0.015387218	0.295375	11.0	4.160732269287109
4	0.08566057	0.6348725	6.2534826e-05	0.3810818	1.3679147	-0.320446	14.225191	-0.10105813	0.11238111	0.3620418	-0.5953099	40000	-5.5879354e-09	0.11103154	-0.0126117375	-0.062283732	2.6293068	0.015157864	0.139625	29.0	5.138885259628296
5	0.18495023	0.6392002	0.12991466	0.55174917	1.4212238	-0.41289032	13.431338	0.023165515	0.17389545	0.5110874	-0.5996313	48000	-3.7252903e-09	0.1880576	-0.019376379	-0.08292964	2.574718	0.011439357	0.122375	79.0	6.3524980545043945
6	0.09102604	0.8042908	-0.008037539	0.42967996	1.4771152	-0.38194218	9.542079	0.16429509	0.2920083	1.093889	-0.49967733	56000	3.7252903e-09	0.23559704	-0.025204565	-0.15860808	2.5058439	0.015033979	0.147375	79.0	7.473183870315552
7	0.107224025	0.72731876	0.024788462	0.46997744	1.4515299	-0.39334127	12.581699	0.13947974	0.27751577	1.0768232	-0.56639737	64000	9.313226e-10	0.21519834	-0.025182033	-0.14005359	2.5113792	0.014414946	0.133625	79.0	8.688099145889282
8	0.13206378	0.7685941	0.059070073	0.51613265	1.4597727	-0.3107795	9.760204	0.08100248	0.21117996	0.8230516	-0.5243803	72000	8.381903e-09	0.23249389	-0.023945168	-0.14641969	2.498573	0.0077749984	0.136875	79.0	9.834025382995605
9	0.25533733	0.62460494	0.24821094	0.6476	1.4581093	-0.53988564	13.060345	0.19954585	0.3400155	1.2404273	-0.77095103	80000	-7.450581e-09	0.24607691	-0.026826236	-0.13934879	2.4885187	0.013207832	0.1605	79.0	11.010489702224731
10	0.20322646	0.4784497	0.1630395	0.56747	1.4305894	-0.38741317	16.288136	0.19614533	0.38872084	1.2181242	-0.6950727	88000	7.450581e-09	0.2385289	-0.027900562	-0.16023357	2.5086474	0.012959036	0.176	79.0	12.165223836898804
11	0.12746075	0.69094664	0.05138958	0.49033204	1.422291	-0.34698522	12.117647	-0.01997833	0.2458936	1.0068214	-0.8042927	96000	9.313226e-09	0.15621753	-0.020171497	-0.09396093	2.4987378	0.015152544	0.183875	32.0	13.22065806388855
12	0.09634058	0.7960141	0.012601273	0.45148373	1.4655654	-0.32500792	10.046053	0.18043219	0.308116	1.1186211	-0.48644134	104000	0.0	0.21166936	-0.027812153	-0.12723511	2.4525044	0.0110171735	0.1525	79.0	14.356636047363281
13	0.11827514	0.774444	0.038442336	0.49110934	1.4976597	-0.28356835	10.283422	0.09273624	0.2437792	1.0714076	-0.42351246	112000	-9.313226e-09	0.1833056	-0.026533257	-0.100025706	2.4452696	0.015065644	0.148125	70.0	15.502220630645752
14	0.17405534	0.72004783	0.12194626	0.5662683	1.4744241	-0.29413426	10.501405	0.02687175	0.28085247	1.0767876	-0.7055769	120000	5.5879354e-09	0.27820763	-0.025840007	-0.16710845	2.4278903	0.015011739	0.154125	59.0	16.555168390274048
15	0.20926166	0.5931265	0.20270193	0.61142725	1.471704	-0.28512096	13.787769	0.1477229	0.3096533	1.18744	-0.6091664	128000	1.8626451e-09	0.31484696	-0.029739741	-0.20691556	2.4480968	0.015051514	0.192625	71.0	17.71177864074707
16	0.19146812	0.56831187	0.17915554	0.58038396	1.4501947	-0.24350797	14.150376	0.14046486	0.26503113	1.0203724	-0.592664	136000	3.7252903e-09	0.17766511	-0.027395155	-0.09269234	2.4636593	0.010953721	0.1665	79.0	18.839489221572876
17	0.27713424	0.52302635	0.294639	0.64728695	1.4610898	-0.28872246	14.958661	0.19279414	0.30276552	1.203455	-0.54332185	144000	7.450581e-09	0.281066	-0.028739665	-0.18849845	2.469145	0.015054827	0.202125	62.0	19.93346905708313
18	0.32264626	0.5240582	0.33489054	0.6753205	1.4626857	-0.27996647	14.183824	0.2527922	0.27608645	1.0279092	-0.384315	152000	1.4901161e-08	0.25625607	-0.031614404	-0.14697352	2.460118	0.015024523	0.20337501	73.0	21.02775812149048
19	0.34909624	0.50242203	0.3856227	0.7018273	1.447645	-0.30413014	14.034672	0.21727058	0.3048998	1.1322778	-0.5711125	160000	-1.4901161e-08	0.2394709	-0.028277863	-0.13391954	2.429981	0.015005445	0.164875	62.0	22.170925855636597
20	0.3911795	0.3888026	0.4703327	0.71232754	1.4893484	-0.30476573	16.595339	0.34010956	0.33239338	1.1325663	-0.6867932	168000	-9.313226e-10	0.23000285	-0.03392855	-0.13076173	2.4332807	0.015001833	0.185375	71.0	23.355698823928833
21	0.6023393	0.28128123	0.77520454	0.72980034	1.4634157	-0.29593024	16.797297	0.4377381	0.3253698	1.2238094	-0.50179744	176000	-9.313226e-09	0.23195508	-0.032187648	-0.150423	2.37542	0.014691285	0.18762499	79.0	24.50478172302246
22	0.35908484	0.41854906	0.42292958	0.7138222	1.4725578	-0.33800575	15.641394	0.5348395	0.3177419	1.3430133	-0.4906544	184000	3.7252903e-09	0.29509905	-0.033992246	-0.17987558	2.384437	0.014241513	0.191375	79.0	25.722938776016235
23	0.46787173	0.40966094	0.5573605	0.76449496	1.4820673	-0.33347183	15.046512	0.33772475	0.30224723	1.2395692	-0.48813194	192000	-3.7252903e-09	0.25104898	-0.03067698	-0.14197332	2.3734155	0.0151429325	0.18225	47.0	26.730223417282104
24	0.471875	0.42914623	0.58578974	0.75979346	1.48515	-0.32645333	14.492481	0.48903	0.29732478	1.3147191	-0.4249288	200000	-3.7252903e-09	0.24490726	-0.031579312	-0.13684145	2.3511276	0.015082345	0.189	61.0	27.88588786125183
25	0.48848087	0.43319583	0.60907435	0.77571094	1.487353	-0.36298302	13.2534485	0.5599573	0.32475075	1.3766592	-0.41045648	208000	0.0	0.23942964	-0.035587326	-0.14682637	2.2833385	0.013424758	0.208375	79.0	29.01869487762451
26	0.54144603	0.3808704	0.68429744	0.7625577	1.495434	-0.29138592	14.438433	0.54759586	0.4072037	1.496302	-0.75838476	216000	1.3038516e-08	0.20011063	-0.033795543	-0.10835832	2.2814703	0.014930133	0.195375	79.0	30.220062494277954
27	0.529972	0.4011321	0.6583962	0.7639363	1.5025345	-0.35742626	14.298872	0.5942545	0.31945288	1.3013024	-0.49949405	224000	1.1175871e-08	0.21042958	-0.034178264	-0.11963411	2.2705092	0.01320691	0.197	79.0	31.356703519821167
28	0.5667298	0.35721034	0.67309713	0.77689385	1.4820714	-0.38383895	14.1875	0.64094687	0.30997986	1.5060323	-0.52826244	232000	1.1175871e-08	0.18137223	-0.036467575	-0.09007977	2.2802272	0.014154816	0.2065	79.0	32.523638010025024
29	0.46134675	0.43130037	0.5639516	0.7747472	1.4896758	-0.3535622	13.805756	0.5905685	0.3535746	1.512327	-0.5997658	240000	-3.7252903e-09	0.22987892	-0.037233904	-0.13692386	2.2339566	0.014533486	0.20137501	79.0	33.671998262405396
30	0.50959516	0.46788648	0.6029878	0.78080064	1.4994099	-0.3152124	12.964766	0.44647735	0.36516804	1.2487997	-0.5524194	248000	-1.4901161e-08	0.20142694	-0.026492821	-0.13219005	2.234639	0.015419269	0.17575002	33.0	34.69638514518738
31	0.5299009	0.40587106	0.65578973	0.77906895	1.4769009	-0.41318017	13.9964285	0.63070935	0.3634713	1.6274011	-0.34225625	256000	5.5879354e-09	0.1675734	-0.026241133	-0.088854715	2.236969	0.015044559	0.164125	44.0	35.70483875274658
32	0.4998296	0.41603833	0.64166427	0.781568	1.5086015	-0.3460329	13.764184	0.6060938	0.39006823	1.3125021	-0.74216515	264000	3.7252903e-09	0.20468369	-0.037527215	-0.099411026	2.187299	0.014791407	0.21875	79.0	36.89142990112305
33	0.633101	0.31267625	0.826559	0.7572687	1.5142864	-0.32871062	14.330224	0.539586	0.34958747	1.3471854	-0.5668861	272000	-3.259629e-08	0.19513297	-0.033658117	-0.10882137	2.1257775	0.0150254965	0.20050001	68.0	37.99390912055969
34	0.5069982	0.42691654	0.59452355	0.80362195	1.4957081	-0.41818568	13.096284	0.6331299	0.33830568	1.4669265	-0.38763243	280000	0.0	0.19859844	-0.037904724	-0.0919552	2.14486	0.015077082	0.20075	75.0	39.170382022857666
35	0.5123962	0.4174155	0.6238342	0.8030957	1.5058297	-0.42946866	13.337329	0.57420564	0.3452543	1.393357	-0.7031636	288000	8.381903e-09	0.22513771	-0.034134112	-0.11218652	2.126696	0.015083913	0.2035	61.0	40.25151991844177
36	0.63274103	0.31551266	0.8265517	0.77683794	1.5161389	-0.43504846	13.885036	0.6537033	0.3346291	1.4173936	-0.39028803	296000	-1.4901161e-08	0.16653343	-0.033532	-0.08633639	2.0763295	0.013527311	0.1895	79.0	41.42282271385193
37	0.6191037	0.32054234	0.76635706	0.79195714	1.5113914	-0.38220286	13.348276	0.7265304	0.3312973	1.4226301	-0.513952	304000	-1.5832484e-08	0.17721878	-0.03624067	-0.10315661	2.0389304	0.013418654	0.20362501	79.0	42.59551644325256
38	0.48985282	0.47688383	0.5546448	0.81454676	1.4901171	-0.5290474	12.248427	0.5833528	0.3970763	1.570231	-0.6276401	312000	-7.450581e-09	0.20740488	-0.03587838	-0.110992104	2.0838025	0.011356646	0.20825	79.0	43.74306011199951
39	0.5127279	0.45312178	0.62653935	0.80977494	1.5033884	-0.4142102	12.646104	0.63170266	0.39675346	1.4945916	-0.5532152	320000	0.0	0.17516193	-0.03645322	-0.09329063	2.0339856	0.015011212	0.21450001	79.0	44.96530032157898
40	0.5815214	0.36247814	0.7447072	0.79837686	1.5028753	-0.4735043	13.958333	0.6145443	0.3719512	1.4135563	-0.42114273	328000	1.1175871e-08	0.20983884	-0.031842224	-0.13672625	1.9930487	0.015024997	0.20012501	50.0	46.07357621192932
41	0.6266974	0.3309663	0.8103214	0.77911043	1.5093899	-0.5014968	14.255597	0.654458	0.4252173	1.5147939	-0.5663307	336000	-9.313226e-09	0.1831795	-0.025321728	-0.10728632	1.969209	0.0153014865	0.168125	37.0	47.143041133880615
42	0.6680507	0.2942144	0.9031282	0.7418026	1.5089086	-0.30631447	14.270522	0.74931794	0.34819642	1.6230209	-0.43764672	344000	-7.450581e-09	0.17964554	-0.030603733	-0.1001212	1.9317627	0.015081865	0.16299999	47.0	48.171271085739136
43	0.7741319	0.1935764	1.0589348	0.68108857	1.5263978	-0.40937296	15.0234375	0.8212134	0.28102523	1.3960757	-0.74492824	352000	-1.3038516e-08	0.109184444	-0.03662935	-0.054353498	1.8863722	0.014829827	0.212625	79.0	49.462538957595825
44	0.76173115	0.2077133	1.0214173	0.7071083	1.5306774	-0.4164175	14.842308	0.75184536	0.3440982	1.4604198	-0.4655519	360000	-1.8626451e-09	0.1708976	-0.030415317	-0.10176519	1.8656285	0.015054133	0.19125	61.0	50.588454484939575
45	0.6977241	0.29602593	0.94056326	0.7575469	1.5280329	-0.48717356	13.1819725	0.7992888	0.30532452	1.6288807	-0.7831291	368000	-1.5832484e-08	0.15899572	-0.034341075	-0.08921228	1.8495836	0.014180919	0.19325	79.0	51.779232025146484
46	0.7145226	0.26290795	0.9550427	0.7499439	1.5290494	-0.39862734	14.088768	0.7705501	0.33679557	1.3935571	-0.4855391	376000	3.7252903e-09	0.14975278	-0.030803893	-0.08732695	1.8505449	0.01436428	0.16675	79.0	52.91895270347595
47	0.7037275	0.2500919	0.96090674	0.7426375	1.5225978	-0.41011375	13.951087	0.7686639	0.35214034	1.4954231	-0.39760643	384000	0.0	0.18125035	-0.035318762	-0.109567255	1.814194	0.013078674	0.19174999	79.0	54.1176655292511
48	0.6712628	0.29090828	0.8985371	0.77014536	1.5290802	-0.39659718	13.742958	0.8127323	0.3138044	1.5407308	-0.453335	392000	1.4901161e-08	0.19487745	-0.035294272	-0.11042024	1.8034989	0.012274917	0.20324999	79.0	55.2688422203064
49	0.6865314	0.29126462	0.92903954	0.7678705	1.527949	-0.47914538	13.066667	0.7671221	0.33454913	1.4505093	-0.40829226	400000	-1.8626451e-09	0.15289962	-0.034890406	-0.08988089	1.792403	0.014942959	0.192125	79.0	56.438167333602905
50	0.7186667	0.2813333	0.9474769	0.7642212	1.5243652	-0.745396	13.339041	0.8235225	0.2930551	1.4728571	-0.88303393	408000	-7.450581e-09	0.13665386	-0.025710126	-0.10506874	1.7800989	0.01528642	0.185875	30.0	57.42992305755615
51	0.61020255	0.36238515	0.7893288	0.8207136	1.5274643	-0.47769457	12.475649	0.72866124	0.4273516	1.4158509	-0.5563709	416000	5.122274e-09	0.14733791	-0.036126643	-0.086936496	1.7541499	0.0146565335	0.208125	79.0	58.63924050331116
52	0.60538703	0.35609478	0.80772007	0.7988936	1.5372998	-0.3770653	12.3375	0.7739597	0.3708976	1.4095728	-0.89876956	424000	-7.450581e-09	0.19041005	-0.037583906	-0.10049209	1.6970317	0.013535816	0.21075	79.0	59.88507127761841
53	0.6621757	0.31686836	0.9091934	0.772486	1.5357088	-0.38291	12.503184	0.7592101	0.37442544	1.3539163	-0.58554626	432000	0.0	0.2039349	-0.033132218	-0.11670375	1.657436	0.015141642	0.184125	61.0	60.954018115997314
54	0.65162385	0.32232144	0.8735031	0.80097646	1.5226824	-0.50877905	12.348726	0.7594978	0.3550637	1.3554462	-0.50996715	440000	9.313226e-09	0.17036408	-0.03611773	-0.10095224	1.6754663	0.013755724	0.1885	79.0	62.19174814224243
55	0.6272794	0.36577618	0.8261116	0.81050575	1.5294476	-0.40465656	12.10276	0.7148011	0.42815608	1.4082483	-0.7562403	448000	-3.7252903e-09	0.15642527	-0.033849366	-0.09122072	1.7027612	0.012954386	0.192125	79.0	63.36559057235718
56	0.6654514	0.32139078	0.8780109	0.7848356	1.5333605	-0.39277938	12.682119	0.7436527	0.4070093	1.538419	-0.5283454	456000	1.1175871e-08	0.20141238	-0.02919196	-0.12904483	1.6977082	0.015195705	0.165375	37.0	64.3866515159607
57	0.643778	0.33538866	0.8545495	0.79050595	1.5221003	-0.36519113	12.21519	0.7257268	0.4198561	1.5604639	-1.1781973	464000	1.4901161e-08	0.18875827	-0.033024307	-0.11798204	1.6545341	0.015086025	0.188125	57.0	65.4709038734436
58	0.74904966	0.22942251	1.0356909	0.727124	1.531007	-0.42747113	13.224662	0.8085236	0.35174617	1.4354564	-0.50588965	472000	0.0	0.13263619	-0.03380475	-0.0770701	1.5928856	0.015037641	0.1875	79.0	66.66642880439758
59	0.751376	0.21921225	1.029259	0.725397	1.5174286	-0.438858	13.808511	0.793849	0.38660905	1.5346358	-1.0636815	480000	-4.656613e-09	0.1503878	-0.030965583	-0.08951005	1.6386636	0.015037036	0.190875	49.0	67.70429754257202
60	0.7300804	0.23392889	1.0095118	0.7401203	1.5361718	-0.36996236	13.407986	0.8526954	0.3321775	1.4541188	-0.5870789	488000	7.450581e-09	0.157846	-0.03356418	-0.08097065	1.6390498	0.013296277	0.1965	79.0	68.88107633590698
61	0.6908408	0.29486185	0.9230989	0.785077	1.5231594	-0.41778895	12.844371	0.78978354	0.3265112	1.2935668	-0.5688476	496000	-7.21775e-09	0.14572892	-0.03769251	-0.09348879	1.6572226	0.014875985	0.204	79.0	70.03143405914307
62	0.73432875	0.2444294	1.0058758	0.750853	1.5285448	-0.4743429	13.301724	0.81733304	0.34772548	1.5520742	-0.66066796	504000	3.7252903e-09	0.13580006	-0.03309278	-0.0793254	1.5834112	0.015044152	0.196375	68.0	71.16374707221985
63	0.73339415	0.2352333	1.0066104	0.73989296	1.5378379	-0.4757222	13.541958	0.8712947	0.34975752	1.7793751	-0.82010823	512000	0.0	0.18400729	-0.033585243	-0.12859514	1.5723691	0.012900431	0.19749999	79.0	72.30253720283508
64	0.6159555	0.3708501	0.7974104	0.8308253	1.5330498	-0.48013273	11.775758	0.70551264	0.44735667	1.5195535	-0.72157675	520000	-9.313226e-10	0.20201778	-0.034325242	-0.12827204	1.5925529	0.011967193	0.178625	79.0	73.47041893005371
65	0.6435368	0.34083825	0.82858056	0.8186854	1.5324024	-0.39104748	12.059375	0.76739526	0.449836	1.4433601	-0.7410059	528000	-4.656613e-09	0.15910205	-0.03581562	-0.09555511	1.5557516	0.0138944555	0.18900001	79.0	74.6538474559784
66	0.64458483	0.32123354	0.8560831	0.80209774	1.5218587	-0.38128078	12.620915	0.78821665	0.39165637	1.4407386	-0.66737646	536000	1.3038516e-08	0.22348118	-0.035491593	-0.13919531	1.5262647	0.013965538	0.19887501	79.0	75.80820822715759
67	0.7164108	0.27525586	0.97462595	0.756691	1.5150259	-0.4787673	12.751645	0.7762063	0.36617878	1.4610853	-0.6945278	544000	-1.8626451e-09	0.17658481	-0.035263397	-0.11131667	1.5286492	0.015043824	0.178375	70.0	77.01648354530334
68	0.7977431	0.1796875	1.1087505	0.6849543	1.5245796	-0.3608026	13.700705	0.7915902	0.36050993	1.3342769	-0.5472987	552000	-7.450581e-09	0.14136831	-0.028228674	-0.083959095	1.4918007	0.015128808	0.167375	48.0	78.04286551475525
69	0.749394	0.20142084	1.0519644	0.7147617	1.5232902	-0.5171584	13.363946	0.8367151	0.32916433	1.3532579	-0.8624804	560000	-7.450581e-09	0.15285873	-0.03361556	-0.08861509	1.4581981	0.01503072	0.18225	58.0	79.20270919799805
70	0.75160336	0.21888275	1.0301179	0.72917324	1.5239625	-0.502831	13.663733	0.8431889	0.32272103	1.4297644	-0.30677885	568000	6.519258e-09	0.16671425	-0.023679258	-0.094831005	1.4822979	0.015307868	0.15225	29.0	80.16209697723389
71	0.7355681	0.25818193	1.0026151	0.7476374	1.5226066	-0.45363703	12.71732	0.81904507	0.33931345	1.4351562	-0.64929694	576000	-7.450581e-09	0.14629409	-0.034242224	-0.08930735	1.4677442	0.014529422	0.18375	79.0	81.40709495544434
72	0.7446638	0.25533628	1.0283228	0.73803306	1.5375974	-0.45629883	12.764803	0.84215283	0.36832923	1.560472	-0.7907837	584000	1.0244548e-08	0.11049291	-0.032347005	-0.06794671	1.5042444	0.013665688	0.185125	79.0	82.54858541488647
73	0.69953406	0.27201208	0.95081425	0.7855867	1.5311836	-0.38961247	12.710784	0.8779764	0.33955532	1.4787116	-0.64219296	592000	-3.7252903e-09	0.15885413	-0.030163221	-0.09964203	1.4962946	0.0150239505	0.163625	50.0	83.64206337928772
74	0.77141815	0.20186403	1.0698044	0.70623773	1.5345796	-0.4370805	13.084459	0.84314775	0.36111957	1.5185549	-0.5334468	600000	-3.7252903e-09	0.16467161	-0.033271223	-0.10538946	1.4730239	0.015079851	0.195	47.0	84.66033673286438
75	0.75175637	0.24824367	1.035886	0.73057526	1.5248622	-0.5033757	12.828947	0.846626	0.30304688	1.5069256	-0.40943056	608000	-7.450581e-09	0.11170679	-0.034068115	-0.07388509	1.424943	0.014266925	0.19025	79.0	85.88176703453064
76	0.6757963	0.32420373	0.9029869	0.79931843	1.5277295	-0.5466323	11.953704	0.8364605	0.3791849	1.4848597	-0.46795642	616000	-3.7252903e-09	0.11554757	-0.033433765	-0.07154287	1.4034204	0.015101342	0.17899999	56.0	86.9442777633667
77	0.76558214	0.22035535	1.0548267	0.7160909	1.5320436	-0.7978215	12.968333	0.8480176	0.38061732	1.5114491	-0.70080465	624000	-9.313226e-09	0.11585909	-0.03460168	-0.07912932	1.3776882	0.015002205	0.18925	51.0	88.03438878059387
78	0.69530267	0.2848444	0.95303154	0.7814457	1.5225806	-0.84885764	12.184375	0.85790867	0.36893463	1.4778281	-0.60408527	632000	-7.450581e-09	0.14088657	-0.03611447	-0.08917993	1.4365274	0.013330358	0.20612499	79.0	89.21689939498901
79	0.76816523	0.21864036	1.0693898	0.71699965	1.5407263	-0.36341402	12.707517	0.8327639	0.40800038	1.6482296	-0.87874705	640000	-2.0489097e-08	0.14273928	-0.035234615	-0.10436089	1.3744049	0.015063214	0.173375	70.0	90.40488004684448
80	0.6027352	0.37805957	0.78098005	0.82663614	1.5135511	-0.50836	11.804545	0.7875548	0.4121809	1.7353994	-0.6452064	648000	7.450581e-09	0.21921751	-0.022596993	-0.14710742	1.4367256	0.015486779	0.165875	20.0	91.42909240722656
81	0.6963099	0.29800826	0.9390356	0.7886265	1.5343633	-0.85193306	12.003086	0.81204563	0.3959077	1.5538901	-0.98916924	656000	-2.7939677e-09	0.16763186	-0.033874266	-0.12305768	1.4053601	0.015093245	0.195125	62.0	92.55226421356201
82	0.6574987	0.33555686	0.86485	0.80237246	1.5144047	-0.5304983	12.135093	0.7694762	0.43869302	1.6309264	-1.0189297	664000	9.313226e-10	0.1874066	-0.038671654	-0.1358836	1.3813329	0.014123403	0.21612501	79.0	93.70560503005981
83	0.71941835	0.28058165	0.9773163	0.76651716	1.5323104	-0.4875695	12.102485	0.77792627	0.45508063	1.6748452	-0.5606387	672000	-1.0244548e-08	0.12700945	-0.03431369	-0.0848189	1.3411206	0.015011291	0.17725	67.0	94.8495786190033
84	0.711098	0.28232303	0.96568096	0.7603171	1.5390441	-0.38317585	12.278302	0.8767525	0.34433037	1.4368037	-0.57504684	680000	0.0	0.12073271	-0.03589659	-0.05873596	1.3398902	0.01168252	0.171	79.0	95.98352360725403
85	0.7527151	0.22718254	1.0573976	0.71873933	1.5415978	-0.37061667	12.864239	0.8582143	0.3331747	1.6008404	-0.5805845	688000	-3.7252903e-09	0.11976342	-0.037094623	-0.079715386	1.3633131	0.014617683	0.20425001	79.0	97.15959548950195
86	0.735772	0.25687504	1.0122312	0.74720365	1.5305978	-0.39985827	12.532051	0.813216	0.4136077	1.4714673	-0.64572155	696000	0.0	0.12005494	-0.03436961	-0.07168414	1.3430192	0.015161773	0.19125	71.0	98.37842559814453
87	0.77558357	0.22441643	1.0787019	0.711652	1.5296702	-0.41219637	12.544871	0.8837769	0.34581053	1.4638408	-0.6783353	704000	-7.450581e-09	0.08080378	-0.032020465	-0.050894268	1.3163978	0.015021928	0.191125	52.0	99.52025151252747
88	0.8026077	0.1908133	1.1123855	0.6748303	1.5242807	-0.32356942	12.928333	0.9151906	0.33090094	1.5267931	-0.5709649	712000	-7.450581e-09	0.10198198	-0.034864526	-0.056969374	1.3017244	0.015024496	0.186625	61.0	100.682870388031
89	0.6902113	0.30353868	0.927926	0.78765714	1.5339115	-0.39153203	12.046584	0.82980007	0.38118055	1.4862553	-0.5763049	720000	0.0	0.1426994	-0.036635436	-0.08285495	1.317454	0.013945786	0.195375	79.0	101.8250195980072
90	0.7225773	0.27047828	0.99444395	0.7530931	1.5160245	-0.36276427	12.593549	0.9059065	0.34580046	1.5327585	-0.44000188	728000	7.450581e-09	0.12195562	-0.035222508	-0.082054764	1.2868063	0.012456389	0.18162501	79.0	103.02851510047913
91	0.72360253	0.24693465	1.0072095	0.74512213	1.5252546	-0.54962367	12.976352	0.80442894	0.42138627	1.6288071	-0.79106414	736000	-9.313226e-10	0.14186662	-0.036389302	-0.06661027	1.3174534	0.011639188	0.1855	79.0	104.17302656173706
92	0.76209366	0.18706463	1.0469809	0.73988706	1.5246848	-0.7221553	13.865249	0.8384058	0.37616265	1.5414888	-0.810576	744000	0.0	0.15440428	-0.036800515	-0.099312216	1.3212698	0.013055958	0.194	79.0	105.38901400566101
93	0.8236811	0.15426004	1.158314	0.6581429	1.5326066	-0.8086261	13.415517	0.8607175	0.35269284	1.4602227	-0.8483235	752000	-1.5832484e-08	0.1324188	-0.028825818	-0.087355934	1.2756495	0.015118632	0.1615	44.0	106.40841603279114
94	0.7997549	0.19289216	1.1111568	0.7000444	1.5241702	-0.7740135	12.777778	0.9232612	0.29679194	1.4107522	-0.58775586	760000	4.656613e-09	0.122507	-0.034358934	-0.07022001	1.2590148	0.015026262	0.207625	62.0	107.53575301170349
95	0.76746947	0.22558612	1.0610137	0.7192768	1.5256667	-0.5063072	12.901316	0.8658663	0.37362328	1.5265063	-1.0376369	768000	-9.313226e-10	0.10818	-0.0359744	-0.06489708	1.2596755	0.011729376	0.17337501	79.0	108.67779088020325
96	0.7687672	0.19887987	1.0789056	0.7199614	1.5233805	-0.7619734	13.17687	0.8484297	0.37379366	1.4921733	-1.2966915	776000	4.656613e-09	0.14122221	-0.030847449	-0.08392537	1.2418771	0.015019872	0.170625	43.0	109.7227737903595
97	0.810866	0.16825765	1.1522449	0.6645358	1.5341544	-0.3649649	13.260135	0.849942	0.3712335	1.5252051	-0.67486626	784000	-7.450581e-09	0.11188002	-0.034382947	-0.06793994	1.2588801	0.015144559	0.1665	66.0	110.81357526779175
98	0.77671784	0.21633771	1.0923802	0.70939696	1.5330951	-0.42257097	12.782895	0.9237035	0.34348837	1.5327482	-0.7709164	792000	1.3038516e-08	0.10243804	-0.035127796	-0.059330136	1.2143245	0.015053958	0.18450001	77.0	112.01093888282776
99	0.7322473	0.24791145	1.0143007	0.7498581	1.5383991	-0.48638403	12.614516	0.9057769	0.34483504	1.6038852	-0.45848387	800000	7.450581e-09	0.16282427	-0.027895482	-0.09125103	1.2238804	0.015289283	0.15175	33.0	112.98892831802368
100	0.79232365	0.20032342	1.1121039	0.6968867	1.5298092	-0.726431	12.774671	0.85165894	0.35389593	1.5091188	-0.6288524	808000	0.0	0.14457887	-0.035035726	-0.108110934	1.1910831	0.015052695	0.16775	64.0	114.1090955734253
101	0.78604877	0.20659828	1.1019105	0.6982896	1.5376066	-0.8199239	13.036667	0.89062315	0.3483494	1.4949747	-0.7313643	816000	-1.8626451e-08	0.11700318	-0.03643611	-0.060572222	1.160546	0.01506537	0.17475	77.0	115.26354265213013
102	0.7476151	0.23886158	1.0162235	0.78324157	1.5367055	-0.93092424	12.503226	0.8925407	0.3727893	1.5675515	-1.0496259	824000	1.4901161e-08	0.12063366	-0.036914032	-0.09350796	1.2000899	0.013879374	0.17449999	79.0	116.44531011581421
103	0.69870484	0.27527177	0.9548781	0.8045354	1.5315926	-0.8628121	11.972222	0.8328813	0.46938097	1.5119089	-0.9275044	832000	-1.8626451e-09	0.123777315	-0.037473284	-0.08816323	1.2277825	0.012513243	0.187875	79.0	117.70259094238281
104	0.73511904	0.2516865	1.0077728	0.7686727	1.5216055	-0.8290191	12.447115	0.8291634	0.46338415	1.4453547	-0.8422131	840000	4.656613e-09	0.1446065	-0.03537066	-0.09099387	1.2235153	0.015000597	0.19025001	73.0	118.93728446960449
105	0.6747551	0.3127136	0.912876	0.799039	1.5309826	-0.47281775	11.871988	0.8227949	0.4001268	1.4965607	-0.58885205	848000	2.7939677e-09	0.12875234	-0.032741234	-0.08415468	1.2609372	0.015053855	0.175375	51.0	120.05186605453491
106	0.6712121	0.3225379	0.9136788	0.7912231	1.5322655	-0.41792026	11.739329	0.77007586	0.4674929	1.9666874	-0.7430537	856000	-7.450581e-09	0.14755198	-0.033676688	-0.098535076	1.2384956	0.015147277	0.159625	65.0	121.17012119293213
107	0.7091619	0.27690625	0.96044606	0.7796206	1.5252123	-0.43476063	12.2895565	0.8332506	0.41528106	1.8591697	-0.64090246	864000	5.5879354e-09	0.13274321	-0.03802839	-0.086787745	1.2030537	0.015055844	0.174375	72.0	122.3644471168518
108	0.69643426	0.29731575	0.9600577	0.7761615	1.5327785	-0.43965715	11.806402	0.84431607	0.41477737	1.5811652	-0.9531149	872000	5.122274e-09	0.14035276	-0.035287723	-0.092700005	1.204119	0.015184943	0.182875	48.0	123.39527535438538
109	0.72263485	0.25023884	1.0009981	0.7578261	1.5250803	-0.4091762	12.417197	0.85742295	0.3790507	1.5266634	-0.6063922	880000	-9.313226e-10	0.12897286	-0.023590263	-0.08213295	1.1717542	0.01548578	0.148625	25.0	124.38432264328003
110	0.7878825	0.2058675	1.0913199	0.7104053	1.5392807	-0.42956302	12.604575	0.89980423	0.36289713	1.6175071	-0.7435188	888000	1.8626451e-09	0.12519862	-0.0380413	-0.08855034	1.2029076	0.014683122	0.18149999	79.0	125.52749633789062
111	0.789881	0.20416668	1.100565	0.713871	1.5336319	-0.46436343	12.440705	0.86563694	0.40334707	1.50156	-0.73352474	896000	1.3504177e-08	0.080912076	-0.03469647	-0.06249193	1.1990275	0.015072053	0.175125	63.0	126.63802194595337
112	0.7676782	0.2323218	1.0657275	0.72763693	1.5291365	-0.5149936	12.1953125	0.9203074	0.3503065	1.5476382	-0.6892503	904000	1.8626451e-09	0.07884729	-0.038552262	-0.050338298	1.1804194	0.013145916	0.19637501	79.0	127.77471542358398
113	0.79023457	0.20976542	1.1138699	0.6950081	1.536737	-0.3309803	12.3354435	0.9248988	0.33990097	1.8531245	-0.96765995	912000	-1.8626451e-09	0.078550875	-0.032334078	-0.054822266	1.1482825	0.015053948	0.164125	44.0	128.82155990600586
114	0.70545316	0.28094387	0.95251364	0.77732825	1.5307719	-0.5910705	11.944785	0.85964346	0.39521506	1.7621074	-0.6486156	920000	-1.1175871e-08	0.14336777	-0.036366105	-0.09065426	1.1576122	0.015118487	0.179125	69.0	129.927321434021
115	0.7081629	0.28588468	0.97365445	0.7624692	1.5241702	-0.32010236	12.072982	0.8574857	0.39547792	1.5367229	-0.5656144	928000	-7.450581e-09	0.11187045	-0.037128277	-0.0763433	1.1543224	0.0130160935	0.18762499	79.0	131.10314393043518
116	0.7438024	0.25619757	1.0357798	0.73784727	1.5279902	-0.3947284	12.021605	0.90374136	0.35479987	1.4378911	-0.60017383	936000	1.1175871e-08	0.110133156	-0.03719489	-0.06944836	1.1390545	0.014257077	0.17612499	79.0	132.2434151172638
117	0.8240841	0.1616185	1.1725659	0.63564885	1.5326777	-0.3418265	13.425862	0.9140512	0.33952326	1.6095678	-0.8033945	944000	3.7252903e-09	0.13109484	-0.03620687	-0.09439011	1.1002054	0.013706993	0.17612499	79.0	133.41620635986328
118	0.85490453	0.1450955	1.2156134	0.61557597	1.5323659	-0.41156152	12.82047	0.93309325	0.3037564	1.4715071	-0.46883363	952000	7.450581e-09	0.10031153	-0.029981222	-0.071121916	1.0939683	0.015158881	0.14475	38.0	134.41907596588135
119	0.83609295	0.15696257	1.1968595	0.6216958	1.5693277	-0.45834026	12.993289	0.96179456	0.27631712	1.3439121	-0.7408029	960000	-6.519258e-09	0.10863589	-0.033702694	-0.0648319	1.0752627	0.015025635	0.17362499	60.0	135.54352521896362
120	0.86527646	0.12691103	1.2310534	0.60657316	1.5869884	-0.523118	13.171141	0.9436706	0.28985068	1.4335306	-0.66131604	968000	0.0	0.099184185	-0.036063313	-0.07360852	1.092865	0.011429644	0.183375	79.0	136.81789231300354
121	0.8105211	0.18253447	1.153287	0.6640354	1.5376731	-0.461034	12.577419	0.9302361	0.33694518	1.5816305	-0.64631927	976000	-9.313226e-09	0.090121046	-0.032944024	-0.058717307	1.0965459	0.01502859	0.16225	66.0	137.90022778511047
122	0.78234553	0.21765453	1.0978332	0.7071276	1.5442123	-0.4044062	12.107813	0.923864	0.32967186	1.5207921	-0.5987002	984000	1.8626451e-08	0.0923453	-0.03053604	-0.0566858	1.097275	0.015137082	0.16075	48.0	139.04266953468323
123	0.7510794	0.2419762	1.0447795	0.746065	1.550199	-0.37230107	11.967391	0.902115	0.39154622	1.4769163	-0.72970986	992000	-1.8626451e-09	0.09177079	-0.034525696	-0.05812126	1.1086602	0.014052045	0.159375	79.0	140.1749701499939
124	0.80871826	0.1912817	1.1385088	0.68296766	1.5287038	-0.41938764	12.26424	0.9217507	0.3341971	1.619081	-0.49978158	1000000	3.7252903e-09	0.10276142	-0.033251133	-0.06601502	1.0693918	0.015108248	0.14425	52.0	141.31747817993164
125	0.76173246	0.20427632	1.083616	0.715966	1.5303998	-0.83522016	12.700331	0.93798155	0.30067056	1.5794326	-0.8090457	1008000	1.8626451e-09	0.16787484	-0.03971251	-0.13098687	1.1124299	0.013867682	0.195625	79.0	142.47126245498657
126	0.76349884	0.21599035	1.0638994	0.73892426	1.533283	-0.8360188	12.814569	0.84659094	0.38124156	1.4383429	-0.8696952	1016000	-3.7252903e-09	0.13137719	-0.03383357	-0.08636514	1.1222025	0.01500653	0.17037499	47.0	143.5547091960907
127	0.7406576	0.24573943	1.0337385	0.75619644	1.537643	-0.8208673	11.667665	0.8686239	0.3453702	1.6763184	-0.66672313	1024000	-5.5879354e-09	0.107186176	-0.032995854	-0.0742556	1.1187272	0.01509992	0.17037499	49.0	144.6083424091339
128	0.74498373	0.25501627	1.0201231	0.76384217	1.5329006	-0.5093779	11.959877	0.8744416	0.3969277	1.7245843	-0.59887373	1032000	9.313226e-09	0.11586246	-0.032054678	-0.0767336	1.1574988	0.015065178	0.17400001	52.0	145.71790599822998
129	0.7749355	0.18135536	1.0704124	0.75870574	1.5313812	-1.0342612	13.328767	0.82411635	0.4403305	1.8253611	-0.89325255	1040000	-5.5879354e-09	0.2073977	-0.027329335	-0.17675267	1.1694913	0.01517698	0.160375	29.0	146.6736536026001
130	0.76506656	0.23493347	1.0655224	0.7311709	1.5475	-0.42899886	12.182813	0.82905567	0.41352943	1.4428514	-0.67947644	1048000	-1.1175871e-08	0.17135626	-0.03441915	-0.12369159	1.1511948	0.015153395	0.17175001	53.0	147.8155608177185
131	0.76538223	0.2283678	1.061932	0.7357332	1.5258846	-0.54267657	12.275316	0.86134243	0.42843714	1.7368625	-1.2736151	1056000	2.7939677e-09	0.16605265	-0.027647369	-0.11407915	1.1307957	0.015159918	0.145125	41.0	148.8160982131958
132	0.7945717	0.19113094	1.1313899	0.6813545	1.5392807	-0.4251115	12.594156	0.9369082	0.32309023	1.8866421	-0.55026054	1064000	-1.4901161e-08	0.11380922	-0.018453589	-0.06584808	1.1328908	0.015177467	0.154125	16.0	149.81878685951233
133	0.74542606	0.24832393	1.0316187	0.7504365	1.5392656	-0.38949776	12.295597	0.92126095	0.31255284	1.4841676	-0.80440795	1072000	1.8626451e-09	0.14181605	-0.036567368	-0.10314801	1.1644324	0.015007726	0.18325	74.0	150.94490838050842
134	0.7551782	0.23129842	1.0472393	0.7590177	1.5470436	-1.0793163	12.412974	0.8868442	0.3461959	1.5195018	-0.47587425	1080000	0.0	0.13336776	-0.024471361	-0.08833261	1.1281528	0.015137441	0.15225	25.0	151.99243068695068
135	0.7707696	0.20070857	1.0812751	0.7187665	1.5428673	-0.69328237	12.571896	0.8964233	0.36997038	1.4356855	-0.77494836	1088000	0.0	0.15912612	-0.024390217	-0.1136187	1.1546655	0.015238866	0.170625	24.0	152.965815782547
136	0.7338817	0.24524198	0.99914587	0.77586323	1.5666206	-0.8231471	12.1603775	0.81664544	0.42112073	1.4370594	-0.9493217	1096000	-3.7252903e-09	0.13329574	-0.036336016	-0.09123403	1.195709	0.010781971	0.17725	79.0	154.30943846702576
137	0.71120644	0.2618853	0.97185355	0.78516924	1.5926065	-0.7968663	12.193397	0.8496312	0.40733418	1.575855	-0.76285017	1104000	-1.1175871e-08	0.18728328	-0.035351243	-0.10709177	1.1639299	0.015000418	0.17950001	68.0	155.41047477722168
138	0.82820785	0.17179218	1.1632787	0.6535638	1.5402974	-0.45685014	12.810457	0.8902843	0.3072126	1.4003536	-0.58014107	1112000	9.313226e-10	0.08799173	-0.034233622	-0.06285201	1.1254265	0.015015982	0.167625	59.0	156.51138734817505
139	0.7612563	0.23874371	1.0511998	0.7322618	1.5351042	-0.4043578	12.276898	0.89482427	0.3631892	1.3807775	-0.7358047	1120000	3.7252903e-09	0.10026632	-0.036864154	-0.0709995	1.1369132	0.014508612	0.179625	79.0	157.6556830406189
140	0.81836945	0.15303577	1.1448872	0.6968924	1.5347581	-1.185478	13.47028	0.9288352	0.30916438	1.4839807	-0.9136058	1128000	3.7252903e-09	0.15098289	-0.0343733	-0.10593215	1.1180452	0.015517723	0.18737501	52.0	158.73396635055542
141	0.7656485	0.16242689	1.0600578	0.75684714	1.5351462	-1.2049079	13.727113	0.85023814	0.45464537	1.3894851	-1.1023675	1136000	2.9802322e-08	0.18709426	-0.031092778	-0.117924124	1.1005743	0.015013506	0.177	59.0	159.8031964302063
142	0.8580689	0.13457817	1.2192585	0.6074989	1.5396698	-0.7549102	13.376736	0.8063559	0.41017357	1.5326134	-0.9273203	1144000	-3.7252903e-09	0.19765654	-0.028992835	-0.15212005	1.1332488	0.015022131	0.16337499	39.0	160.82971572875977
143	0.857955	0.12774768	1.2346803	0.5909521	1.5362641	-0.62442005	13.306123	0.95806634	0.24956621	1.4751029	-0.67257637	1152000	1.4901161e-08	0.11988446	-0.028532572	-0.06871584	1.1133063	0.015014847	0.15937501	47.0	161.86692070960999
144	0.85697734	0.12785718	1.2127475	0.6456073	1.5442564	-1.2339288	13.423611	0.90889776	0.3124213	1.3788655	-0.5171783	1160000	1.4901161e-08	0.13773263	-0.025621828	-0.09318693	1.1018201	0.015078806	0.14287499	34.0	162.88656282424927
145	0.8320073	0.14536196	1.1605574	0.6661035	1.5401256	-0.36893818	13.726786	0.92680556	0.32560465	1.6583569	-0.5678509	1168000	1.44355e-08	0.16963468	-0.02395543	-0.12175185	1.1206968	0.015544232	0.1455	23.0	163.8320484161377
146	0.80645883	0.18729115	1.1387213	0.67420506	1.5484753	-0.4279423	12.679032	0.9315879	0.30682626	1.4779745	-0.6922521	1176000	6.519258e-09	0.1215706	-0.030074604	-0.0733613	1.1130171	0.015005307	0.16787499	42.0	164.9267761707306
147	0.7904918	0.19561926	1.1310031	0.6837635	1.5403448	-0.7798564	12.746711	0.93756187	0.2882163	1.4397151	-0.6686005	1184000	-3.7252903e-09	0.12259517	-0.030633815	-0.08271475	1.1112506	0.015008732	0.144125	50.0	165.98672747612
148	0.71976817	0.26670843	0.9864437	0.7913605	1.5452738	-0.6656035	12.343949	0.8603696	0.4136144	1.789069	-0.6390747	1192000	-6.0535967e-09	0.18437544	-0.037314333	-0.1276826	1.1060646	0.012691146	0.19775	79.0	167.2149612903595
149	0.80153984	0.18457127	1.1372918	0.68735087	1.5483255	-0.58144027	12.649351	0.88475186	0.33942574	1.5969638	-0.6038916	1200000	7.450581e-09	0.17192619	-0.034990795	-0.12842591	1.0899963	0.0151004605	0.16012499	48.0	168.2358500957489
150	0.78928566	0.19755639	1.1151214	0.712146	1.5338308	-1.0213522	12.410256	0.9397703	0.3390191	1.7388223	-0.5104624	1208000	-1.3038516e-08	0.16646059	-0.0346966	-0.13390745	1.0815864	0.01504567	0.179625	46.0	169.29014825820923
151	0.7826359	0.1968532	1.0916587	0.73402476	1.5500258	-1.0016148	12.569355	0.8930637	0.34817308	1.6883869	-0.54724276	1216000	-1.8626451e-09	0.13908851	-0.032854028	-0.0965862	1.0837358	0.015068144	0.158375	51.0	170.33232164382935
152	0.767437	0.22521009	1.073775	0.72649693	1.5545796	-0.80154	12.177018	0.88923204	0.3660991	1.5399632	-1.1345973	1224000	7.450581e-09	0.112404704	-0.026383404	-0.068179026	1.103769	0.015230795	0.14037499	37.0	171.35406732559204
153	0.77045596	0.21602063	1.0703357	0.7313962	1.5518667	-0.59452087	12.2562895	0.9219248	0.3075543	1.7762067	-0.6263637	1232000	0.0	0.14224029	-0.027936578	-0.08363393	1.0885482	0.015131978	0.14775	31.0	172.3704113960266
154	0.79783833	0.20216167	1.1256129	0.7044634	1.5547144	-0.5024803	12.382166	0.8587322	0.3849198	1.6579729	-1.2713667	1240000	-3.7252903e-09	0.14866462	-0.035842024	-0.11097404	1.1201841	0.015208155	0.164625	65.0	173.5847885608673
155	0.78952324	0.20353231	1.1056782	0.7016522	1.5581594	-0.44622523	12.566559	0.9079199	0.35166094	1.427489	-0.50266427	1248000	0.0	0.097362466	-0.035480715	-0.06213127	1.0872225	0.010592662	0.1715	79.0	174.75075507164001
156	0.77196676	0.22803324	1.0752703	0.71415925	1.5298223	-0.36924142	12.458064	0.8903812	0.3940895	1.575833	-1.124347	1256000	-2.7939677e-09	0.10898487	-0.037826523	-0.072066344	1.1239686	0.014609333	0.18175	79.0	175.93460321426392
157	0.7669643	0.22645676	1.0704557	0.733515	1.5307798	-0.7009352	12.691176	0.8987811	0.3859221	1.6924801	-1.1645145	1264000	-9.313226e-09	0.14062299	-0.036598146	-0.105111584	1.1286247	0.015013766	0.1825	74.0	177.09631896018982
158	0.7723517	0.2276483	1.0672127	0.7250096	1.5328059	-0.39735773	12.135938	0.90670794	0.32488552	1.5838572	-0.6998642	1272000	3.7252903e-09	0.09581787	-0.03560151	-0.06402941	1.0924076	0.015120591	0.18775001	63.0	178.23541259765625
159	0.8273865	0.15901057	1.1679043	0.675224	1.5453818	-0.7619007	13.0168915	0.9380969	0.313225	1.677857	-0.5712631	1280000	9.313226e-09	0.08142065	-0.040196985	-0.05275319	1.1093377	0.011941742	0.180125	79.0	179.3704755306244
160	0.8149227	0.18507728	1.1637441	0.6559511	1.5388601	-0.358619	12.248427	0.9527123	0.36449146	1.6072329	-0.92193735	1288000	7.450581e-09	0.08841835	-0.03712956	-0.06507991	1.0610108	0.014152691	0.181375	79.0	180.58128356933594
161	0.67629623	0.31712478	0.913029	0.80838263	1.5288109	-0.4578189	11.489706	0.86326855	0.44037274	1.8599545	-0.9485485	1296000	1.8626451e-09	0.10833042	-0.023530677	-0.06776624	1.1384149	0.015007856	0.15512499	23.0	181.52769255638123
162	0.76103526	0.20582762	1.0563645	0.732313	1.5440155	-0.622863	12.808724	0.8608344	0.4059497	1.7880996	-0.69537383	1304000	-5.5879354e-09	0.18140346	-0.038098045	-0.11380849	1.0968289	0.012823641	0.184625	79.0	182.7080156803131
163	0.79507625	0.20492378	1.1268826	0.67555577	1.5373223	-0.3834151	12.537337	0.8557689	0.3485415	1.6057413	-0.65789115	1312000	-5.5879354e-09	0.15635368	-0.029210806	-0.119543895	1.0468875	0.0150855025	0.15425	43.0	183.83421182632446
164	0.7486846	0.25131541	1.05211	0.7184128	1.5405054	-0.407101	12.525641	0.86298	0.34789553	1.7238846	-0.6775909	1320000	-5.5879354e-09	0.13643363	-0.03206189	-0.09000553	1.1025295	0.01518063	0.157125	49.0	184.98098421096802
165	0.83916837	0.1545816	1.1904538	0.6264612	1.5273359	-0.43402082	13.16723	0.90272164	0.35621354	1.6818281	-0.7003459	1328000	0.0	0.08086888	-0.032451287	-0.05889739	1.078905	0.015053511	0.16475	54.0	186.12490916252136
166	0.88744843	0.10519866	1.2843122	0.5353935	1.5400258	-0.44545946	13.5	0.986175	0.23331879	1.6415955	-0.8140404	1336000	-3.7252903e-09	0.081777155	-0.03025512	-0.05536464	1.0443296	0.015014216	0.15975	62.0	187.21380472183228
167	0.86431086	0.12093224	1.2286036	0.60084194	1.5400258	-0.6834632	13.632867	0.9506285	0.28946865	1.5271218	-0.68482023	1344000	-1.6763806e-08	0.11002764	-0.03724905	-0.0604468	1.0742362	0.015087303	0.19437501	76.0	188.44741821289062
168	0.86593914	0.12711637	1.2349061	0.60770476	1.5597465	-0.9008586	12.961921	0.9617365	0.24815825	1.3984044	-0.363921	1352000	-3.7252903e-09	0.08791095	-0.0310704	-0.048814774	1.0552703	0.015181838	0.17175001	46.0	189.47014999389648
169	0.86515766	0.12131892	1.2460909	0.5877391	1.5343814	-0.355755	13.124172	0.9407236	0.3008067	1.5219007	-0.5999404	1360000	-1.3038516e-08	0.12804767	-0.035364814	-0.09162454	1.032089	0.0148731	0.195125	79.0	190.74502539634705
170	0.84290266	0.15015285	1.1965675	0.6439384	1.5378742	-0.47929657	12.854304	0.93096405	0.30959475	1.6483924	-1.2375338	1368000	-3.7252903e-09	0.11082983	-0.033540882	-0.061718836	1.0300577	0.015070642	0.162375	50.0	191.7952048778534
171	0.8215032	0.15754092	1.1718285	0.66801566	1.5547206	-0.46704918	12.666667	0.9275495	0.35529107	1.6991061	-1.0720468	1376000	7.450581e-09	0.10319024	-0.027398558	-0.059972905	1.0218375	0.015075296	0.136125	36.0	192.83126592636108
172	0.85910094	0.13395467	1.2386914	0.61039454	1.5438042	-0.42553356	12.769481	0.9381594	0.3078504	1.5087116	-0.7311748	1384000	7.450581e-09	0.06298542	-0.03734784	-0.038454615	1.0508044	0.013969347	0.17912501	79.0	193.96578335762024
173	0.75128734	0.2487127	1.0418068	0.7521959	1.5423288	-0.6435907	12.024692	0.9182499	0.32213286	1.5682855	-0.52021384	1392000	-5.5879354e-09	0.12232129	-0.03520959	-0.08497498	1.0323298	0.012211858	0.17362499	79.0	195.15518617630005
174	0.7670317	0.22638935	1.0836225	0.7317309	1.5489774	-0.69017535	11.939815	0.88576	0.35263872	1.6342523	-0.5466254	1400000	1.3969839e-09	0.15529475	-0.028706942	-0.10548644	1.0368817	0.01518289	0.156125	34.0	196.1412537097931
175	0.8584064	0.14159358	1.2331799	0.61127084	1.5392675	-0.39950123	12.474359	0.886433	0.36623442	1.8661345	-0.5032463	1408000	-9.313226e-09	0.115283415	-0.036898553	-0.08004258	1.0408182	0.0150636025	0.16974999	64.0	197.2694149017334
176	0.77831554	0.21510547	1.0853848	0.7340723	1.5493814	-0.9091211	12.055555	0.944192	0.31861937	1.44011	-0.48560375	1416000	1.3038516e-08	0.116540484	-0.027415339	-0.06702484	1.0571275	0.015193129	0.13975	26.0	198.21235036849976
177	0.7793712	0.21368435	1.0973454	0.71537	1.5525	-0.4505627	12.120313	0.85175437	0.41597435	1.5161827	-0.63586944	1424000	7.450581e-09	0.13562627	-0.038624946	-0.10016158	1.0859721	0.015068578	0.199	75.0	199.36572122573853
178	0.8060516	0.19394842	1.1411365	0.6754752	1.540954	-0.46356505	12.599026	0.9227409	0.31237832	1.7151486	-0.6414233	1432000	-3.7252903e-09	0.123847276	-0.030261891	-0.08650425	1.0657905	0.015058849	0.163375	46.0	200.39515709877014
179	0.8267283	0.16632727	1.1831118	0.65052694	1.5350906	-0.41796267	12.612013	0.927573	0.3311189	1.5718634	-0.45523283	1440000	5.5879354e-09	0.08120884	-0.033034496	-0.057368696	1.0595801	0.015073888	0.165875	63.0	201.55910754203796
180	0.74649405	0.246927	1.0489409	0.74275357	1.5429006	-0.45200932	11.863636	0.9146257	0.3656946	1.5183477	-0.8728862	1448000	1.8626451e-09	0.13435933	-0.03410182	-0.08279117	1.0390458	0.015025476	0.17037499	64.0	202.64705872535706
181	0.74213725	0.24315685	1.0199351	0.76639	1.5380538	-0.670298	12.318471	0.8631597	0.40246597	1.6954067	-1.2034239	1456000	-1.1175871e-08	0.16071048	-0.038280945	-0.12564607	1.0568116	0.013080867	0.16725	79.0	203.82611751556396
182	0.6931875	0.30056256	0.94662786	0.8000483	1.544139	-0.51540583	11.691617	0.8257849	0.4834648	1.6708677	-1.4671549	1464000	-7.450581e-09	0.1718107	-0.038126588	-0.11947418	1.0723906	0.013225054	0.17912501	79.0	204.9726915359497
183	0.7259944	0.2670611	1.0101994	0.7727041	1.5350258	-0.39044094	11.376453	0.8391739	0.40339226	1.7911059	-0.80865574	1472000	-3.7252903e-09	0.14100021	-0.03881859	-0.11425334	1.0334017	0.014441336	0.17875001	79.0	206.15135073661804
184	0.8063013	0.19369873	1.1642704	0.6506346	1.5422657	-0.3843513	11.986111	0.9376293	0.340687	1.7547927	-0.70551616	1480000	1.1175871e-08	0.12130598	-0.030434571	-0.09244593	0.9899267	0.015135974	0.1575	43.0	207.16912245750427
185	0.77381635	0.20517677	1.0698242	0.7392853	1.5475	-0.69337004	12.702922	0.8801892	0.3752992	1.5508628	-0.670181	1488000	1.3038516e-08	0.13127132	-0.031187944	-0.07715686	1.0499351	0.015098132	0.14475	38.0	208.1907651424408
186	0.7550386	0.21963242	1.0568534	0.74039435	1.5357947	-0.5037725	12.490385	0.8824066	0.3964853	1.7699705	-0.5611668	1496000	7.450581e-09	0.12151179	-0.026828304	-0.07373874	1.0390043	0.015216399	0.14500001	35.0	209.20213961601257
187	0.7989501	0.18785554	1.15014	0.6616953	1.5417893	-0.32504135	12.436306	0.9644304	0.2907388	1.5157584	-0.5394757	1504000	-3.7252903e-09	0.12188427	-0.03187666	-0.076702416	1.0068638	0.015075741	0.16575	46.0	210.27043843269348
188	0.8004687	0.18670236	1.12872	0.69320613	1.5629108	-0.654611	12.702303	0.9010363	0.36020768	1.8364304	-0.6696277	1512000	-1.4901161e-08	0.12088923	-0.036601312	-0.086721286	1.0150361	0.01521035	0.16725	71.0	211.4001591205597
189	0.7649673	0.22808824	1.0761157	0.71935916	1.541264	-0.32679552	12.141304	0.9037635	0.39373508	1.5652707	-0.8319327	1520000	-7.450581e-09	0.09887083	-0.027344985	-0.05205305	1.0202074	0.015120418	0.143375	42.0	212.49729084968567
190	0.85158885	0.12716934	1.2355452	0.597962	1.5336518	-0.72582257	13.163852	0.9472324	0.32788214	1.8911211	-0.48393884	1528000	-3.7252903e-09	0.11303313	-0.036653586	-0.075864576	1.0046806	0.015011545	0.163875	65.0	213.61600255966187
191	0.829167	0.1491827	1.1707714	0.6773808	1.5396447	-0.8022387	13.082214	0.8913776	0.3758611	1.6186955	-0.538034	1536000	-7.450581e-09	0.09330387	-0.0344715	-0.05753953	1.0326123	0.0150152035	0.16975	69.0	214.7973051071167
192	0.83955675	0.16044325	1.2028003	0.6352333	1.5439467	-0.34070852	12.286163	0.964483	0.28486165	1.5365093	-0.47211576	1544000	1.1175871e-08	0.05879934	-0.028540004	-0.03922298	0.97695297	0.0151151195	0.143	50.0	215.88321685791016
193	0.8353242	0.14343396	1.2193143	0.6166312	1.5546447	-0.8318619	13.229591	0.99012524	0.24267232	1.5939164	-0.36366373	1552000	1.1175871e-08	0.15823716	-0.030929659	-0.116422005	0.9992484	0.015111052	0.17137499	60.0	216.96245121955872
194	0.8119195	0.15149961	1.1425989	0.7055602	1.5449306	-0.8208999	13.32313	0.8482064	0.40889627	1.7504053	-0.6107961	1560000	-2.2351742e-08	0.106135234	-0.03030949	-0.06595507	1.0098073	0.015064323	0.13425	45.0	217.98112320899963
195	0.83876354	0.15498643	1.1992697	0.6478724	1.547737	-0.65322465	12.533654	0.9684286	0.26509905	1.5308422	-0.5380228	1568000	1.8626451e-09	0.095968306	-0.035413645	-0.06749734	0.9841523	0.014568122	0.1765	79.0	219.18864917755127
196	0.8087778	0.17733325	1.1604456	0.6751399	1.5441569	-0.5937087	12.34019	0.9279349	0.36469722	1.7723137	-0.94047326	1576000	5.5879354e-09	0.10681313	-0.031735025	-0.06989999	0.9682897	0.015104914	0.1575	57.0	220.34778308868408
197	0.77928114	0.22071895	1.0883665	0.7354182	1.5479006	-0.6641664	12.218153	0.9043003	0.36445007	1.4813576	-0.7425399	1584000	0.0	0.09466764	-0.032313265	-0.064868145	0.9789902	0.015081298	0.15687498	56.0	221.39888167381287
198	0.78887796	0.1982252	1.1169713	0.70803744	1.5498593	-0.8046941	12.003105	0.91693026	0.37741053	1.58811	-0.9524122	1592000	-2.2351742e-08	0.1131091	-0.033863407	-0.07729994	0.97361183	0.015134206	0.154125	57.0	222.55413269996643
199	0.8266447	0.17335527	1.1931928	0.63811684	1.5382106	-0.6615454	12.400641	0.93697673	0.32182446	1.6453786	-0.87141585	1600000	0.0	0.12970573	-0.03626087	-0.08857241	0.9912182	0.015001998	0.174125	71.0	223.65521001815796
200	0.82119423	0.17880577	1.1598642	0.68503356	1.5500258	-0.6871992	12.180124	0.9527122	0.31925726	1.5694828	-0.67840445	1608000	-7.450581e-09	0.10932009	-0.0362634	-0.07328839	0.99444264	0.01233683	0.17037499	79.0	224.94726061820984
201	0.7261487	0.27385128	1.0145308	0.77400404	1.5625	-0.41901425	11.18608	0.91678953	0.36706775	1.5478481	-0.6824577	1616000	-1.4901161e-08	0.10652672	-0.03636857	-0.0779244	1.004104	0.012719865	0.168125	79.0	226.08596467971802
202	0.8397661	0.16023391	1.2069635	0.6276977	1.5362641	-0.3687638	12.543549	0.9297174	0.32473087	1.704843	-0.79191864	1624000	1.0244548e-08	0.12997347	-0.036667876	-0.08887333	1.0050955	0.014822278	0.16025001	79.0	227.26620769500732
203	0.7780545	0.2219455	1.100073	0.71841174	1.5503998	-0.49572307	11.8727	0.9619549	0.30021217	1.5384722	-0.7802815	1632000	-3.7252903e-09	0.09861846	-0.037248664	-0.075061165	1.0346272	0.01447471	0.19325	79.0	228.40494680404663
204	0.78828275	0.19855937	1.1197778	0.71292484	1.5539467	-0.85089415	12.23125	0.86806697	0.419804	1.6668128	-0.84152704	1640000	-2.2351742e-08	0.13909131	-0.03007847	-0.09786494	0.98417497	0.015007767	0.15650001	44.0	229.5208501815796
205	0.7797515	0.2011696	1.0956557	0.716712	1.5462191	-0.7049908	12.761438	0.90651834	0.36944166	1.5067304	-0.52723086	1648000	-1.8626451e-09	0.11130217	-0.036496643	-0.078197	1.0146765	0.015005358	0.17375	59.0	230.6418116092682
206	0.76910484	0.23089519	1.0642766	0.7426082	1.5491922	-0.47967452	12.033951	0.8887617	0.39818075	1.4724798	-0.9405665	1656000	-7.450581e-09	0.116407715	-0.04204743	-0.084137484	1.0266807	0.015028455	0.20475	79.0	231.84092330932617
207	0.7504134	0.22422633	1.0497928	0.7571502	1.5462191	-0.688022	12.023149	0.87817144	0.3913045	1.6066418	-0.49751657	1664000	-9.313226e-10	0.15158679	-0.034006387	-0.0945113	0.99764484	0.015016761	0.15975	60.0	232.91794776916504
208	0.7557551	0.23174487	1.0635414	0.7450162	1.5463736	-0.76724	11.799699	0.92126894	0.35490206	1.5587883	-0.79553574	1672000	1.8626451e-08	0.10545583	-0.03177765	-0.0748803	0.98386145	0.015089607	0.1595	40.0	233.97207069396973
209	0.7306064	0.25024682	1.0204511	0.7649024	1.5448092	-0.73091155	12.123457	0.8669266	0.44429857	1.667929	-0.9162211	1680000	-1.1175871e-08	0.15457433	-0.03796141	-0.105046906	1.0105896	0.0152146	0.17125	68.0	235.09976196289062
210	0.7027725	0.27169275	0.96930766	0.787797	1.5531209	-0.7357818	11.865151	0.8006719	0.43879226	1.528614	-1.0043608	1688000	-9.313226e-09	0.11789814	-0.03690085	-0.07692954	1.0440139	0.015003997	0.176625	68.0	236.24394631385803
211	0.8577433	0.13531223	1.2396117	0.591501	1.5491878	-0.33056968	12.705882	0.93352526	0.36173305	1.6129543	-0.7619269	1696000	-2.2351742e-08	0.10712595	-0.024159882	-0.07526219	0.94168425	0.015385798	0.13187501	25.0	237.2195119857788
212	0.7589704	0.22714078	1.0727289	0.71921927	1.5743492	-0.5400579	12.382166	0.92591804	0.3196891	1.4780734	-0.511582	1704000	-1.1175871e-08	0.13113788	-0.03720695	-0.07859655	0.9875749	0.015100067	0.177625	65.0	238.34957599639893
213	0.7375797	0.2624203	1.0288647	0.74010897	1.5534753	-0.3789683	11.924847	0.8163062	0.44281462	1.531457	-1.5423527	1712000	-9.313226e-09	0.12356481	-0.035873838	-0.09425671	0.99537784	0.015089649	0.158375	74.0	239.5294895172119
214	0.8944708	0.07647489	1.2906915	0.5674923	1.5420436	-0.8756957	13.660212	0.9383593	0.3100788	1.554398	-0.47150257	1720000	-3.7252903e-09	0.12007508	-0.032976925	-0.094440065	0.9851187	0.015032157	0.16375001	45.0	240.5880742073059
215	0.8671827	0.1254644	1.234585	0.59641993	1.535954	-0.59883916	13.3989725	0.94831383	0.30097517	1.7293535	-0.5294553	1728000	-1.8626451e-08	0.08501348	-0.024337016	-0.050657175	0.96949893	0.0150061725	0.142375	32.0	241.57325196266174
216	0.81991434	0.17383564	1.1716075	0.64544266	1.5869884	-0.3655172	12.633224	0.9375643	0.29286432	1.482736	-0.695639	1736000	0.0	0.08936301	-0.029411722	-0.05782763	0.9337716	0.015013844	0.159375	41.0	242.62854075431824
217	0.8922385	0.0941585	1.2939299	0.5262004	1.5869884	-0.40776193	13.458333	0.95652807	0.28540027	1.5918367	-0.43517312	1744000	3.7252903e-09	0.114208326	-0.03469602	-0.070847996	0.9805155	0.011061612	0.15612501	79.0	243.76473188400269
218	0.8463267	0.15367329	1.2025152	0.64682424	1.5414339	-0.6867302	12.537337	0.97018987	0.25671726	1.5397735	-0.3979728	1752000	-8.381903e-09	0.08596966	-0.034942098	-0.05608993	0.9440711	0.015029543	0.164875	71.0	244.91650581359863
219	0.8319653	0.15520573	1.1932199	0.6528589	1.5529468	-0.66601914	12.635621	0.9693566	0.2985946	1.4813244	-0.62096125	1760000	-1.1175871e-08	0.107764706	-0.02082637	-0.052817777	0.9481944	0.015237544	0.1475	20.0	245.8357274532318
220	0.8023367	0.18373138	1.1478695	0.68965197	1.5951478	-0.8404824	12.096875	0.93073	0.32397825	1.6654323	-0.55877364	1768000	-7.450581e-09	0.087759696	-0.03342057	-0.060154248	0.9540566	0.015295854	0.165875	49.0	246.91518425941467
221	0.77558506	0.21816498	1.098549	0.70655036	1.5548223	-0.37207004	12.169753	0.8887394	0.39135903	1.9220536	-0.8152827	1776000	9.313226e-09	0.12462371	-0.03835668	-0.07758408	0.935271	0.012931145	0.18125	79.0	248.0689673423767
222	0.8343501	0.15176104	1.1916438	0.656551	1.5475	-0.57835764	12.583333	0.93535876	0.30151072	1.5226619	-0.4683374	1784000	-9.313226e-10	0.119928576	-0.036041584	-0.07934852	0.93351257	0.015060683	0.158375	67.0	249.2648904323578
223	0.8557331	0.14426692	1.2330775	0.60799396	1.5481548	-0.3591019	12.538462	0.95627695	0.2985179	1.7245865	-0.61618435	1792000	-4.656613e-09	0.11032833	-0.035854958	-0.07437942	0.94187534	0.015011948	0.165375	70.0	250.48643493652344
224	0.82815754	0.17184249	1.1838036	0.6572054	1.54	-0.56333476	12.286163	0.9431496	0.31176934	1.5962601	-0.46002072	1800000	5.5879354e-09	0.10915618	-0.032457225	-0.07849636	0.9547713	0.015057092	0.154625	51.0	251.52595901489258
225	0.7522917	0.24770832	1.0509002	0.74912053	1.5588944	-0.43738344	11.646707	0.95723766	0.28980497	1.6402866	-0.48761025	1808000	1.4901161e-08	0.13591035	-0.038582087	-0.09320488	0.9712803	0.01500313	0.18037501	71.0	252.7274751663208
226	0.7855513	0.19279838	1.1057608	0.7198808	1.5562398	-0.6319137	12.485577	0.8632733	0.38806608	1.5184836	-0.8119509	1816000	7.450581e-09	0.1613141	-0.029931258	-0.12625052	0.9812938	0.015067639	0.15725	32.0	253.70499229431152
227	0.79524857	0.16829312	1.1154983	0.73356026	1.5440155	-1.1149383	13.160473	0.87504536	0.3702028	1.5932814	-0.9577532	1824000	1.1175871e-08	0.16203633	-0.022179745	-0.112896055	0.9727694	0.015601541	0.14050001	19.0	254.77409482002258
228	0.78379834	0.17970033	1.1039985	0.72725403	1.5531594	-1.115245	12.993333	0.8694232	0.43558183	1.516707	-1.0431709	1832000	9.313226e-09	0.124870956	-0.03241148	-0.078741655	0.9878011	0.01517092	0.18112502	52.0	255.81783413887024
229	0.76838326	0.22467226	1.0709589	0.7400263	1.546264	-0.80820817	12.1171875	0.8901959	0.38144258	1.818479	-0.9074275	1840000	0.0	0.14559373	-0.029516293	-0.10705217	1.0047317	0.0150074065	0.15225	44.0	256.9320299625397
230	0.78848684	0.19868422	1.1105193	0.7184998	1.5448223	-0.7473105	12.524038	0.89795667	0.34502888	1.5669198	-0.9921806	1848000	-5.5879354e-09	0.15151714	-0.038270503	-0.11725058	0.9829315	0.014351368	0.178375	79.0	258.09184193611145
231	0.7831672	0.19726211	1.0791147	0.7470727	1.5442564	-0.91038406	12.611111	0.9038359	0.3614211	1.4306939	-0.6976598	1856000	3.7252903e-09	0.12788713	-0.036680367	-0.08447364	1.0117522	0.013477378	0.18037501	79.0	259.3309323787689
232	0.8181205	0.17452656	1.1617872	0.66799086	1.5425508	-0.7169587	12.495193	0.91241926	0.3772053	1.6118989	-1.0979803	1864000	-5.5879354e-09	0.100570746	-0.030620594	-0.070523515	0.96367747	0.015198797	0.15175	37.0	260.3273928165436
233	0.83294743	0.16047364	1.2026126	0.6314097	1.5517893	-0.33122167	12.309749	0.9665128	0.28462228	1.6300416	-0.8762285	1872000	0.0	0.090583906	-0.023824785	-0.056275122	0.9277478	0.015204632	0.13475001	22.0	261.3445785045624
234	0.7486898	0.2171965	1.0441948	0.7623035	1.5448223	-0.78026307	12.656451	0.8913119	0.3812319	1.6574359	-0.61824095	1880000	-1.8626451e-09	0.13058457	-0.03421378	-0.091796696	0.98239005	0.015072245	0.182375	68.0	262.45172357559204
235	0.790722	0.19538905	1.1181872	0.70049644	1.5517893	-0.8491663	12.458599	0.86905175	0.4110569	1.4434704	-1.0398717	1888000	-5.5879354e-09	0.1515142	-0.034443054	-0.111794285	0.94784915	0.015003292	0.16149999	56.0	263.61657905578613
236	0.81495404	0.18504596	1.163242	0.6571752	1.5377369	-0.42441657	12.314874	0.94117194	0.31430534	1.8863242	-0.6220771	1896000	-1.8626451e-08	0.08631362	-0.038342416	-0.06479492	0.91737294	0.01500592	0.16212499	73.0	264.72575998306274
237	0.82739294	0.15830968	1.1787196	0.66081166	1.5439467	-0.5971735	12.933333	0.89535415	0.34418866	1.3706357	-0.6304499	1904000	3.7252903e-09	0.106523745	-0.027044166	-0.08115052	0.90382916	0.015157303	0.142625	33.0	265.7322406768799
238	0.8219977	0.17105785	1.180897	0.6527695	1.5370964	-0.41340968	12.551613	0.92277837	0.34740514	1.4081632	-0.8801805	1912000	0.0	0.112354904	-0.02281582	-0.07762668	0.92191947	0.015298743	0.1465	30.0	266.7011137008667
239	0.8602234	0.13977653	1.2381431	0.5882808	1.549011	-0.33021438	12.650327	0.95785034	0.258855	1.4044436	-0.4715282	1920000	3.7252903e-09	0.080688074	-0.02974801	-0.06045545	0.88068557	0.015071278	0.1455	47.0	267.82097697257996
240	0.8941456	0.1058544	1.3003144	0.51342046	1.5509636	-0.37432617	13.123311	0.9804345	0.24315046	1.5716012	-0.45287624	1928000	1.8626451e-08	0.07029547	-0.037413225	-0.044484586	0.91910833	0.01464297	0.1625	79.0	269.2337648868561
241	0.8514138	0.1416418	1.2198431	0.6132261	1.543934	-0.5711333	12.745033	1.0086327	0.20214541	1.4496179	-0.41191033	1936000	-9.313226e-09	0.112231836	-0.031477965	-0.060892016	0.9105032	0.015078979	0.17075	42.0	270.2853045463562
242	0.85448897	0.13856658	1.2290592	0.62128717	1.5411485	-0.44301972	12.625	0.98269445	0.23716459	1.6250392	-0.5583339	1944000	9.313226e-09	0.11109588	-0.037057087	-0.078267634	0.9061184	0.011776222	0.16675	79.0	271.43546509742737
243	0.85260576	0.13309684	1.2221447	0.6313168	1.546921	-0.79178905	13.055369	0.95804673	0.29372555	1.4397914	-0.681889	1952000	-1.1175871e-08	0.12208291	-0.032706164	-0.08208105	0.93096924	0.015047692	0.1625	43.0	272.4897713661194
244	0.8097588	0.18329678	1.1615891	0.6808284	1.5495816	-0.54288554	12.273886	0.9243932	0.3577597	1.451036	-0.75983965	1960000	-1.8626451e-09	0.1004176	-0.035618942	-0.06541684	0.9487692	0.014870033	0.185625	79.0	273.6240110397339
245	0.8331036	0.16064641	1.2003827	0.63235515	1.5378257	-0.54871476	12.477707	0.9632012	0.28044483	1.453835	-0.6564537	1968000	-1.1175871e-08	0.11750932	-0.036933243	-0.078102864	0.8913862	0.0136568155	0.17487499	79.0	274.8134777545929
246	0.77127194	0.21310307	1.0942762	0.7208371	1.5498722	-0.41746607	12.262658	0.8951704	0.37025836	1.8037529	-1.1315225	1976000	-8.381903e-09	0.13576913	-0.03653257	-0.097720325	0.92656296	0.014603639	0.1625	79.0	275.95069575309753
247	0.78690916	0.18965334	1.1373456	0.6912463	1.5444279	-0.36384204	11.972727	0.8926383	0.38507077	1.8541573	-2.0477037	1984000	-5.5879354e-09	0.1474596	-0.029249508	-0.10262817	0.94731945	0.01522938	0.153125	37.0	276.96837997436523
248	0.81419957	0.17922153	1.1668681	0.6557318	1.5452397	-0.3232098	12.426751	0.94890493	0.28998613	1.5155896	-0.3610964	1992000	1.1175871e-08	0.13570948	-0.030686652	-0.09019902	0.9531176	0.0150810275	0.17	43.0	277.97626996040344
249	0.70753354	0.29246646	0.97527444	0.7795177	1.5517317	-0.3368879	11.34593	0.8796891	0.35466027	1.4116299	-0.8780758	2000000	-9.313226e-09	0.120131455	-0.020054482	-0.07311562	0.98834896	0.01513008	0.120625004	15.0	278.92596888542175
250	0.7970381	0.1960175	1.1388316	0.68067	1.5639467	-0.34514838	12.124224	0.87043715	0.41200793	1.528473	-0.9659689	2008000	-5.5879354e-09	0.10761711	-0.03206968	-0.0829405	0.94829047	0.015057434	0.156625	44.0	279.945086479187
251	0.8237939	0.1692617	1.1755587	0.66340345	1.550954	-1.1769766	12.676471	0.9379855	0.31463945	1.7252626	-0.5217521	2016000	4.656613e-09	0.14113012	-0.030526524	-0.089286126	0.9306742	0.015092643	0.16625	37.0	280.9992079734802
252	0.76116145	0.23883858	1.0749401	0.72610366	1.5448223	-0.2895501	11.694277	0.8946617	0.38115212	1.6356277	-0.99808556	2024000	-5.5879354e-09	0.10727583	-0.034716617	-0.078851365	0.97327185	0.015014199	0.16975	57.0	282.07157611846924
253	0.80887586	0.19112411	1.1557966	0.67180246	1.5581594	-0.31027985	12.111801	0.87584484	0.40401408	1.4420805	-0.9388128	2032000	1.3038516e-08	0.10504039	-0.030240491	-0.0878886	0.942714	0.015174726	0.148875	50.0	283.1542763710022
254	0.77123016	0.22251984	1.0759348	0.73599625	1.5512252	-0.7344578	12.123438	0.94641006	0.3123968	1.8054833	-0.77409226	2040000	-1.4901161e-08	0.12462922	-0.03989523	-0.09087543	0.9780245	0.01403698	0.197875	79.0	284.3144807815552
255	0.68660474	0.29598457	0.92942005	0.8087008	1.5502974	-0.72878426	11.647929	0.8549191	0.4257145	1.4970745	-1.3056742	2048000	6.519258e-09	0.15408453	-0.039577156	-0.10668108	0.99306226	0.015059511	0.198	60.0	285.4371693134308
256	0.76366174	0.23633821	1.0879394	0.71772903	1.5522947	-0.42928672	11.405882	0.8927767	0.36393487	1.4964198	-0.6195532	2056000	-4.656613e-09	0.10461961	-0.032332115	-0.0686144	0.88958144	0.01535298	0.15425	47.0	286.4665651321411
257	0.7937059	0.20004416	1.1329963	0.68987226	1.5447462	-0.7046321	12.033951	0.912631	0.3413348	1.4121312	-0.95043707	2064000	7.450581e-09	0.07900598	-0.039991785	-0.054691195	0.9317265	0.012517057	0.169625	79.0	287.6320712566376
258	0.69216454	0.29563314	0.95039517	0.7940407	1.5504794	-0.74214005	11.724398	0.80381894	0.47029504	1.4952966	-1.1180155	2072000	1.5832484e-08	0.11517463	-0.039323673	-0.07995477	1.0060738	0.011574461	0.16637501	79.0	288.7693371772766
259	0.8059405	0.19405952	1.1417248	0.6789207	1.541264	-0.32644224	11.867378	0.88017684	0.38750318	1.5926785	-0.8605119	2080000	-1.8626451e-09	0.10223986	-0.03561309	-0.072809696	0.9253435	0.015031402	0.156375	58.0	289.9131531715393
260	0.7618478	0.2381522	1.0869633	0.7103241	1.5388061	-0.36720866	11.758982	0.9443691	0.34037995	1.4387014	-0.6670083	2088000	0.0	0.15341054	-0.030625865	-0.116876036	0.927683	0.01500507	0.17625001	45.0	290.936874628067
261	0.83673245	0.16326754	1.200776	0.6383915	1.591066	-0.44145885	12.784314	0.9302388	0.3261977	1.367099	-0.6001011	2096000	-3.7252903e-09	0.07479576	-0.02525032	-0.06467332	0.9050103	0.015166175	0.147625	29.0	291.9393243789673
262	0.78601193	0.2139881	1.1220727	0.6959937	1.5459636	-0.5005439	12.087423	0.9321099	0.35439172	1.6231229	-0.8586713	2104000	-5.5879354e-09	0.088718526	-0.018438434	-0.05430515	0.9244593	0.015646152	0.13725	15.0	292.8513240814209
263	0.807303	0.19269699	1.1492764	0.677072	1.5361553	-0.5362503	12.072531	0.9219662	0.34040648	1.4210594	-0.6446082	2112000	1.8626451e-08	0.09980284	-0.036922045	-0.059943207	0.9104296	0.015006784	0.171875	76.0	294.01495122909546
264	0.86433935	0.12126924	1.2439228	0.59359413	1.5312847	-0.73648435	13.104452	0.95982283	0.295603	1.441736	-0.70217764	2120000	7.450581e-09	0.13161352	-0.02721408	-0.09008856	0.9183048	0.015223285	0.151875	26.0	294.966201543808
265	0.84517545	0.14788012	1.2096558	0.64109075	1.5559636	-1.0011246	12.568627	0.93149555	0.30390862	1.5130289	-0.68715525	2128000	-8.381903e-09	0.09743357	-0.03416603	-0.06802007	0.9078056	0.0150972605	0.167	70.0	296.11072039604187
266	0.83010507	0.1698949	1.1934124	0.6545194	1.5531594	-0.372031	12.029503	0.96761006	0.26725647	1.4707274	-0.7151271	2136000	-5.5879354e-09	0.10962952	-0.036272217	-0.077647306	0.8918577	0.013315519	0.168625	79.0	297.24990153312683
267	0.80346656	0.18301009	1.1397657	0.70137084	1.5579512	-0.91505224	12.434713	0.92502785	0.34232742	1.4693574	-0.49924937	2144000	1.4901161e-08	0.17120075	-0.028374601	-0.12396447	0.920361	0.015060212	0.14125001	36.0	298.26509499549866
268	0.7888996	0.20485045	1.1263891	0.69897884	1.5550258	-0.78789914	11.960123	0.9205291	0.3791781	1.5116811	-1.2592554	2152000	7.916242e-09	0.10300741	-0.036105804	-0.06888795	0.9154973	0.012503637	0.1685	79.0	299.4028146266937
269	0.7818552	0.2118948	1.1163057	0.6987708	1.5493814	-0.33683372	12.058282	0.89848816	0.38677457	1.4430158	-0.65550286	2160000	-2.2351742e-08	0.10981528	-0.02352019	-0.074920595	0.88737977	0.0151842395	0.124875	23.0	300.3999309539795
270	0.7845651	0.21543491	1.1240563	0.7009931	1.5439467	-0.42504463	11.840362	0.9033766	0.38007143	1.6124797	-1.1410629	2168000	-7.450581e-09	0.13052994	-0.030027632	-0.0910311	0.8926116	0.015072652	0.143	41.0	301.3980233669281
271	0.7652747	0.22814636	1.0790917	0.74822134	1.5458014	-0.90986073	11.586826	0.913121	0.3674483	1.4827338	-0.67677	2176000	-1.1175871e-08	0.108135045	-0.033701237	-0.070546366	0.9356568	0.015139042	0.161125	55.0	302.4955863952637
272	0.79935205	0.19406898	1.152705	0.6748612	1.5581594	-0.31677774	11.984663	0.8755534	0.41020042	1.4259443	-0.7569523	2184000	-1.8626451e-09	0.1121203	-0.031918325	-0.08577056	0.89136696	0.015223172	0.14975	41.0	303.49640011787415
273	0.7739178	0.22608225	1.0854582	0.7292673	1.5434612	-0.69845396	12.041411	0.9222708	0.34717393	1.4736338	-0.76728034	2192000	-1.4901161e-08	0.12735428	-0.030474095	-0.09070897	0.93295264	0.015062813	0.171125	44.0	304.54165148735046
274	0.7988038	0.18803827	1.1437706	0.68225545	1.548934	-0.40629712	12.308176	0.91039515	0.35174617	1.3447828	-0.86277145	2200000	7.450581e-09	0.11244112	-0.034366876	-0.071132846	0.9201138	0.015252091	0.151375	52.0	305.60682916641235
275	0.7765569	0.22344312	1.0876228	0.725311	1.5395305	-0.44328263	11.953416	0.92057985	0.33341533	1.4037395	-0.8020045	2208000	-8.381903e-09	0.115003206	-0.04056289	-0.07813048	0.90526724	0.01347562	0.182375	79.0	306.8306803703308
276	0.78897244	0.20444863	1.1290605	0.68689936	1.5479006	-0.3451131	12.078125	0.9120666	0.35890478	1.4473729	-0.5871347	2216000	-5.5879354e-09	0.10786999	-0.033350866	-0.069088995	0.9123702	0.0153145855	0.1555	42.0	307.87635135650635
277	0.75660676	0.24339329	1.0667826	0.7292819	1.6029005	-0.36313805	11.448225	0.90714145	0.3769292	1.5064232	-1.3552423	2224000	0.0	0.09473407	-0.03436744	-0.063888334	0.9070999	0.0150114205	0.16424999	51.0	308.94988107681274
278	0.7594668	0.23485133	1.0748092	0.7238236	1.6081593	-0.4738807	11.789634	0.88106245	0.39015177	1.4836149	-0.79146385	2232000	-9.313226e-10	0.11978918	-0.03297598	-0.096245974	0.8907782	0.015121678	0.149375	57.0	310.0264239311218
279	0.7198954	0.2606967	1.018615	0.75585073	1.5934612	-0.703387	11.664671	0.83968663	0.4271314	1.4614031	-0.96445227	2240000	-2.7939677e-09	0.12646806	-0.030159067	-0.08393168	0.9113575	0.0153284585	0.16375	36.0	311.0454201698303
280	0.8056334	0.18117215	1.1662114	0.6499467	1.5596447	-0.26585412	12.262739	0.86799335	0.41042215	1.4930863	-1.3124166	2248000	5.5879354e-09	0.09920792	-0.028160695	-0.077006474	0.90769196	0.0152577385	0.14250001	33.0	312.1075909137726
281	0.77469146	0.21935613	1.0952977	0.72266775	1.593806	-0.6947625	11.634615	0.9137584	0.3507223	1.4669244	-0.93272126	2256000	-3.7252903e-09	0.11019314	-0.031329524	-0.08109676	0.90388817	0.015123571	0.139	38.0	313.1411166191101
282	0.74641573	0.24195005	1.0391073	0.7675056	1.6	-0.7518597	11.855183	0.87115395	0.437529	1.5684208	-0.98230016	2264000	1.6763806e-08	0.09071433	-0.03228285	-0.06353067	0.9360814	0.0151806995	0.15487501	46.0	314.18101930618286
283	0.7967813	0.20321876	1.133277	0.68742967	1.5527499	-0.39248067	11.866565	0.9320928	0.3330178	1.6245465	-1.0682299	2272000	1.1175871e-08	0.12129825	-0.036097936	-0.08797954	0.88844657	0.015041444	0.16225001	64.0	315.2995023727417
284	0.84660137	0.15339865	1.2219774	0.6126338	1.5480951	-0.3573375	12.28481	0.93998986	0.3139818	1.443551	-0.93932056	2280000	1.21071935e-08	0.09633212	-0.03973774	-0.073014304	0.8853466	0.014808225	0.16462499	79.0	316.43931674957275
285	0.85421884	0.14578113	1.228344	0.60630536	1.5547638	-0.3558427	12.693182	0.9356737	0.33399564	1.3922235	-0.96327645	2288000	-9.313226e-10	0.07659298	-0.030345554	-0.05032449	0.891852	0.015021034	0.151125	51.0	317.56304574012756
286	0.8074305	0.18599054	1.1560509	0.6693344	1.5548223	-0.37163928	12.20283	0.9602312	0.29253063	1.4726356	-0.6298833	2296000	9.313226e-09	0.08720765	-0.03819986	-0.060398225	0.8989029	0.01130406	0.168625	79.0	318.6974947452545
287	0.80237854	0.1976215	1.1386244	0.6768705	1.544872	-0.30064586	11.96142	0.9554488	0.27110896	1.5715578	-0.41581643	2304000	-1.1175871e-08	0.08098605	-0.03703013	-0.045259785	0.8725922	0.011484196	0.162	79.0	319.8657612800598
288	0.79090214	0.19656655	1.1186372	0.6937544	1.5472656	-0.70493436	12.431529	0.94683987	0.30756745	1.4874141	-0.5851847	2312000	-2.2351742e-08	0.11372766	-0.02757192	-0.08150975	0.87534904	0.015202998	0.1535	38.0	320.8498909473419
289	0.8460057	0.15399437	1.2181082	0.63445956	1.5418587	-0.4281999	12.187888	0.9218827	0.34902227	1.3742015	-1.0204442	2320000	-5.5879354e-09	0.07948308	-0.035111174	-0.056548238	0.8580652	0.015081995	0.16012499	75.0	322.0108926296234
290	0.80246496	0.17842475	1.1588957	0.67156315	1.5431594	-0.4636283	12.171875	0.96145916	0.2973136	1.5021721	-1.6272855	2328000	1.4901161e-08	0.12631118	-0.033582453	-0.08530463	0.8537509	0.015144583	0.168875	48.0	323.039674282074
291	0.8275345	0.16511258	1.1863972	0.6436522	1.556737	-0.34074214	12.080746	0.9010845	0.34954107	1.6253	-0.7761097	2336000	3.7252903e-09	0.11770576	-0.026108135	-0.08134227	0.8633856	0.015018262	0.1445	31.0	324.04662585258484
292	0.76192164	0.23149943	1.0814767	0.73415285	1.5468667	-0.58321226	11.608824	0.9452202	0.31276017	1.6259314	-0.8144711	2344000	-2.7939677e-09	0.13220225	-0.039233357	-0.09686378	0.8860576	0.014882437	0.190875	79.0	325.18526315689087
293	0.8291809	0.17081909	1.1901891	0.6645596	1.5517962	-0.58660483	12.094136	0.89266807	0.39599276	1.4375513	-0.7329594	2352000	9.313226e-09	0.079742275	-0.03663007	-0.061548624	0.850842	0.014196778	0.168375	79.0	326.36703062057495
294	0.83273816	0.16726191	1.2042444	0.63982517	1.5600258	-0.43170145	11.821212	0.9803234	0.2790231	1.4992311	-0.6204586	2360000	5.122274e-09	0.08308073	-0.0362276	-0.0573254	0.8592836	0.015109953	0.1675	58.0	327.43796467781067
295	0.72889495	0.2592003	1.0375427	0.75286025	1.5503553	-0.607913	11.27471	0.9496715	0.322397	1.450037	-0.5946118	2368000	1.1175871e-08	0.15801084	-0.03987878	-0.10558071	0.91406167	0.014908736	0.18225	79.0	328.6211154460907
296	0.7891369	0.2108631	1.1210493	0.7113689	1.5578257	-0.8265017	11.6405325	0.86108035	0.39501828	1.4819014	-0.8974191	2376000	5.122274e-09	0.11638728	-0.041686177	-0.0908867	0.90069133	0.014708489	0.190375	79.0	329.8847632408142
297	0.72939575	0.25867245	1.0169938	0.7716155	1.5639467	-0.5547503	11.660714	0.9246964	0.36537126	1.4627742	-0.8706378	2384000	-7.450581e-09	0.16169217	-0.021177994	-0.11443882	0.9166633	0.015278585	0.111250006	17.0	330.8256027698517
298	0.82093775	0.17906225	1.1802906	0.6567139	1.5444932	-0.3477849	12.153125	0.90582883	0.36274326	1.5824417	-0.78536505	2392000	-9.313226e-09	0.10194041	-0.033233665	-0.08162212	0.87057453	0.015160926	0.16025001	59.0	332.0347259044647
299	0.81250405	0.18749592	1.1663424	0.6695766	1.5984313	-0.35367042	11.95092	0.94770956	0.32717553	1.5557699	-0.80160725	2400000	-1.1175871e-08	0.11207937	-0.03784904	-0.083823785	0.87207204	0.01284279	0.168625	79.0	333.180552482605
300	0.7766623	0.22333767	1.0957971	0.7211781	1.5600258	-0.39928848	11.614458	0.95555973	0.30380413	1.6320032	-0.639961	2408000	5.5879354e-09	0.1228422	-0.024672717	-0.08602716	0.89714444	0.015219662	0.15687498	26.0	334.256507396698
301	0.7715069	0.21566415	1.0885197	0.73525053	1.6	-0.7407604	12.093167	0.8841642	0.39163476	1.4797786	-0.63900626	2416000	-1.8626451e-09	0.13202043	-0.030582525	-0.09997265	0.9165251	0.015111001	0.15737501	34.0	335.2313015460968
302	0.78664327	0.20677781	1.1150551	0.71384424	1.5881593	-0.7595034	12.052469	0.8899037	0.42224166	1.5595216	-1.4532237	2424000	-3.7252903e-09	0.1131943	-0.028822683	-0.09233616	0.9100714	0.015115449	0.15475	36.0	336.3213288784027
303	0.80051905	0.19948095	1.1499449	0.67490596	1.5591776	-0.3676066	11.75	0.9293057	0.3734687	1.7972884	-0.90392363	2432000	0.0	0.09816672	-0.026148386	-0.07195871	0.87312406	0.015145171	0.13912499	28.0	337.2863793373108
304	0.8505326	0.14946742	1.2314504	0.61360776	1.5934612	-0.3911178	12.286163	0.9705924	0.29442933	1.5440089	-0.81353295	2440000	1.1175871e-08	0.08094055	-0.026798792	-0.056911685	0.8853326	0.0150217125	0.15312502	34.0	338.2599198818207
305	0.7754674	0.21717969	1.0916071	0.7302482	1.6	-0.692542	11.956522	0.92496604	0.36160436	1.4402007	-0.6989511	2448000	3.7252903e-09	0.12327614	-0.034013994	-0.08391642	0.9256068	0.015009803	0.147375	57.0	339.3918077945709
306	0.74408686	0.2559132	1.0461686	0.74493814	1.5591776	-0.3566063	11.4544115	0.90268695	0.37165177	1.5712043	-0.7198359	2456000	9.313226e-10	0.12734966	-0.03883177	-0.07457456	0.88406634	0.012906705	0.171625	79.0	340.6199116706848
307	0.83507204	0.15834899	1.2028819	0.650093	1.5483667	-1.2481257	12.299363	0.9373485	0.31178465	1.5325506	-0.7466216	2464000	1.0244548e-08	0.13729815	-0.030013848	-0.089883216	0.8587214	0.015004065	0.155875	32.0	341.6027796268463
308	0.88062865	0.113121346	1.2701552	0.5714649	1.5511553	-0.3680555	12.918874	0.9575343	0.28276527	1.4776764	-0.43388844	2472000	2.4214387e-08	0.08024363	-0.03665147	-0.058057003	0.85017127	0.013985866	0.16525	79.0	342.84649181365967
309	0.80231833	0.1914317	1.1460806	0.6863614	1.5622656	-0.40448007	12.136646	0.9227793	0.34439406	1.4659433	-0.5515524	2480000	5.5879354e-09	0.10037486	-0.03747187	-0.06087497	0.8754555	0.015008509	0.18025	72.0	343.95559668540955
310	0.84935206	0.14406899	1.2303143	0.60001194	1.5431594	-0.50222194	12.493589	0.94742125	0.28028098	1.3979611	-0.62196994	2488000	1.8626451e-09	0.08126011	-0.03562834	-0.053927206	0.8471465	0.014058201	0.162	79.0	345.19220876693726
311	0.8174397	0.18256034	1.1594323	0.67606676	1.5503998	-0.61215043	12.152515	0.93477464	0.3389989	1.5187609	-0.99944746	2496000	0.0	0.13930112	-0.032423265	-0.10265051	0.8690245	0.015147703	0.153625	53.0	346.2314851284027
312	0.8227287	0.16338241	1.1823776	0.6721325	1.5475	-1.1130841	12.442676	0.9480674	0.30658126	1.4494351	-0.8748604	2504000	1.1175871e-08	0.14243934	-0.037680097	-0.093024194	0.831187	0.015120005	0.178875	75.0	347.4203987121582
313	0.8136231	0.18637693	1.1672086	0.6703468	1.5450258	-0.40198094	12.023006	0.92083234	0.33549523	1.4912908	-0.89824414	2512000	1.4901161e-08	0.10570553	-0.03610877	-0.07797217	0.84923196	0.015019711	0.171875	71.0	348.5256452560425
314	0.7926023	0.18652135	1.1219977	0.70179653	1.5501462	-0.8060907	12.344936	0.9300476	0.33270225	1.5861436	-0.95170856	2520000	-1.8626451e-09	0.121989936	-0.032275178	-0.07717888	0.8784567	0.015028566	0.149625	53.0	349.6102910041809
315	0.8135223	0.18647775	1.1794205	0.64804924	1.5420094	-0.36151055	11.80303	0.916593	0.3447407	1.4433686	-1.1008474	2528000	-3.7252903e-09	0.107967615	-0.032494344	-0.07978584	0.8344188	0.015113347	0.147625	47.0	350.6356885433197
316	0.8143469	0.17249516	1.1547318	0.7047003	1.5489467	-1.1859553	12.221698	0.9286819	0.3410665	1.5130379	-1.1761165	2536000	6.519258e-09	0.1287139	-0.01888305	-0.07518922	0.82176906	0.015187005	0.12325	16.0	351.59140062332153
317	0.80565476	0.1811508	1.1477864	0.7020544	1.544011	-1.2946461	12.283019	0.90906847	0.37785235	1.4258449	-0.610233	2544000	-1.8626451e-09	0.11054195	-0.033888686	-0.061115187	0.84017754	0.015074247	0.1725	58.0	352.64482712745667
318	0.8514041	0.14165148	1.2281126	0.61576045	1.555	-0.85052025	12.397152	0.93490803	0.33150268	1.6840408	-0.88439476	2552000	7.450581e-09	0.12624553	-0.03128709	-0.10159235	0.83494216	0.015037587	0.15024999	38.0	353.7127707004547
319	0.8084314	0.18421564	1.148385	0.6720983	1.5461272	-0.880318	12.441456	0.9333628	0.33029234	1.6064293	-0.68983	2560000	2.2351742e-08	0.11709766	-0.031788155	-0.08626925	0.86243606	0.0152085135	0.149875	45.0	354.75224709510803
320	0.7682359	0.23176408	1.0960913	0.71223265	1.5659636	-0.34540328	11.561378	0.8948392	0.36019754	1.4829631	-0.8054563	2568000	1.8626451e-09	0.083095826	-0.032129884	-0.054699674	0.8524064	0.01501702	0.14925	52.0	355.9659640789032
321	0.79352486	0.19287223	1.1261736	0.692856	1.5529512	-0.42672452	12.3885355	0.91931325	0.34128934	1.5140796	-0.7605478	2576000	7.450581e-09	0.13206097	-0.039365493	-0.0917838	0.8395566	0.01506158	0.1855	59.0	357.0419731140137
322	0.7806394	0.20559567	1.109991	0.7009911	1.5568587	-0.5006633	12.006211	0.9360787	0.2941264	1.4142284	-0.5092324	2584000	-1.8626451e-08	0.10863145	-0.024265593	-0.07051292	0.85279757	0.015527545	0.144375	23.0	358.02458691596985
323	0.78660715	0.18700397	1.1199963	0.70987487	1.5502974	-0.6549022	12.436708	0.86828715	0.4118672	1.8331822	-0.9326887	2592000	-9.313226e-10	0.14487527	-0.032166284	-0.109786585	0.85522294	0.015034705	0.15175	46.0	359.05718970298767
324	0.7942469	0.19880861	1.1271975	0.697393	1.5578257	-0.42552835	12.041667	0.9201457	0.34898922	1.4873708	-1.0330262	2600000	0.0	0.13052092	-0.018156148	-0.095920265	0.8459337	0.015437318	0.15400001	13.0	360.00491428375244
325	0.80706835	0.18668166	1.1429394	0.69266635	1.5439774	-0.6921594	12.330696	0.9154253	0.37777096	1.7443212	-0.9963882	2608000	-6.519258e-09	0.12916714	-0.033313777	-0.10128179	0.85094607	0.015109743	0.146	57.0	361.10750436782837
326	0.77219427	0.19291796	1.1023827	0.70048934	1.5570146	-0.72411895	12.991667	0.817845	0.46070543	1.5078788	-1.4863687	2616000	-8.8475645e-09	0.119801775	-0.035342686	-0.08901115	0.89670706	0.015004363	0.15675	58.0	362.27449584007263
327	0.7959432	0.2040568	1.1305338	0.6902597	1.5520964	-0.3423252	12.0617285	0.95000535	0.3124085	1.5856961	-0.9868212	2624000	-1.1175871e-08	0.1080508	-0.03554381	-0.08567623	0.82792497	0.015009169	0.15799999	65.0	363.36531615257263
328	0.8448336	0.14781347	1.220192	0.61842346	1.558097	-0.47521397	12.730392	0.89324945	0.37163028	1.597227	-0.7974587	2632000	6.519258e-09	0.09327666	-0.029703937	-0.071535215	0.84294504	0.015031584	0.15175	42.0	364.41390085220337
329	0.72937	0.27063	1.0231736	0.7624122	1.5475	-0.41150263	11.502976	0.9241692	0.3643289	1.5361795	-1.0212553	2640000	1.4901161e-08	0.110764265	-0.027067605	-0.07514449	0.88824093	0.01527391	0.15550001	27.0	365.3697898387909
330	0.7671918	0.21262631	1.0730746	0.7395545	1.540086	-0.6695649	12.203125	0.86727387	0.4070207	1.6323658	-0.65047586	2648000	0.0	0.095688045	-0.034326054	-0.062717274	0.8469063	0.015070976	0.150125	62.0	366.5362956523895
331	0.81247663	0.16669	1.1531272	0.67731684	1.5568587	-0.44750887	12.87	0.87599134	0.39086682	2.1535938	-0.72293586	2656000	0.0	0.13095094	-0.029586643	-0.086095795	0.8428082	0.0150897885	0.14287502	40.0	367.5686192512512
332	0.8907164	0.109283626	1.2890185	0.54938215	1.5419049	-0.6585154	12.978333	0.95761347	0.29048938	1.609212	-0.51467407	2664000	1.8626451e-09	0.06851226	-0.029542591	-0.055053584	0.8196678	0.015095234	0.129625	42.0	368.64818954467773
333	0.80818045	0.17866161	1.1613538	0.6606266	1.5484314	-0.2795332	12.633117	0.93980557	0.3259615	1.6762741	-0.56997263	2672000	-1.3504177e-08	0.076530896	-0.030379433	-0.05237057	0.8317404	0.015140382	0.15	42.0	369.65076327323914
334	0.8300987	0.14925987	1.1972616	0.625704	1.546104	-0.44468498	12.822369	0.9184876	0.32295695	1.6878237	-0.5848925	2680000	1.1175871e-08	0.105436735	-0.027428592	-0.06918971	0.83255255	0.015046043	0.150125	32.0	370.7054283618927
335	0.81334066	0.17313597	1.1614352	0.6644737	1.5425	-0.49471512	12.626623	0.9230448	0.32322592	1.5333817	-0.81275445	2688000	-7.450581e-09	0.10569242	-0.0161517	-0.076322146	0.81675756	0.015021992	0.145375	12.0	371.607723236084
336	0.8875365	0.105519004	1.284911	0.5523947	1.5485054	-0.74794185	12.978188	0.95856756	0.28350964	1.6073984	-0.510603	2696000	1.7229468e-08	0.054802924	-0.03385184	-0.037292913	0.8107377	0.015126648	0.161625	61.0	372.7768177986145
337	0.89293027	0.10706976	1.3040534	0.5347752	1.5448223	-0.34226805	12.625	0.98532605	0.2889811	1.4868718	-0.77746516	2704000	-5.5879354e-09	0.07331257	-0.03209886	-0.05461121	0.80556726	0.015033585	0.151125	52.0	373.8254933357239
338	0.8396655	0.16033454	1.2041987	0.6456049	1.5505054	-0.8151934	12.238994	0.9904015	0.29162946	1.659225	-0.7434411	2712000	1.4901161e-08	0.07328211	-0.03559722	-0.0580769	0.83010995	0.01517987	0.151375	62.0	374.9915587902069
339	0.8107599	0.18924014	1.1578778	0.66889375	1.5343771	-0.3370093	12.054012	0.92940086	0.34338734	1.406404	-0.8485429	2720000	-2.7939677e-09	0.0943119	-0.030265335	-0.067003146	0.8198501	0.0152921695	0.158125	48.0	376.01618790626526
340	0.8230263	0.1769737	1.1831964	0.6585347	1.5390401	-0.9640462	12.318038	0.94752705	0.32173052	1.7614198	-0.69862604	2728000	0.0	0.09796585	-0.036403645	-0.0551965	0.8124838	0.013981542	0.162	79.0	377.2709138393402
341	0.79006416	0.20993584	1.1260228	0.69954985	1.536871	-0.5755572	11.7260475	0.936062	0.32390386	1.5495842	-0.6779079	2736000	-9.313226e-09	0.09319444	-0.034503497	-0.06970528	0.8207425	0.015061052	0.16525	69.0	378.3855130672455
342	0.85166043	0.1483396	1.2381349	0.5992809	1.5589467	-0.3318616	12.305032	0.94526327	0.32894856	1.4913962	-0.9425024	2744000	-4.656613e-09	0.081464365	-0.038542137	-0.05237946	0.817286	0.014633363	0.174375	79.0	379.58319211006165
343	0.7848382	0.20045593	1.1218213	0.697459	1.5575	-0.4044947	12.071428	0.9313631	0.3433733	1.6791811	-0.9507636	2752000	2.0489097e-08	0.13181458	-0.038692906	-0.09352709	0.83475447	0.015012413	0.18024999	76.0	380.730553150177
344	0.7556783	0.24432175	1.0670525	0.73908025	1.5631593	-0.8908107	11.435294	0.88234174	0.37719962	1.6473886	-0.8311379	2760000	5.122274e-09	0.14427271	-0.03251756	-0.115085065	0.8399424	0.0152065195	0.15024999	38.0	381.7592611312866
345	0.7643935	0.22902757	1.0713235	0.73838335	1.5575	-0.89969295	11.969136	0.8909811	0.40506095	1.6909299	-1.054023	2768000	0.0	0.14733356	-0.04019856	-0.09751183	0.8430001	0.015010995	0.19475001	77.0	382.89934754371643
346	0.8000157	0.19998434	1.1468902	0.6686737	1.5517893	-0.33526954	12.210691	0.86283934	0.385432	1.4618297	-1.1020945	2776000	-7.450581e-09	0.11696697	-0.037714217	-0.089807	0.84399307	0.015013911	0.166375	67.0	384.0340209007263
347	0.7977904	0.20220959	1.1377026	0.6915447	1.5515419	-0.40800652	11.828788	0.9543855	0.3007156	1.605502	-1.1540232	2784000	1.1175871e-08	0.10433878	-0.02575371	-0.07949271	0.8328936	0.015072413	0.133875	26.0	385.04343271255493
348	0.7511115	0.24888852	1.0592412	0.7455575	1.5575	-0.43747014	11.387427	0.8942876	0.38146117	1.5816952	-0.78393626	2792000	1.21071935e-08	0.07946348	-0.029804219	-0.052767683	0.8223753	0.01519585	0.14975	40.0	386.12910771369934
349	0.75387806	0.22724569	1.0547123	0.76600075	1.5593814	-1.1651168	11.815549	0.9040553	0.40125746	2.0591238	-0.72512615	2800000	-7.450581e-09	0.14019005	-0.018386645	-0.10493206	0.8505628	0.015108973	0.12325	17.0	387.0461266040802
350	0.77431357	0.21943647	1.0798391	0.72767174	1.5555859	-0.45380187	12.154688	0.8067843	0.43883786	1.5218378	-0.70796335	2808000	3.7252903e-09	0.1365938	-0.032299638	-0.09429199	0.83929706	0.015028058	0.152875	55.0	388.16888999938965
351	0.8127141	0.18070698	1.1625702	0.66201496	1.550889	-0.47249985	12.450637	0.9016768	0.37603033	1.4455429	-1.7386702	2816000	1.7695129e-08	0.10503274	-0.031343848	-0.06984888	0.80424976	0.015070622	0.15812501	38.0	389.17326259613037
352	0.7634935	0.21603867	1.0843393	0.72560364	1.5443814	-0.3494227	12.1603775	0.89226836	0.36851978	1.7696335	-0.9319291	2824000	0.0	0.1157942	-0.030761499	-0.08099891	0.8516393	0.015002981	0.15	46.0	390.23044323921204
353	0.76462317	0.2353769	1.0777674	0.71973956	1.5548223	-0.3914155	11.813253	0.8706279	0.4096047	1.4069766	-0.88253057	2832000	1.4901161e-08	0.093665056	-0.022037746	-0.06380926	0.8593735	0.015094066	0.13912499	20.0	391.1911132335663
354	0.74906695	0.24498066	1.0489697	0.75417745	1.5496447	-0.6966869	11.645833	0.895136	0.3629838	1.6200447	-0.83169544	2840000	-3.7252903e-09	0.120864406	-0.033729184	-0.08116241	0.8476695	0.015149664	0.1555	45.0	392.31416606903076
355	0.7913793	0.20167631	1.1287221	0.6939321	1.5498223	-0.42746902	11.883435	0.88562953	0.38087198	1.680712	-1.531911	2848000	1.6763806e-08	0.13130811	-0.03563799	-0.09543459	0.8092069	0.015114108	0.16075	65.0	393.4097948074341
356	0.86460423	0.13539578	1.254709	0.5973884	1.5543814	-0.46665356	12.551948	0.926763	0.32819453	1.751539	-0.7769464	2856000	7.450581e-09	0.1240987	-0.032502584	-0.09662198	0.7768477	0.015056099	0.144125	53.0	394.48707389831543
357	0.785683	0.21431705	1.1248039	0.68724793	1.5425	-0.32661036	12.069445	0.91811424	0.3547206	1.598069	-0.64208555	2864000	4.656613e-09	0.08473547	-0.027723148	-0.06598589	0.8392465	0.015109362	0.144	33.0	395.4650695323944
358	0.859174	0.14082602	1.2402303	0.6097632	1.5450258	-0.50878865	12.554839	0.9557886	0.29447952	1.4411153	-0.9746889	2872000	1.5832484e-08	0.10922857	-0.03229339	-0.08252516	0.80844426	0.0150915915	0.149625	61.0	396.6095407009125
359	0.8341009	0.15895468	1.208072	0.6230132	1.5375	-0.39111745	12.135938	0.93915415	0.33118916	1.5371258	-0.63601834	2880000	2.2351742e-08	0.10946882	-0.037567735	-0.0754372	0.7954155	0.015250124	0.15325001	71.0	397.726797580719
360	0.8728697	0.12713033	1.2701482	0.5660064	1.54	-0.40858683	12.596774	0.9869802	0.2567964	1.5184183	-0.5152521	2888000	3.7252903e-09	0.07887071	-0.027617536	-0.0521576	0.7556883	0.015004494	0.14774999	47.0	398.78832626342773
361	0.8517643	0.1416567	1.247344	0.59526265	1.5426066	-0.35517547	12.2	0.972839	0.27426708	1.5275002	-0.7356844	2896000	-7.450581e-09	0.09185811	-0.031145062	-0.07280438	0.7706125	0.015025218	0.15437499	50.0	399.81177377700806
362	0.8527308	0.14726922	1.232095	0.62188846	1.549128	-0.5288509	12.469355	0.9471954	0.3115235	1.442948	-1.0254925	2904000	1.1175871e-08	0.08518942	-0.03346271	-0.064684875	0.7663468	0.015004173	0.14625001	51.0	400.88677310943604
363	0.8023418	0.19107926	1.1421869	0.6913937	1.5561553	-0.516228	11.967792	0.93166465	0.34923917	1.6394223	-1.3231483	2912000	9.313226e-10	0.13026294	-0.030180132	-0.10651639	0.8105981	0.0150014395	0.142	37.0	401.89732909202576
364	0.81021714	0.18978289	1.1611888	0.67544925	1.5496318	-0.43159348	11.793674	0.9114542	0.34760004	1.4797647	-1.1541698	2920000	1.8626451e-08	0.0974803	-0.03440604	-0.06807291	0.7825117	0.0150063215	0.15575	67.0	403.08005237579346
365	0.7782629	0.22173709	1.1135565	0.71114516	1.5575	-0.29992	11.585799	0.91794384	0.36431095	1.5665214	-0.88510305	2928000	-1.8626451e-08	0.099518105	-0.03511998	-0.06983465	0.80112416	0.015071772	0.153375	56.0	404.1573324203491
366	0.8294742	0.17052576	1.1967169	0.63762647	1.548934	-0.37876958	12.001543	0.9259606	0.31729087	1.4488721	-1.255205	2936000	-3.7252903e-09	0.09560294	-0.034164637	-0.06064956	0.7791338	0.015149235	0.16325	61.0	405.2808735370636
367	0.7807908	0.21185626	1.1131996	0.7060308	1.5530951	-0.34787422	11.815151	0.90337586	0.3671904	1.5011237	-1.1899145	2944000	1.4901161e-08	0.1069912	-0.025466193	-0.06807414	0.7868879	0.015079516	0.12725	27.0	406.235467672348
368	0.79002196	0.20997807	1.1259677	0.69003904	1.5529232	-0.5862661	11.900307	0.9080094	0.34334522	1.4251137	-0.80126846	2952000	-5.5879354e-09	0.114179686	-0.025176045	-0.08733225	0.80394673	0.015110577	0.13975	26.0	407.2344923019409
369	0.7856381	0.2143619	1.1089337	0.7084818	1.5526776	-0.4028274	11.769697	0.9101941	0.37426436	1.6233345	-1.0738342	2960000	-2.142042e-08	0.10231977	-0.0341332	-0.07911402	0.7804483	0.015078851	0.145625	52.0	408.2751839160919
370	0.80440164	0.19559836	1.147894	0.68502396	1.5481594	-0.43122336	12.046012	0.9529619	0.30900818	1.7557682	-0.559553	2968000	9.313226e-10	0.08827126	-0.025286067	-0.06256069	0.81606734	0.015016091	0.149875	30.0	409.2981662750244
371	0.77867967	0.21536797	1.1069362	0.7216265	1.5472656	-0.72567105	11.769578	0.91463256	0.35577166	1.6896621	-1.0827317	2976000	-7.450581e-09	0.09065527	-0.035856795	-0.073941834	0.8178041	0.013938649	0.157375	79.0	410.454651594162
372	0.74383116	0.25021642	1.057936	0.7390189	1.5531594	-0.85319144	11.637725	0.9038984	0.38645014	1.4500921	-1.0534139	2984000	-3.7252903e-09	0.101082355	-0.03544632	-0.06951964	0.80329967	0.013630604	0.16624999	79.0	411.61794805526733
373	0.77582633	0.21822126	1.1014181	0.72100264	1.5907106	-0.82839096	11.691617	0.894627	0.41667455	1.8210492	-0.8369282	2992000	-1.3038516e-08	0.10516069	-0.02681418	-0.0858469	0.79747343	0.015203621	0.16187501	25.0	412.58697032928467
374	0.78694177	0.21305826	1.1164079	0.6923395	1.5777484	-0.40099195	12.065549	0.89159065	0.37919375	1.5049204	-1.0329994	3000000	7.450581e-09	0.12932014	-0.035930455	-0.09501569	0.7938889	0.0150328	0.15724999	60.0	413.6998348236084
375	0.80888635	0.19111365	1.1564791	0.67026335	1.5526776	-0.37594336	11.939024	0.94089466	0.3314569	1.9191846	-1.3949002	3008000	1.1175871e-08	0.07560179	-0.026688645	-0.04846842	0.79979575	0.015271474	0.131625	33.0	414.7333106994629
376	0.748079	0.23317099	1.0603993	0.7438325	1.5754564	-0.76740044	11.947853	0.84423363	0.43956578	1.5081513	-1.4345691	3016000	-1.0244548e-08	0.13564843	-0.03392472	-0.10749276	0.8126478	0.015008766	0.15175	57.0	415.8765273094177
377	0.77687824	0.20996383	1.1099863	0.6980907	1.5351264	-0.34823045	12.128882	0.9207121	0.34734672	1.4737766	-1.0678458	3024000	-2.4214387e-08	0.11176233	-0.033200517	-0.07797555	0.83574677	0.01508373	0.161125	60.0	416.9870455265045
378	0.7797847	0.20828348	1.0958103	0.73453075	1.5520093	-0.79409534	11.777108	0.86107594	0.3907338	1.4382025	-1.1365477	3032000	-3.7252903e-09	0.11570226	-0.03143938	-0.0791149	0.81779945	0.01508232	0.144125	52.0	418.06019926071167
379	0.84703946	0.15296052	1.2172751	0.62296957	1.5489467	-0.44005075	12.560065	0.9616136	0.29771623	1.627362	-0.6452998	3040000	0.0	0.07586497	-0.03163725	-0.048605066	0.7819135	0.015022242	0.14325	53.0	419.10702991485596
380	0.86850417	0.13149588	1.2636105	0.5795071	1.586837	-0.36770526	12.342949	0.95257753	0.29471081	1.45908	-0.73727685	3048000	-2.2351742e-08	0.110928714	-0.030862186	-0.07975304	0.7663905	0.015137033	0.15562502	37.0	420.1469464302063
381	0.80391085	0.18914473	1.1483189	0.6817137	1.5485421	-0.45329422	12.355096	0.9238162	0.33185172	1.8227946	-0.8953757	3056000	-3.7252903e-09	0.13110138	-0.032727003	-0.088681	0.7902503	0.0150715085	0.15575	55.0	421.2014510631561
382	0.8217262	0.17202382	1.1824864	0.65669626	1.5484753	-0.5605702	12.109568	0.9111356	0.3434048	1.3020892	-0.84555066	3064000	-7.450581e-09	0.123619705	-0.037197053	-0.09900722	0.7863576	0.014157118	0.159375	79.0	422.36676239967346
383	0.8015118	0.17904374	1.1454059	0.68586814	1.5477785	-0.53259486	12.371836	0.94701385	0.3287553	1.8124554	-0.8339877	3072000	0.0	0.16190884	-0.037285045	-0.10750234	0.7843744	0.0150104165	0.1635	70.0	423.47392201423645
384	0.81047267	0.18952733	1.1623884	0.66209203	1.5568587	-0.36067826	12.122671	0.9134705	0.32991016	1.7027378	-1.8646455	3080000	-9.313226e-09	0.11970624	-0.0351585	-0.08496528	0.7750776	0.015022621	0.17300001	58.0	424.5763795375824
385	0.85391605	0.13288951	1.2379563	0.63254166	1.548811	-0.9488427	12.395833	0.93807375	0.32064548	1.6185238	-0.5252155	3088000	2.2351742e-08	0.11832335	-0.030604959	-0.083986424	0.76976	0.015125651	0.139375	44.0	425.60659527778625
386	0.8143074	0.1640423	1.1693763	0.6746692	1.5520964	-0.7438155	12.540322	0.92418605	0.34563825	1.63779	-0.827731	3096000	3.7252903e-09	0.12851655	-0.026663184	-0.08534434	0.7792007	0.0150723215	0.13374999	27.0	426.5862386226654
387	0.7817513	0.20541981	1.1117004	0.7144046	1.5407608	-0.8505789	11.745509	0.8794569	0.3510631	1.6588581	-0.86575884	3104000	8.381903e-09	0.12696427	-0.030712249	-0.08307875	0.7663407	0.015255278	0.14212501	42.0	427.61286973953247
388	0.87023854	0.12976144	1.264376	0.57936347	1.5479512	-0.30851623	12.28481	0.9301412	0.3504241	1.8382189	-1.1389952	3112000	3.7252903e-09	0.09704304	-0.03242092	-0.07690181	0.73783183	0.015192339	0.14812501	54.0	428.71317172050476
389	0.79091716	0.20364803	1.1248447	0.704286	1.5506158	-0.37621328	11.516176	0.9433363	0.32247365	1.3787619	-0.674791	3120000	-2.6077032e-08	0.09061834	-0.036795117	-0.06578683	0.7654056	0.010616881	0.17	79.0	429.8686068058014
390	0.7958276	0.18506208	1.1320212	0.7125691	1.5443996	-0.7784278	12.23125	0.9024935	0.37366387	1.4355109	-0.93355155	3128000	-9.313226e-09	0.1217544	-0.0378246	-0.072928995	0.7789225	0.015021572	0.17074999	72.0	431.02693271636963
391	0.79243994	0.18672675	1.1327277	0.70329314	1.5575	-0.5967893	12.050926	0.861971	0.42228335	1.5744174	-1.657942	3136000	6.519258e-09	0.117691025	-0.030971222	-0.07795013	0.7636767	0.015024463	0.151125	37.0	432.0174162387848
392	0.8150675	0.1849325	1.1712415	0.6550599	1.5539876	-0.3402957	12.1015625	0.93561053	0.3126844	1.5730591	-0.78319955	3144000	4.656613e-09	0.11438742	-0.03233021	-0.07969147	0.7602239	0.015112474	0.15625	52.0	433.0995981693268
393	0.7680349	0.23196511	1.0866225	0.7188886	1.55	-0.50963306	11.662651	0.9046438	0.36056897	1.5727986	-0.6509129	3152000	-1.8859282e-08	0.10740326	-0.029631577	-0.08212364	0.7644884	0.0155575555	0.15450001	32.0	434.0647461414337
394	0.84002024	0.14667442	1.2051778	0.643191	1.5496447	-0.3889741	12.121914	0.9209106	0.36036396	1.4721769	-1.1635666	3160000	3.7252903e-09	0.09871667	-0.033375606	-0.07109963	0.777087	0.015154696	0.15875	53.0	435.17001152038574
395	0.7205368	0.27402842	1.0015749	0.77366775	1.5489467	-0.7402515	11.473372	0.9072827	0.40199298	1.3601776	-1.5281664	3168000	2.3283064e-09	0.13624558	-0.03443402	-0.102025524	0.8064017	0.0150636565	0.15687501	55.0	436.24052476882935
396	0.76981354	0.22423407	1.0998942	0.7214512	1.550954	-0.5012447	11.581845	0.9028362	0.34776136	1.6373975	-1.0587773	3176000	1.4901161e-08	0.138585	-0.030870393	-0.0852176	0.782145	0.015034073	0.13575	42.0	437.2939133644104
397	0.77930903	0.21473856	1.1013347	0.7233956	1.5894573	-0.71590734	11.904321	0.8359512	0.42561692	1.4559896	-0.87838787	3184000	3.7252903e-09	0.12148088	-0.026977662	-0.086751215	0.7827456	0.015015999	0.142625	29.0	438.2540850639343
398	0.7808043	0.21919572	1.1212826	0.6893371	1.5486764	-0.3885691	11.772455	0.94169176	0.31322935	1.4302713	-0.7703923	3192000	1.8626451e-09	0.10301526	-0.02899526	-0.07974667	0.77031875	0.015133789	0.13325	39.0	439.2999601364136
399	0.7964338	0.184717	1.1362346	0.6968273	1.5789846	-1.2089401	12.187107	0.8855332	0.37643448	1.3892854	-1.1022593	3200000	1.4901161e-08	0.1418845	-0.030232906	-0.09181724	0.77781236	0.015105677	0.151125	43.0	440.53193068504333
