Iteration	AverageLoss	StdLoss	MaxLoss	MinLoss	RewardLoss	StateLoss	Reward	EnvInteractions	Time
0.0	7.214241	0.0	7.214241	7.214241	0.00020183742	7.214221	0.015	4	0.036664485931396484
13.0	3.7629614	1.7062556	6.9877467	1.4927973	0.00036187048	3.7629251	-0.0010375864	104	0.12652349472045898
38.0	3.4906843	1.7490697	7.167293	1.4477069	0.030437289	3.4876404	0.031323686	204	0.20509624481201172
63.0	2.5188446	1.723565	6.3276973	1.030803	0.020122612	2.5168324	0.021714192	304	0.27982282638549805
88.0	4.451351	1.5272999	6.869713	1.6678493	0.037948273	4.447556	0.03980312	404	0.35546445846557617
113.0	1.6654805	1.19712	4.4337673	0.7745388	0.0102025485	1.66446	0.0050925394	504	0.4304513931274414
138.0	2.5843692	0.9695136	4.2582097	1.0807784	0.020198822	2.5823493	0.033231787	604	0.5045146942138672
163.0	1.8181965	1.0313063	3.7384002	0.7572898	0.020132856	1.8161833	0.016641637	704	0.5785162448883057
188.0	1.6965957	0.7738448	3.122602	0.7228687	0.00019466765	1.6965762	0.011151015	804	0.652836799621582
213.0	1.4462961	0.9708761	3.8890984	0.429394	0.040169254	1.4422793	0.04250102	904	0.7289812564849854
238.0	1.367944	0.5952768	2.4335659	0.49639696	0.020217901	1.3659221	0.030565975	1004	0.805173397064209
263.0	1.0296175	0.5209409	2.0428958	0.52328223	0.02016843	1.0276006	0.021152409	1104	0.8796148300170898
288.0	1.9430372	0.8365942	3.6721888	0.66454935	0.020234574	1.9410135	0.03059186	1204	0.9559125900268555
313.0	1.2833252	0.70419556	3.869454	0.5816693	0.020219758	1.2813033	0.02423984	1304	1.0319440364837646
338.0	3.1514077	0.66644824	4.565216	1.9742936	0.040189978	3.147389	0.045984454	1404	1.1066362857818604
363.0	1.2506198	0.45177433	2.1807392	0.6817269	0.002080082	1.2504117	-0.011084936	1504	1.1825251579284668
388.0	0.9336033	0.41305357	2.021554	0.5584487	0.00073113537	0.9335301	-0.0020885847	1604	1.2726166248321533
413.0	1.7928815	0.53476286	2.8534822	0.8453053	0.03078085	1.7898035	0.03387226	1704	1.3508760929107666
438.0	1.1233449	0.59928316	2.7741985	0.6290144	0.00085336325	1.1232595	0.0039338297	1804	1.4275803565979004
463.0	1.5336124	0.49923047	2.6435685	0.84513324	0.030187778	1.5305938	0.032907985	1904	1.5051202774047852
488.0	1.3111854	0.33702856	2.3771656	0.8690881	0.011465085	1.3100388	0.0052470197	2004	1.5804345607757568
513.0	1.2864968	0.25054565	2.1492276	1.0072383	0.020221261	1.2844746	0.026582435	2104	1.6545381546020508
538.0	1.4623598	0.45115256	3.4454496	1.0136664	0.020223	1.4603375	0.024528095	2204	1.7281901836395264
563.0	1.3534257	0.313182	2.2388673	1.0519907	0.010177103	1.3524079	0.014240597	2304	1.8037564754486084
588.0	1.9153422	0.31892043	2.5323696	1.3716103	0.030200284	1.912322	0.03605125	2404	1.8809733390808105
613.0	1.2082897	0.34621197	2.4643319	0.88469815	0.020184636	1.2062712	0.0274211	2504	1.9584980010986328
638.0	1.0650643	0.42809543	2.5159478	0.7341313	0.020223884	1.0630418	0.027906634	2604	2.034194231033325
663.0	1.1328562	0.32440847	2.2124536	0.8398796	0.010247022	1.1318316	0.010017458	2704	2.1106064319610596
688.0	1.8893247	0.33090684	2.541741	1.2598776	0.030205267	1.886304	0.037386607	2804	2.187178611755371
713.0	1.2099732	0.19897524	1.7267582	0.97914547	0.020186218	1.2079546	0.029354915	2904	2.2636802196502686
738.0	1.1868294	0.25208086	1.9685141	0.9378669	0.020262875	1.1848031	0.024558397	3004	2.340923547744751
763.0	1.1312748	0.19430031	1.7292696	0.9624836	0.010275909	1.1302472	0.011372439	3104	2.4182889461517334
788.0	1.5353491	0.33871192	2.216164	1.084364	0.03024224	1.5323248	0.034009315	3204	2.4949424266815186
813.0	1.1317664	0.16531615	1.5010387	0.93973595	0.0101494705	1.1307515	0.015058976	3304	2.5727336406707764
838.0	1.2652942	0.4238846	2.3909838	0.8250474	0.030153584	1.2622788	0.038008057	3404	2.6528098583221436
863.0	1.1537437	0.32811323	2.0479908	0.7981277	0.010165854	1.1527271	0.014635668	3504	2.731912612915039
888.0	1.6415176	0.5842301	3.039004	0.9552126	0.030157447	1.6385019	0.03607708	3604	2.8108973503112793
913.0	1.1119602	0.50318277	2.7218454	0.5809433	0.010816317	1.1108785	0.0084100505	3704	2.888418674468994
938.0	1.4047428	0.44561765	2.6097102	0.9004853	0.020177372	1.4027252	0.02530271	3804	3.011474609375
963.0	1.7673756	0.5614532	3.6024938	1.1569753	0.02018845	1.7653569	0.027155537	3904	3.133725881576538
988.0	1.1664549	0.3768373	1.9898355	0.6519763	0.020209933	1.164434	0.027317943	4004	3.209580421447754
1013.0	1.0196483	0.5476915	2.4042938	0.4844483	0.020907199	1.0175577	0.018972464	4104	3.286790370941162
1038.0	0.6178139	0.52329177	2.5230207	0.38620424	0.020233106	0.61579055	0.021188758	4204	3.3680989742279053
1063.0	1.4037389	0.41647053	2.2085526	0.85230035	0.020239092	1.401715	0.023569634	4304	3.4452121257781982
1088.0	0.89289916	0.19206879	1.3246013	0.5761068	0.010211909	0.89187795	0.016096113	4404	3.526224374771118
1113.0	1.2797569	0.44897947	2.1956306	0.5983444	0.030185055	1.2767383	0.03696212	4504	3.6038758754730225
1138.0	0.7105839	0.21320337	1.4740943	0.5198969	0.010808715	0.7095031	0.013476867	4604	3.6795144081115723
1163.0	0.9403243	0.30409014	2.0289085	0.6536682	0.02020232	0.9383042	0.02710212	4704	3.7554283142089844
1188.0	1.00316	0.43351823	2.8807123	0.6927436	0.020196708	1.0011405	0.027198456	4804	3.832164764404297
1213.0	0.9496604	0.4588056	2.2260425	0.32597035	0.030820472	0.94657844	0.03170518	4904	3.9097530841827393
1238.0	0.9006195	0.46052453	2.4609065	0.3315875	0.010850627	0.8995344	0.01058455	5004	3.9860427379608154
1263.0	1.0762756	0.44833022	2.1252704	0.63104546	0.0114605175	1.0751296	0.0073947106	5104	4.060894727706909
1288.0	1.2089115	0.33195317	2.1355305	0.7751206	0.020185	1.2068932	0.025674755	5204	4.137289762496948
1313.0	1.2579415	0.2772388	1.9235303	0.8961755	0.02022546	1.255919	0.024872411	5304	4.214101791381836
1338.0	0.9429182	0.28633058	1.5377276	0.52699864	0.020832991	0.9408349	0.019692827	5404	4.338616847991943
1363.0	0.88174325	0.39828318	2.1258428	0.45657742	0.012120033	0.88053125	0.0014272439	5504	4.415981292724609
1388.0	0.7637582	0.36234015	1.7359726	0.4557277	0.0021136461	0.7635468	-0.009718716	5604	4.49309778213501
1413.0	1.1515651	0.48754305	2.2919154	0.587174	0.01205125	1.1503599	0.004986307	5704	4.616178750991821
1438.0	0.8616391	0.31727868	2.1133676	0.52042973	0.010272155	0.86061186	0.01293887	5804	4.691125392913818
1463.0	1.4526509	0.48213577	2.986307	0.9789248	0.020206518	1.4506303	0.026392939	5904	4.768991708755493
1488.0	1.3287225	0.49155626	2.4634821	0.780888	0.02024819	1.3266977	0.02591941	6004	4.84493350982666
1513.0	1.2813679	0.5300602	2.4400792	0.72202015	0.030241573	1.2783437	0.036444325	6104	4.919158458709717
1538.0	0.7089621	0.19226646	1.5180296	0.5666759	0.010846909	0.7078774	0.010950477	6204	4.994356632232666
1563.0	0.69812727	0.30846938	1.6609797	0.447581	0.020240389	0.6961032	0.025540352	6304	5.077364683151245
1588.0	0.82923394	0.24694566	1.5728084	0.51768655	0.03023092	0.8262109	0.0357407	6404	5.1535964012146
1613.0	0.93636054	0.2873431	1.7601444	0.5342614	0.021437611	0.93421686	0.022754617	6504	5.229183673858643
1638.0	0.6784775	0.21631299	1.2828828	0.42413476	0.010796052	0.67739797	0.009871045	6604	5.305068731307983
1663.0	1.0063473	0.36141825	2.234133	0.5239675	0.030182173	1.003329	0.036771532	6704	5.383245468139648
1688.0	0.8926869	0.23039335	1.5665942	0.54093814	0.010175843	0.8916694	0.016731337	6804	5.464712381362915
1713.0	1.1502719	0.29254594	1.8911197	0.7362131	0.030157575	1.1472561	0.035551116	6904	5.541961669921875
1738.0	0.9247023	0.3958034	2.3107288	0.708255	0.02074647	0.9226277	0.024011014	7004	5.618484258651733
1763.0	0.61493576	0.24843201	1.683109	0.37227014	0.010254277	0.6139103	0.011098069	7104	5.693463087081909
1788.0	1.5054538	0.48776698	2.7420654	0.7874993	0.030223923	1.5024315	0.036361933	7204	5.7680675983428955
1813.0	0.9663437	0.22016387	1.728831	0.6595312	0.010232116	0.9653204	0.013401395	7304	5.842517614364624
1838.0	1.6641258	0.40071797	2.9745593	1.032819	0.02018534	1.6621071	0.027904842	7404	5.919410943984985
1863.0	1.0023873	0.40125692	2.416626	0.66229457	0.020136911	1.0003736	0.021798361	7504	5.995620489120483
1888.0	1.1231503	0.35648754	1.9947966	0.6391597	0.010161699	1.1221342	0.015430286	7604	6.072242259979248
1913.0	1.2135769	0.45808333	2.2860634	0.55916446	0.030212028	1.2105557	0.034262396	7704	6.14981484413147
1938.0	1.3243424	0.50747085	2.9679422	0.621655	0.020211495	1.3223212	0.02803892	7804	6.225766181945801
1963.0	1.2101954	0.6161331	3.438715	0.7682794	0.021475943	1.2080477	0.020282049	7904	6.3038506507873535
1988.0	0.85899734	0.41628733	2.2255037	0.46263635	0.01085938	0.85791147	0.006411699	8004	6.380105018615723
2013.0	1.5294436	0.5802038	2.8289094	0.6047369	0.010851286	1.5283585	0.012345178	8104	6.456886291503906
2038.0	1.3220989	0.34602514	2.2274265	0.8451266	0.02028755	1.32007	0.019880459	8204	6.533367395401001
2063.0	1.4475157	0.3582269	2.4545865	0.8999545	0.010295811	1.446486	0.015132414	8304	6.611440181732178
2088.0	0.98944336	0.4765319	2.4877598	0.6560615	0.020214308	0.9874219	0.022841362	8404	6.690501928329468
2113.0	1.2254905	0.39512715	2.3827631	0.7151289	0.020205215	1.22347	0.026382742	8504	6.7668797969818115
2138.0	1.0816045	0.57446796	2.5215938	0.5354419	0.020173062	1.0795872	0.021942366	8604	6.84169602394104
2163.0	0.8708715	0.27463752	1.8054335	0.5680465	0.0102585545	0.86984575	0.010894204	8704	6.9156458377838135
2188.0	1.1779081	0.367845	2.425235	0.8107069	0.020226529	1.1758854	0.023455549	8804	6.992126941680908
2213.0	0.84893125	0.45181212	2.142362	0.46334466	0.020222059	0.8469091	0.023091473	8904	7.068864822387695
2238.0	1.4188318	0.61183715	2.9832323	0.69413215	0.020197691	1.416812	0.027447456	9004	7.146201133728027
2263.0	0.93379354	0.48465022	2.3198676	0.38845757	0.020194368	0.93177414	0.027131848	9104	7.222701787948608
2288.0	1.6682396	0.69795626	3.0204735	0.67748153	0.030184917	1.6652211	0.037298337	9204	7.299875259399414
2313.0	1.1445107	0.39128363	2.1980011	0.7742178	0.01152793	1.1433581	0.0026324221	9304	7.37853741645813
2338.0	0.7399978	0.48125568	2.0057638	0.3209805	0.010821838	0.73891556	0.004081049	9404	7.4589104652404785
2363.0	1.0686706	0.4928869	2.5603943	0.41268256	0.010848068	1.0675858	0.009139901	9504	7.539893865585327
2388.0	0.94280756	0.45943296	2.2899148	0.46415144	0.020194285	0.94078803	0.022681637	9604	7.616125822067261
2413.0	1.2495102	0.42047587	2.5219247	0.6800954	0.010209551	1.248489	0.015417513	9704	7.693063020706177
2438.0	1.1664833	0.39994913	2.0834022	0.6554487	0.020320123	1.1644512	0.023005504	9804	7.771139860153198
2463.0	1.2301837	0.3686363	1.8038462	0.68766546	0.02023158	1.2281605	0.023783445	9904	7.850011110305786
2488.0	1.0702537	0.36004668	2.1152654	0.5839199	0.020202586	1.0682335	0.023321576	10004	7.929711580276489
2513.0	0.95270026	0.30891833	1.9400744	0.59071505	0.010168799	0.95168334	0.01546176	10104	8.006916999816895
2538.0	1.2774942	0.53582627	2.6979039	0.5862972	0.030154992	1.2744788	0.035921022	10204	8.08423638343811
2563.0	0.9592849	0.22815998	1.4115505	0.6471862	0.010167223	0.9582683	0.019355327	10304	8.159512758255005
2588.0	0.9490807	0.7417824	3.7348075	0.47742456	0.030150406	0.94606566	0.033770327	10404	8.237495183944702
2613.0	1.1222296	0.6527047	3.2937865	0.55386645	0.02021362	1.1202083	0.026350092	10504	8.314931869506836
2638.0	1.3111279	0.5363163	2.4092963	0.6895838	0.020214027	1.3091065	0.021842385	10604	8.393629312515259
2663.0	1.3668132	0.4021201	2.2004726	0.75788695	0.010191151	1.3657941	0.01944953	10704	8.46860671043396
2688.0	0.9156391	0.5427897	2.3429897	0.5227434	0.030147852	0.9126243	0.034655336	10804	8.545732975006104
2713.0	1.203652	0.60023975	3.0307424	0.61755675	0.020178307	1.2016343	0.028572757	10904	8.620798826217651
2738.0	1.0189521	0.4339504	2.4614794	0.63654566	0.02017608	1.0169345	0.024381513	11004	8.697351455688477
2763.0	1.5100347	0.42415473	2.4397123	0.8219023	0.040197507	1.5060147	0.048361756	11104	8.772905349731445
2788.0	0.7370205	0.2600547	1.8671265	0.5623392	0.010125702	0.7360079	0.016323544	11204	8.848997831344604
2813.0	1.4049149	0.5525156	2.8458495	0.67419076	0.03012714	1.4019023	0.03837299	11304	8.926559448242188
2838.0	0.80828583	0.28494486	1.8079616	0.5312309	0.010238111	0.80726194	0.01335184	11404	9.004300594329834
2863.0	1.6336566	0.517108	2.735894	0.6540901	0.030205019	1.6306363	0.035541836	11504	9.085355758666992
2888.0	0.9426979	0.30405724	2.112939	0.633986	0.010209526	0.9416769	0.0105223395	11604	9.161023139953613
2913.0	1.3299692	0.3145094	2.3612888	0.95831174	0.010187428	1.3289505	0.016195998	11704	9.237331867218018
2938.0	0.8672006	0.5595049	2.8085237	0.52599573	0.020167973	0.8651839	0.021223636	11804	9.314929723739624
2963.0	1.1439284	0.5938866	3.2714913	0.32799062	0.021385781	1.1417899	0.017171593	11904	9.39092755317688
2988.0	1.2260374	0.49249372	1.9926373	0.35129076	0.0014008018	1.2258972	0.0005987562	12004	9.46394968032837
3013.0	1.106713	0.5510778	2.6966608	0.54801846	0.020202465	1.1046928	0.025092494	12104	9.539799213409424
3038.0	1.3477479	0.572035	2.7483394	0.67063	0.020212064	1.3457267	0.025332943	12204	9.620769262313843
3063.0	1.4238678	0.6687776	3.2176685	0.7803562	0.020186491	1.421849	0.025791792	12304	9.700852155685425
3088.0	1.4710968	0.6700179	3.0886192	0.90308964	0.020751975	1.4690216	0.021592759	12404	9.778616666793823
3113.0	1.1233321	0.4334946	1.9659297	0.60815966	0.010806293	1.1222516	0.012158065	12504	9.856072664260864
3138.0	1.1943053	0.62422174	3.0448432	0.71411204	0.04018917	1.1902863	0.04511072	12604	9.933201789855957
3163.0	0.74237585	0.21439046	1.5790749	0.48089334	0.010859762	0.7412899	0.007264116	12704	10.016643762588501
3188.0	0.90517545	0.25605202	1.4202436	0.61501515	0.0008628818	0.9050892	0.0015988367	12804	10.101916313171387
3213.0	1.2410544	0.3832289	2.3212442	0.8015662	0.030271992	1.2380272	0.03461413	12904	10.184936046600342
3238.0	0.9269541	0.28498214	1.6764873	0.5811971	0.010331665	0.92592096	0.012767106	13004	10.262399673461914
3263.0	1.3749635	0.3827293	2.5373852	0.9141786	0.020233713	1.3729404	0.02600295	13104	10.340068340301514
3288.0	1.0447145	0.40537044	2.1926792	0.64779705	0.02031213	1.0426832	0.019859975	13204	10.416478157043457
3313.0	1.595769	0.5857364	3.2297788	0.87099177	0.020298054	1.593739	0.024942018	13304	10.494630813598633
3338.0	1.4082924	0.63382345	3.1284792	0.6188787	0.020261196	1.4062662	0.020954726	13404	10.571861267089844
3363.0	1.4686496	0.78801477	3.3643246	0.62258464	0.010290439	1.4676205	0.012410414	13504	10.649740934371948
3388.0	1.8029655	0.57764316	2.9012206	1.085205	0.030243864	1.7999411	0.036070537	13604	10.729984760284424
3413.0	0.9009544	0.31156102	2.050227	0.6090805	0.010241747	0.89993036	0.015073079	13704	10.806147813796997
3438.0	1.1355793	0.3623898	1.8849858	0.77321106	0.020253057	1.133554	0.024940245	13804	10.883777141571045
3463.0	1.3843187	0.36963007	2.0883389	1.0261778	0.030171165	1.3813015	0.03846373	13904	10.96820330619812
3488.0	0.9100563	0.28817543	1.9248551	0.62814534	0.010803851	0.9089759	0.012016029	14004	11.062703847885132
3513.0	0.7621708	0.2935158	1.7339704	0.5422852	0.020190144	0.7601518	0.023151804	14104	11.14753270149231
3538.0	1.5277704	0.49485677	2.893513	0.64832675	0.030206252	1.5247498	0.037065763	14204	11.23572301864624
3563.0	0.7193473	0.32005093	2.0054212	0.46584344	0.010219199	0.7183254	0.014011489	14304	11.32105040550232
3588.0	1.309659	0.57036996	3.492179	0.8272803	0.030205792	1.3066384	0.03607165	14404	11.397515058517456
3613.0	0.85944617	0.336304	1.9188424	0.51951176	0.010216241	0.8584246	0.015414595	14504	11.473776578903198
3638.0	1.2732246	0.32239196	2.3354945	0.90411466	0.020163048	1.2712082	0.028043116	14604	11.55158281326294
3663.0	0.7950039	0.33151442	1.892198	0.5318362	0.020174421	0.79298645	0.025741601	14704	11.63083529472351
3688.0	1.1689465	0.51612043	2.435612	0.48589548	0.030179434	1.1659286	0.035477206	14804	11.711397886276245
3713.0	0.9280944	0.37327024	2.061625	0.46908933	0.0101808105	0.9270763	0.014897377	14904	11.790238618850708
3738.0	1.3456796	0.43785146	2.5659776	0.699976	0.030198917	1.3426596	0.035447285	15004	11.869455099105835
3763.0	0.9136372	0.27738357	1.8717744	0.63308775	0.010190577	0.9126181	0.014745512	15104	11.946104764938354
3788.0	1.4884462	0.6670552	2.9906526	0.6210723	0.030181833	1.4854279	0.035238303	15204	12.023852586746216
3813.0	0.9919925	0.2943894	2.0584152	0.6824451	0.010271265	0.99096537	0.011058326	15304	12.099475145339966
3838.0	1.8202505	0.64097106	3.814198	0.91928995	0.03017228	1.8172333	0.038498294	15404	12.17607593536377
3863.0	0.88723963	0.2507874	1.8943257	0.5847352	0.010242475	0.8862154	0.009314402	15504	12.25157904624939
3888.0	1.8267572	0.62050545	3.3656278	0.8518538	0.020203352	1.824737	0.027150748	15604	12.327779769897461
3913.0	1.0745245	0.44454858	2.2519336	0.65733576	0.02021546	1.0725029	0.020852203	15704	12.403593301773071
3938.0	1.4739276	0.6058154	3.4294884	0.8295625	0.020199008	1.4719079	0.026747668	15804	12.480871438980103
3963.0	1.1721332	0.3500058	2.408232	0.81706536	0.010172283	1.1711161	0.014550976	15904	12.55864953994751
3988.0	1.2548082	0.37260073	2.3389142	0.7672418	0.030180326	1.2517902	0.0345657	16004	12.636897325515747
4013.0	1.0967577	0.3370449	1.8555406	0.6120809	0.020172011	1.0947404	0.024745353	16104	12.715453147888184
4038.0	1.0897071	0.38507855	2.1392255	0.7018744	0.020181889	1.0876889	0.02853459	16204	12.79412317276001
4063.0	0.8584131	0.28548947	2.0291057	0.44327453	0.0201592	0.85639715	0.022284739	16304	12.873231887817383
4088.0	1.2093439	0.6829544	3.2937531	0.44348118	0.020186475	1.2073251	0.027466262	16404	12.948389053344727
4113.0	0.9413575	0.28284758	1.9413874	0.70271707	0.020193877	0.9393381	0.024481518	16504	13.023501873016357
4138.0	1.1107826	0.5355009	3.0043929	0.5906699	0.02015653	1.108767	0.027401866	16604	13.098083734512329
4163.0	1.1065234	0.30660385	2.1380014	0.64977753	0.02025352	1.104498	0.024346914	16704	13.173352479934692
4188.0	1.3265619	0.48818555	2.9285338	0.71212274	0.020210879	1.3245407	0.027002443	16804	13.24909782409668
4213.0	1.0621381	0.3954883	2.01474	0.5175459	0.02024166	1.0601139	0.0233905	16904	13.32565450668335
4238.0	1.3159456	0.3715028	2.227141	0.6677957	0.010213646	1.3149241	0.01731642	17004	13.403478145599365
4263.0	1.2830691	0.5540785	2.839479	0.5566445	0.03018684	1.2800505	0.031732645	17104	13.482772588729858
4288.0	1.1637744	0.57169	3.1153479	0.626375	0.011419583	1.1626323	0.01001865	17204	13.559614181518555
4313.0	0.83178055	0.3723711	1.6919826	0.5074939	0.0101956995	0.83076096	0.009774294	17304	13.637156248092651
4338.0	1.9574846	0.5841254	3.2269511	1.008521	0.030248413	1.9544598	0.03728689	17404	13.715095043182373
4363.0	0.7211422	0.4079689	2.2195175	0.41478667	0.010175968	0.7201246	0.011481978	17504	13.794528484344482
4388.0	1.2702674	0.5236831	2.4427643	0.5424622	0.02018644	1.2682488	0.026908673	17604	13.872039079666138
4413.0	1.2385983	0.5066456	2.1312475	0.65346885	0.02026272	1.2365721	0.023583503	17704	13.948068141937256
4438.0	0.82561755	0.32086983	1.9044317	0.5821745	0.020185519	0.82359904	0.026320638	17804	14.024356603622437
4463.0	1.2094827	0.25453764	2.0334823	0.82607484	0.0207602	1.2074066	0.024236595	17904	14.103117227554321
4488.0	1.1033481	0.40446633	2.1916273	0.64773214	0.030186724	1.1003296	0.036971316	18004	14.181034803390503
4513.0	1.0842426	0.24479754	1.9916651	0.7276624	0.010174197	1.0832251	0.013503079	18104	14.257039546966553
4538.0	1.2216092	0.3898293	2.389867	0.68623036	0.030150373	1.2185941	0.037752222	18204	14.33408808708191
4563.0	0.91090554	0.37930897	2.3425405	0.54739463	0.020220613	0.90888333	0.024497554	18304	14.4092378616333
4588.0	1.518993	0.46693075	2.43376	0.7829208	0.020192316	1.5169739	0.023451075	18404	14.489078521728516
4613.0	1.0461007	0.34756905	1.715453	0.463205	0.010802917	1.0450203	0.0074438117	18504	14.565584897994995
4638.0	0.9251042	0.54542106	2.581435	0.4598314	0.020180669	0.9230861	0.03135001	18604	14.64247441291809
4663.0	0.67528284	0.5021415	2.491437	0.29035312	0.020242637	0.67325854	0.01943808	18704	14.72358775138855
4688.0	1.1466687	0.58208925	2.403776	0.31751603	0.0102300085	1.1456457	0.016162725	18804	14.800905466079712
4713.0	1.2167839	0.62017524	2.5302718	0.26216546	0.030179214	1.213766	0.0329491	18904	14.877907752990723
4738.0	0.82682955	0.60396177	2.6998365	0.2544382	0.010808505	0.8257487	0.013937289	19004	14.956296682357788
4763.0	0.6956735	0.4332371	2.2191203	0.44609457	0.02028328	0.69364524	0.020180095	19104	15.033447742462158
4788.0	1.6947806	0.6865791	3.2263958	0.60825753	0.010308467	1.6937495	0.014743127	19204	15.10871410369873
4813.0	1.3315718	0.58654124	3.147611	0.439899	0.030187404	1.3285532	0.030708468	19304	15.185392141342163
4838.0	1.0347916	0.43059376	2.2825506	0.4636223	0.010244936	1.0337671	0.012566899	19404	15.26225233078003
4863.0	1.6261306	0.51304257	2.9897814	0.93272907	0.020206485	1.6241096	0.025726955	19504	15.338942050933838
4888.0	1.1046509	0.3519905	2.1790814	0.65984476	0.010215503	1.1036294	0.0144536495	19604	15.416480779647827
4913.0	1.6685202	0.44985774	2.8614252	0.9762735	0.030153837	1.6655048	0.035883926	19704	15.49331521987915
4938.0	1.0259829	0.42619678	2.1508653	0.65748143	0.020142464	1.0239687	0.024355559	19804	15.571013689041138
4963.0	1.1998907	0.37920746	2.2421901	0.74855727	0.020183612	1.1978725	0.025824793	19904	15.646364450454712
4988.0	0.99714625	0.41010743	2.0958915	0.46517244	0.020277781	0.9951185	0.021076983	20004	15.72643494606018
5013.0	0.8481714	0.28028694	1.7343072	0.48660016	0.010233308	0.847148	0.01685396	20104	15.805402278900146
5038.0	1.1322422	0.39142632	1.8973311	0.513688	0.03018579	1.1292236	0.0357328	20204	15.884589910507202
5063.0	0.6310308	0.2421526	1.7020591	0.47335812	0.010178631	0.6300129	0.01787784	20304	15.96620512008667
5088.0	0.89358294	0.44588396	2.0675106	0.46571884	0.030166592	0.89056635	0.035343364	20404	16.044767141342163
5113.0	0.8688553	0.2667649	1.7016488	0.5425034	0.010214294	0.86783385	0.014710157	20504	16.122020721435547
5138.0	1.1722537	0.55762345	2.4434953	0.54044396	0.030251577	1.1692286	0.036357142	20604	16.20094871520996
5163.0	0.7362163	0.20706667	1.2190928	0.4498811	0.010192538	0.73519707	0.015613283	20704	16.278454303741455
5188.0	1.0134691	0.4546175	1.9087642	0.5203275	0.03018708	1.0104505	0.03504943	20804	16.358455657958984
5213.0	0.8364808	0.40482518	2.1879191	0.4738544	0.020221725	0.8344586	0.026352758	20904	16.43840479850769
5238.0	0.9499508	0.43441755	2.290807	0.54557645	0.02018832	0.947932	0.024670089	21004	16.5154812335968
5263.0	1.041054	0.43383387	2.3191237	0.53765446	0.020218546	1.0390321	0.026699366	21104	16.59229612350464
5288.0	1.0304804	0.50907195	2.306083	0.49600545	0.020200105	1.0284603	0.02265237	21204	16.66938352584839
5313.0	1.0515023	0.35152447	1.832206	0.5614496	0.010185867	1.0504837	0.016422503	21304	16.745634078979492
5338.0	1.1697017	0.4701518	2.1925354	0.6472354	0.030177452	1.1666839	0.03437853	21404	16.822961568832397
5363.0	0.9155489	0.34617	1.8758221	0.440913	0.020219056	0.913527	0.02776517	21504	16.899943828582764
5388.0	0.84649676	0.56131166	2.11175	0.25836614	0.020845523	0.8444121	0.017971218	21604	16.978214025497437
5413.0	0.9236324	0.63567084	2.5975692	0.2543487	0.010193583	0.92261314	0.018042829	21704	17.05405330657959
5438.0	1.25518	0.86273646	3.353458	0.26407272	0.030204946	1.2521595	0.030894158	21804	17.13152813911438
5463.0	0.7348593	0.46233806	1.7198418	0.2424835	0.00020060105	0.73483926	0.010504533	21904	17.20855212211609
5488.0	1.1064037	0.794874	2.8166707	0.19586498	0.040136166	1.1023902	0.042264033	22004	17.285739421844482
5513.0	0.73502815	0.59531575	2.7193274	0.19116762	0.010192607	0.73400897	0.02099772	22104	17.361411094665527
5538.0	0.8995694	0.7011178	2.714576	0.17907345	0.030188434	0.8965506	0.030072456	22204	17.438393115997314
5563.0	0.9011795	0.6007392	2.0292702	0.16373156	0.010841253	0.9000955	0.015493989	22304	17.51529049873352
5588.0	0.6373247	0.6040719	2.3498998	0.2594801	0.020153105	0.6353093	0.024672063	22404	17.597004652023315
5613.0	1.0311035	0.48701304	2.2578127	0.41203558	0.020195525	1.029084	0.02816068	22504	17.67534041404724
5638.0	0.671445	0.54957706	2.4065502	0.3283939	0.020191068	0.6694258	0.022662153	22604	17.751801013946533
5663.0	1.2136681	0.46518618	2.27864	0.5219956	0.020218125	1.2116463	0.028425107	22704	17.82754135131836
5688.0	0.6334552	0.50812894	2.4164078	0.33467403	0.020198602	0.63143533	0.022159316	22804	17.90384793281555
5713.0	1.289712	0.45988628	2.5175514	0.8876877	0.030775096	1.2866346	0.032920185	22904	17.982795000076294
5738.0	0.93476313	0.5567249	2.1409402	0.37240672	0.00018957205	0.93474424	0.0052369214	23004	18.063026905059814
5763.0	1.394328	0.61860037	3.3081467	0.37925887	0.04019514	1.3903087	0.043496534	23104	18.143146991729736
5788.0	0.6980066	0.40132073	1.6594962	0.30694628	0.00021743817	0.6979849	0.003679356	23204	18.220077991485596
5813.0	1.319294	0.8150204	2.86476	0.24285261	0.030806003	1.3162134	0.030937307	23304	18.334742069244385
5838.0	0.9611334	0.6100478	2.6684232	0.23212948	0.011437871	0.95998955	0.008667012	23404	18.411645650863647
5863.0	0.92301255	0.3903713	1.9701796	0.46749982	0.020185947	0.920994	0.020465393	23504	18.48810052871704
5888.0	0.8268533	0.43561026	2.1916666	0.4027254	0.010869176	0.8257663	0.009672616	23604	18.563068628311157
5913.0	0.9178898	0.25269642	1.6938429	0.49537444	0.010915232	0.9167982	0.005804072	23704	18.63784646987915
5938.0	0.9298073	0.42596695	1.6179229	0.37625116	0.010799506	0.9287272	0.01406334	23804	18.71305823326111
5963.0	1.3407439	0.3922128	2.140874	0.83062476	0.03019538	1.3377243	0.035735153	23904	18.788317441940308
5988.0	0.56499296	0.3720536	1.913211	0.28447485	0.010817565	0.56391126	0.009449529	24004	18.864516973495483
6013.0	1.003229	0.31216326	1.8180007	0.7048105	0.020218149	1.0012072	0.023165464	24104	18.94348692893982
6038.0	1.1451279	0.4645746	2.2492242	0.49034762	0.02020889	1.1431069	0.02834854	24204	19.0226628780365
6063.0	0.86135185	0.44247594	1.8866986	0.39720625	0.020807529	0.8592711	0.02097927	24304	19.09949254989624
6088.0	0.54236966	0.27990574	1.4194312	0.27588773	0.010195753	0.5413501	0.013680133	24404	19.174769163131714
6113.0	1.3914919	0.37735975	2.7041845	0.9553569	0.030196222	1.3884723	0.036395263	24504	19.253591060638428
6138.0	1.1299846	0.3384018	1.750334	0.6222821	0.010152948	1.1289694	0.016515426	24604	19.33101725578308
6163.0	1.3202978	0.76150715	3.053579	0.2717351	0.030744841	1.3172233	0.030257184	24704	19.407769441604614
6188.0	0.8412578	0.54290366	2.4447527	0.24090327	0.010841579	0.8401737	0.010709256	24804	19.483343601226807
6213.0	1.0800583	0.43575186	2.3467047	0.6179674	0.020201419	1.0780381	0.024916101	24904	19.562474727630615
6238.0	1.2753845	0.4222927	2.4322174	0.72975504	0.010208505	1.2743638	0.015275113	25004	19.63757634162903
6263.0	1.3019409	0.6350806	3.103326	0.65033937	0.020144917	1.2999264	0.024850277	25104	19.710685968399048
6288.0	1.5349551	0.6480526	3.3314433	0.7525396	0.030177956	1.5319372	0.036342293	25204	19.786964178085327
6313.0	0.7597833	0.35437813	2.0847692	0.4387808	0.010213256	0.7587619	0.01438527	25304	19.864342212677002
6338.0	1.0488116	0.46116987	2.6200721	0.5827748	0.020229228	1.0467887	0.021578882	25404	19.94187831878662
6363.0	1.4376487	0.42622975	2.386432	0.81671715	0.02026366	1.4356222	0.02247294	25504	20.020312547683716
6388.0	1.6470357	0.4149482	2.5793338	1.0033511	0.020191705	1.6450163	0.025373857	25604	20.10405135154724
6413.0	1.0563542	0.47802705	2.335844	0.5718777	0.020221818	1.0543319	0.026984539	25704	20.18243932723999
6438.0	0.87276655	0.47866797	2.3731103	0.4909979	0.020201761	0.8707464	0.02261793	25804	20.257946252822876
6463.0	1.2706228	0.5020343	2.409668	0.70641357	0.020230984	1.2685997	0.024585426	25904	20.33252191543579
6488.0	1.4574602	0.36273128	2.273515	0.9774888	0.020257547	1.4554346	0.022122497	26004	20.407824516296387
6513.0	1.3741117	0.3566701	2.5129182	0.95413744	0.020168498	1.3720949	0.025657399	26104	20.484192371368408
6538.0	1.0289583	0.3141213	2.1314547	0.6149508	0.010819446	1.0278764	0.01358966	26204	20.560836791992188
6563.0	1.10497	0.45606923	2.6025403	0.58606315	0.020185445	1.1029514	0.025956664	26304	20.63853430747986
6588.0	1.1008837	0.3842152	2.0730727	0.63235766	0.02080805	1.0988029	0.02236142	26404	20.71558451652527
6613.0	1.1800933	0.3007076	1.8848389	0.7696535	0.020202294	1.1780729	0.023516696	26504	20.791895389556885
6638.0	1.3317075	0.43110836	2.3758388	0.8212752	0.021485703	1.329559	0.018918453	26604	20.868777990341187
6663.0	0.8814057	0.18735121	1.3596395	0.6035381	0.0102008125	0.88038564	0.01542924	26704	20.944514989852905
6688.0	1.1823134	0.5513666	2.3669822	0.47397828	0.030827971	1.1792306	0.03427456	26804	21.020877599716187
6713.0	0.5373932	0.27431926	1.5081722	0.22805814	0.010870668	0.5363062	0.009453458	26904	21.097110748291016
6738.0	1.547985	0.53577584	2.7435787	0.8499229	0.030222422	1.5449626	0.03672251	27004	21.1733980178833
6763.0	0.5666854	0.4090199	1.4755058	0.17195575	0.010249066	0.5656604	0.0080875615	27104	21.24967122077942
6788.0	1.2948014	0.65273917	3.0149956	0.36393368	0.030192621	1.291782	0.041289225	27204	21.328566551208496
6813.0	0.52262	0.33544287	1.6056237	0.18939142	0.010224151	0.5215976	0.008386616	27304	21.403615713119507
6838.0	1.2540967	0.7711529	3.070684	0.28806335	0.0202165	1.252075	0.028656064	27404	21.478687286376953
6863.0	0.850474	0.37146068	1.8166498	0.2860774	0.02021745	0.8484522	0.02259514	27504	21.55436420440674
6888.0	1.0748154	0.63124377	2.8019967	0.29748482	0.010192612	1.0737963	0.01813472	27604	21.62994146347046
6913.0	0.9893049	0.5079077	2.4426932	0.39396328	0.030219557	0.9862829	0.031317327	27704	21.7078275680542
6938.0	1.2538116	0.72543824	2.9673219	0.39673734	0.020223789	1.2517893	0.027892757	27804	21.783802270889282
6963.0	0.7951347	0.28346413	1.7613662	0.54383165	0.010219301	0.7941128	0.0103279725	27904	21.859434843063354
6988.0	0.86570853	0.4160445	2.2303462	0.4836886	0.010824689	0.8646261	0.012277248	28004	21.935269355773926
7013.0	1.2191924	0.50514495	2.6579373	0.71701473	0.03020285	1.2161722	0.033818908	28104	22.014217138290405
7038.0	1.191773	0.30781803	2.070055	0.76947725	0.010200243	1.190753	0.01569485	28204	22.09304428100586
7063.0	1.2636265	0.5454466	2.5744336	0.70584697	0.030183649	1.2606081	0.035455443	28304	22.172738552093506
7088.0	0.82612795	0.32133436	2.0482357	0.47033566	0.010219103	0.82510614	0.012035297	28404	22.25412654876709
7113.0	1.4251126	0.35951295	2.706473	0.96940947	0.02014729	1.423098	0.026671987	28504	22.332733631134033
7138.0	1.2489074	0.5700088	2.491384	0.6581282	0.020133419	1.246894	0.026840424	28604	22.41148281097412
7163.0	1.1591151	0.34927866	2.2574816	0.7859327	0.020156393	1.1570995	0.026110293	28704	22.490294933319092
7188.0	0.95537055	0.5438105	2.7784872	0.4509672	0.020161774	0.9533544	0.024813388	28804	22.567848443984985
7213.0	1.274639	0.32456955	2.4234786	0.9224481	0.020164598	1.2726226	0.026138864	28904	22.645108222961426
7238.0	0.8462916	0.48722255	2.527399	0.43451002	0.020179575	0.8442735	0.02439554	29004	22.7219181060791
7263.0	1.1644285	0.34507936	1.9706119	0.5945823	0.030144997	1.1614139	0.034504756	29104	22.79917883872986
7288.0	0.7455238	0.16105409	1.3305844	0.5837624	0.010167257	0.7445071	0.015099177	29204	22.875088930130005
7313.0	1.1064849	0.34984222	2.108802	0.5866636	0.030176645	1.1034671	0.03513395	29304	22.954466342926025
7338.0	0.6556505	0.16108504	1.3485515	0.54360926	0.010185683	0.65463185	0.015820619	29404	23.032793521881104
7363.0	0.8941686	0.30733997	1.9180644	0.5984433	0.03018456	0.89115024	0.036908325	29504	23.11184597015381
7388.0	0.9087707	0.28406507	2.0768616	0.59549403	0.020168405	0.90675384	0.023366386	29604	23.190672636032104
7413.0	1.0314502	0.3129583	1.6961426	0.6251166	0.010190251	1.0304312	0.019303132	29704	23.2673761844635
7438.0	0.7286056	0.45564523	2.2329135	0.37327263	0.030160341	0.7255896	0.035814095	29804	23.346026182174683
7463.0	0.8617939	0.48549724	2.5180259	0.47023845	0.030231785	0.85877085	0.034496814	29904	23.421602487564087
7488.0	1.1974175	0.56426	2.328879	0.59042525	0.0102886725	1.1963885	0.013620088	30004	23.495912790298462
7513.0	1.1793319	0.39619592	2.8191812	0.7714913	0.0208501	1.1772469	0.022414647	30104	23.572057723999023
7538.0	1.2485211	0.37670973	2.0423958	0.7244082	0.020231009	1.246498	0.02324944	30204	23.64826536178589
7563.0	1.008198	0.35834312	2.4033434	0.7209416	0.010250653	1.007173	0.013324264	30304	23.724481105804443
7588.0	1.5173225	0.4276798	2.3478422	0.9751351	0.030246906	1.514298	0.036733147	30404	23.802029371261597
7613.0	1.1142255	0.36851498	1.9677544	0.750586	0.010276193	1.1131978	0.014569151	30504	23.875766038894653
7638.0	1.353927	0.5948013	2.6789715	0.5399184	0.030219765	1.350905	0.035515085	30604	23.95426058769226
7663.0	0.95138466	0.3710174	1.9752625	0.5301196	0.010862363	0.95029837	0.012598086	30704	24.0311062335968
7688.0	0.94858986	0.57939434	2.8389287	0.37642905	0.020229537	0.9465668	0.022359224	30804	24.106702089309692
7713.0	1.2175559	0.6026433	2.5219069	0.43722183	0.02082411	1.2154734	0.024482202	30904	24.183774948120117
7738.0	0.564307	0.31500116	1.9419026	0.3297846	0.01022657	0.5632843	0.0126982005	31004	24.261844635009766
7763.0	1.4426377	0.48476294	3.00837	0.8180924	0.030170422	1.4396205	0.037776686	31104	24.34282159805298
7788.0	0.61447895	0.36048096	1.5082489	0.27980658	0.01019233	0.61345965	0.011600159	31204	24.418392181396484
7813.0	1.451475	0.5944102	3.0376747	0.7214851	0.030181818	1.4484569	0.038217817	31304	24.496635675430298
7838.0	0.60902125	0.3088514	1.4045038	0.30449894	0.010196506	0.60800165	0.012759534	31404	24.574217081069946
7863.0	1.4185094	0.5194881	2.8566504	0.8455139	0.030181153	1.4154912	0.037697244	31504	24.651072025299072
7888.0	0.61015373	0.30566466	1.6484413	0.29669937	0.010188166	0.6091349	0.011564166	31604	24.729697704315186
7913.0	1.6879921	0.72264266	4.128698	0.8304517	0.03017235	1.6849748	0.04012404	31704	24.80912685394287
7938.0	0.4751542	0.3170709	1.7990564	0.2758291	0.010203156	0.4741339	0.012308104	31804	24.886444091796875
7963.0	1.4628524	0.7602245	2.9384563	0.6800801	0.030152455	1.4598372	0.037780292	31904	24.964332580566406
7988.0	0.57590884	0.39898524	2.2656777	0.29085967	0.010197859	0.57488906	0.014329039	32004	25.03995132446289
8013.0	1.3909934	0.37642285	2.975989	0.9945208	0.030217404	1.3879718	0.036855556	32104	25.11721181869507
8038.0	0.55563223	0.32152686	1.4962572	0.306696	0.010236749	0.5546086	0.015834372	32204	25.194352388381958
8063.0	1.2180107	0.43765965	2.5798404	0.73988426	0.030173795	1.2149934	0.036914818	32304	25.269986391067505
8088.0	0.6809426	0.4190121	2.2231798	0.31647465	0.020223504	0.6789202	0.02657149	32404	25.346045970916748
8113.0	0.8664899	0.38026163	2.0751162	0.32363442	0.030161915	0.86347365	0.034949075	32504	25.422757625579834
8138.0	0.8640173	0.4768692	2.1240096	0.3218225	0.020199971	0.8619973	0.029234182	32604	25.49923276901245
8163.0	0.59547746	0.3105728	1.6767799	0.27311927	0.020189935	0.5934585	0.022890382	32704	25.57927632331848
8188.0	0.7345049	0.44686842	1.9776655	0.26559168	0.020206861	0.7324841	0.028338747	32804	25.656537771224976
8213.0	0.7771675	0.44238797	2.1203206	0.29506543	0.02016881	0.7751506	0.022568285	32904	25.734195709228516
8238.0	1.0574905	0.49967694	2.3426507	0.3395243	0.020181553	1.0554723	0.030441286	33004	25.810399293899536
8263.0	0.6619718	0.41515303	2.0369802	0.31466758	0.020216467	0.6599501	0.01950007	33104	25.887075424194336
8288.0	1.2325608	0.60902846	3.3241558	0.48727846	0.030186052	1.2295421	0.041031525	33204	25.966209650039673
8313.0	0.6425178	0.26866704	1.4368155	0.38903403	0.010214926	0.6414962	0.010018021	33304	26.04246497154236
8338.0	1.2675192	0.60793984	2.6880698	0.4834186	0.03019488	1.2644997	0.04111547	33404	26.11880922317505
8363.0	0.5944345	0.37974736	1.8816421	0.26003283	0.010832809	0.5933512	0.007987075	33504	26.195224046707153
8388.0	0.9636038	0.55608743	2.448995	0.27145144	0.020209722	0.9615828	0.030369435	33604	26.270325422286987
8413.0	0.818982	0.47985888	2.0519278	0.32579198	0.020183045	0.8169637	0.021270353	33704	26.35051727294922
8438.0	1.0925663	0.57610416	2.3539903	0.36627907	0.020229166	1.0905434	0.028176153	33804	26.429463148117065
8463.0	0.94587404	0.7396591	2.741374	0.19935843	0.020779653	0.943796	0.019881675	33904	26.506201028823853
8488.0	0.96886116	0.72891307	2.4780593	0.19567598	0.00023199886	0.968838	0.009825617	34004	26.581079959869385
8513.0	0.8413223	0.8679364	3.6431267	0.19783193	0.04017672	0.8373046	0.040909234	34104	26.657814264297485
8538.0	1.0590824	0.6261798	2.5568528	0.2341311	0.020210061	1.0570613	0.030853055	34204	26.73382306098938
8563.0	0.59134275	0.54652566	2.2229657	0.20264015	0.020118333	0.5893309	0.021621613	34304	26.811975717544556
8588.0	1.327839	0.9341121	3.9887347	0.29226983	0.040191542	1.3238199	0.05227591	34404	26.8883113861084
8613.0	0.3856628	0.19924086	0.9468817	0.21881603	0.00014787195	0.38564804	0.002046622	34504	26.967053651809692
8638.0	1.5325481	0.8062609	3.8326232	0.46030253	0.040187564	1.5285292	0.04844515	34604	27.043774127960205
8663.0	0.44048783	0.1571783	0.8385634	0.2776773	0.00016794879	0.44047105	0.008052497	34704	27.119704484939575
8688.0	1.3374286	0.54231143	2.7359262	0.50692576	0.040170055	1.3334116	0.046049476	34804	27.198973655700684
8713.0	0.7336989	0.3406199	1.5693177	0.43263176	0.00016574402	0.73368233	0.009529696	34904	27.27550745010376
8738.0	1.1231598	0.8682826	3.998207	0.31023043	0.040177077	1.1191422	0.04299178	35004	27.351649522781372
8763.0	0.97249496	0.61889535	2.3368533	0.29154077	0.00020320881	0.9724746	0.009692362	35104	27.427026987075806
8788.0	1.5483572	1.2395217	4.217136	0.28486875	0.040137958	1.5443435	0.04278462	35204	27.503979206085205
8813.0	0.7105489	0.51628685	1.8693618	0.24045168	0.00030348235	0.7105186	0.0017794282	35304	27.579875230789185
8838.0	1.3473976	0.6420197	2.9567916	0.74911827	0.03017543	1.3443799	0.036464177	35404	27.65518879890442
8863.0	1.2051266	0.32429227	2.1451497	0.8051706	0.020225672	1.2031039	0.026195142	35504	27.732065200805664
8888.0	1.0436951	0.389343	2.2673588	0.70096684	0.02021651	1.0416734	0.024335437	35604	27.808526277542114
8913.0	1.2468941	0.48125836	2.7474465	0.6421787	0.02018502	1.2448754	0.026724301	35704	27.886279344558716
8938.0	1.1111087	0.46101782	2.0318844	0.5716478	0.020197043	1.109089	0.024232347	35804	27.96040940284729
8963.0	1.3466957	0.47567847	2.6901665	0.7961997	0.020198353	1.344676	0.026566457	35904	28.03540802001953
8988.0	1.0773675	0.3500421	2.3161957	0.65182865	0.020213155	1.0753461	0.024724169	36004	28.113944053649902
9013.0	1.2303708	0.48682436	2.7068553	0.77559793	0.020156816	1.2283549	0.02541679	36104	28.19313883781433
9038.0	0.9176619	0.3906089	1.9951462	0.49120447	0.020192768	0.9156428	0.023664214	36204	28.27096724510193
9063.0	1.0425918	0.5473763	2.4827178	0.50980777	0.020847943	1.040507	0.01896622	36304	28.348904848098755
9088.0	0.8665834	0.31169248	1.819825	0.4353258	0.010266228	0.8655569	0.013382158	36404	28.42718243598938
9113.0	1.5150148	0.7420167	2.951527	0.4448843	0.03026339	1.5119885	0.03269252	36504	28.510294675827026
9138.0	0.7261875	0.39020246	1.6688079	0.3802866	0.00020739931	0.7261668	0.008800416	36604	28.586581230163574
9163.0	1.0498253	0.8273836	3.0610642	0.18122108	0.04022041	1.0458033	0.04070704	36704	28.663177490234375
9188.0	0.8303949	0.5715691	2.0899916	0.19016658	0.0002230889	0.8303726	0.008033671	36804	28.73915147781372
9213.0	1.4912229	1.109997	3.3279848	0.18739274	0.04019366	1.4872034	0.04516564	36904	28.818323135375977
9238.0	0.6356488	0.66946965	2.8440292	0.16365716	0.011531763	0.63449556	0.0022324696	37004	28.89642310142517
9263.0	0.84992766	0.2853417	1.693126	0.61074954	0.010258044	0.8489018	0.012291578	37104	28.973071336746216
9288.0	1.4262364	0.4794767	2.8911753	0.80863255	0.020190489	1.4242173	0.028707026	37204	29.046716690063477
9313.0	0.8372947	0.50074285	2.4960706	0.41765586	0.0108455345	0.83621	0.010024929	37304	29.12220811843872
9338.0	1.1161802	0.49251962	2.4280326	0.47548032	0.022120249	1.1139683	0.012736018	37404	29.1982204914093
9363.0	0.61959654	0.3306362	1.6529666	0.32194248	0.0008337433	0.61951315	-0.0010162706	37504	29.273650884628296
9388.0	0.923621	0.5537872	3.2422767	0.28576422	0.020838186	0.92153716	0.02008168	37604	29.348468542099
9413.0	1.2306514	0.79447716	2.9966834	0.32932296	0.020796042	1.2285718	0.02529154	37704	29.42438554763794
9438.0	0.51970446	0.43752187	2.0241911	0.18959698	0.011468403	0.5185576	0.0022090958	37804	29.502180337905884
9463.0	0.8602406	0.32693714	1.9193393	0.3745997	0.011454984	0.8590951	0.012957467	37904	29.581342697143555
9488.0	0.7992604	0.2502974	1.6227621	0.62536436	0.020174358	0.79724294	0.022993498	38004	29.65779137611389
9513.0	0.86890244	0.36899066	2.0427077	0.567486	0.021477964	0.8667547	0.018486606	38104	29.733962297439575
9538.0	0.91192156	0.28561303	1.4837502	0.45666966	0.020831397	0.9098385	0.022163235	38204	29.809813976287842
9563.0	0.7609639	0.3586629	1.8033878	0.43435308	0.020179186	0.75894594	0.028739521	38304	29.888815879821777
9588.0	0.7344343	0.25994647	1.7056713	0.43302214	0.020823598	0.732352	0.01947112	38404	29.96790885925293
9613.0	0.7173791	0.29958224	1.4772696	0.3802953	0.011480299	0.7162309	0.010210358	38504	30.04442048072815
9638.0	0.6780752	0.3445166	1.9670511	0.39023334	0.020215334	0.6760537	0.025631206	38604	30.120932579040527
9663.0	0.75761294	0.39683673	1.9361492	0.46238917	0.020787556	0.75553423	0.021588443	38704	30.196946620941162
9688.0	0.6672976	0.38739076	1.951527	0.3604952	0.011567819	0.6661408	0.0034456863	38804	30.27434468269348
9713.0	1.1718453	0.6187247	3.2076893	0.52214205	0.02084566	1.1697607	0.026838655	38904	30.353014945983887
9738.0	0.8280767	0.37954894	1.8803521	0.37501743	0.020812564	0.82599556	0.019064104	39004	30.43047857284546
9763.0	0.6843784	0.33480117	1.5305703	0.31078038	0.0014655144	0.6842317	-0.0016192943	39104	30.507333040237427
9788.0	1.2414014	0.46165806	2.2710915	0.7570373	0.02023919	1.2393775	0.02651389	39204	30.58691954612732
9813.0	1.248267	0.45293266	2.3167427	0.7286616	0.020839008	1.246183	0.024906226	39304	30.697218418121338
9838.0	0.83716637	0.5475926	2.251258	0.34791788	0.010814416	0.8360849	0.006441731	39404	30.774681568145752
9863.0	1.495374	0.8344441	3.194212	0.43699777	0.020187974	1.4933554	0.031686734	39504	30.851579427719116
9888.0	0.8296182	0.595274	2.3877432	0.355158	0.020817252	0.82753646	0.019443324	39604	30.930596590042114
9913.0	0.8616306	0.4095168	1.8993	0.39171186	0.00080774835	0.86154974	0.003830168	39704	31.008761405944824
9938.0	0.9219584	0.71983904	2.9312778	0.29835495	0.020842433	0.9198742	0.020201564	39804	31.090126514434814
9963.0	1.163788	0.49331516	2.3168054	0.4013355	0.010181385	1.1627698	0.018886255	39904	31.168760299682617
9988.0	0.7525666	0.74435943	2.657293	0.23518048	0.020747375	0.75049186	0.01906317	40004	31.246302366256714
10013.0	1.09787	0.5842218	2.9101174	0.3399239	0.010235343	1.0968463	0.01675177	40104	31.321570873260498
10038.0	1.0068995	0.6004471	2.6346862	0.43378958	0.030896308	1.0038099	0.02786062	40204	31.39727282524109
10063.0	1.3454186	0.5759726	2.475747	0.52986026	0.010178123	1.3444008	0.018833099	40304	31.47214126586914
10088.0	1.0963751	0.6582317	2.681687	0.3190359	0.03076949	1.0932981	0.030464435	40404	31.549169063568115
10113.0	0.44745204	0.2310439	1.0006121	0.21722218	0.00025276712	0.44742677	-0.0016342012	40504	31.626179933547974
10138.0	1.8096133	0.8430326	3.7964144	0.5645334	0.04018691	1.8055948	0.049046323	40604	31.702961206436157
10163.0	0.35664284	0.108199894	0.6445981	0.2467275	0.00026384954	0.35661644	-0.0014183531	40704	31.778383493423462
10188.0	1.9118793	0.86586624	4.455108	0.72505015	0.030214991	1.9088577	0.041163992	40804	31.857932567596436
10213.0	0.4219472	0.31359658	1.8600142	0.23748575	0.010251578	0.420922	0.006291655	40904	31.935843467712402
10238.0	1.7136046	0.88407576	3.792892	0.4965582	0.030211875	1.7105834	0.042376146	41004	32.01277303695679
10263.0	0.6527491	0.40813377	1.427034	0.30277586	0.010299192	0.65171915	0.005019413	41104	32.08953261375427
10288.0	1.5265883	0.6532393	2.851603	0.5060964	0.010829798	1.5255052	0.016599577	41204	32.16528797149658
10313.0	0.79530716	0.4183444	2.0854845	0.51045513	0.020308513	0.7932763	0.018699087	41304	32.24350428581238
10338.0	1.0304155	0.4222975	1.8576008	0.526401	0.01023318	1.0293921	0.014753632	41404	32.321415424346924
10363.0	1.6218654	0.740239	3.0464334	0.9470927	0.030165918	1.6188487	0.036902875	41504	32.39902710914612
10388.0	0.72091776	0.3381718	1.2355946	0.32355058	0.010199262	0.71989775	0.016695525	41604	32.47498536109924
10413.0	1.0025609	0.625671	2.5132356	0.5003718	0.030256882	0.9995353	0.03230598	41704	32.5514612197876
10438.0	1.3539886	0.6792989	2.758619	0.6319889	0.010228471	1.352966	0.018963981	41804	32.627633810043335
10463.0	1.6755645	0.70263606	3.0513191	0.37811324	0.040193252	1.6715454	0.04361175	41904	32.70943021774292
10488.0	0.5460539	0.4406359	2.2956586	0.24456052	0.010169322	0.5450369	0.018210575	42004	32.7864089012146
10513.0	1.0130644	0.60702604	2.670914	0.3284753	0.030239023	1.0100404	0.03108308	42104	32.86431002616882
10538.0	1.5274148	1.0274041	3.3525548	0.3489621	0.010198879	1.5263951	0.020970501	42204	32.94087505340576
10563.0	1.10758	0.77955115	3.589214	0.35172397	0.030202158	1.1045597	0.032833062	42304	33.01782274246216
10588.0	0.8044944	0.50179464	2.2549894	0.33579782	0.020235386	0.8024708	0.025627023	42404	33.096384048461914
10613.0	1.1251374	0.30369344	1.8573091	0.43405822	0.020215757	1.1231158	0.021966781	42504	33.172849893569946
10638.0	0.9598675	0.4807418	2.5812857	0.4406554	0.010229153	0.95884454	0.018487832	42604	33.25094270706177
10663.0	1.0806277	0.56422526	2.6633494	0.38181493	0.030209908	1.0776067	0.030696563	42704	33.330018043518066
10688.0	0.79825723	0.51610345	1.9609345	0.3105886	0.00024874503	0.7982323	0.00508837	42804	33.407291412353516
10713.0	1.8227911	0.65976095	3.290026	0.60581124	0.04081402	1.8187097	0.046195988	42904	33.48679447174072
10738.0	0.465176	0.3031567	1.723989	0.2145508	0.0008584383	0.4650901	-0.005158726	43004	33.56196331977844
10763.0	1.3151594	0.43680015	2.586076	0.7861603	0.020236082	1.3131359	0.023357347	43104	33.638636350631714
10788.0	0.9583632	0.36035067	1.9374387	0.57677686	0.01026242	0.95733696	0.012728971	43204	33.715224266052246
10813.0	1.3346606	0.5867094	2.6761606	0.82467484	0.02021798	1.3326389	0.02680089	43304	33.792537689208984
10838.0	1.3232783	0.6069023	3.341269	0.55676496	0.03148727	1.3201295	0.030009016	43404	33.87016940116882
10863.0	0.3382679	0.12426324	0.6512549	0.21271364	0.0002477822	0.3382431	0.0052688164	43504	33.945963621139526
10888.0	1.0289655	0.5621825	2.8276637	0.3242304	0.040166162	1.0249488	0.048140813	43604	34.023595094680786
10913.0	0.39678043	0.28068408	1.4893748	0.18360141	0.01020244	0.39576015	0.01775745	43704	34.10034227371216
10938.0	0.69892156	0.39099014	1.7476507	0.26589018	0.030164206	0.69590515	0.03491552	43804	34.179344177246094
10963.0	0.73693746	0.49952063	2.725386	0.2683123	0.02019465	0.734918	0.027939847	43904	34.25525999069214
10988.0	0.71760404	0.51531506	2.033784	0.22372793	0.020283978	0.71557564	0.020519275	44004	34.333411693573
11013.0	0.9917393	0.72014505	3.018326	0.24512976	0.020803707	0.9896589	0.026901834	44104	34.41114377975464
11038.0	0.5450091	0.35810065	1.811628	0.2527098	0.010214831	0.5439876	0.009867245	44204	34.488070487976074
11063.0	1.4348266	0.62134486	3.598749	0.38369888	0.030816484	1.4317452	0.034810375	44304	34.564910650253296
11088.0	0.7854617	0.46463582	1.7148266	0.32085454	0.0001808147	0.78544354	0.004680154	44404	34.64066767692566
11113.0	1.6490461	0.7353524	3.0394275	0.36210558	0.040179595	1.6450279	0.04635969	44504	34.71758842468262
11138.0	0.7640656	0.4916698	1.9457546	0.3154178	0.0002136832	0.76404417	0.0077775	44604	34.797035694122314
11163.0	1.3278714	0.9069356	3.4013946	0.30284414	0.04016611	1.3238548	0.04262288	44704	34.87558960914612
11188.0	0.8095095	0.49202135	2.1046386	0.28099447	0.0007900103	0.80943054	0.0065058186	44804	34.95195293426514
11213.0	1.0277503	0.46616697	2.3691652	0.42828664	0.030862082	1.024664	0.030194933	44904	35.02696108818054
11238.0	1.0602182	0.38462457	2.4539108	0.6304019	0.020228013	1.0581955	0.028075587	45004	35.10232639312744
11263.0	0.91197944	0.41858965	1.5881681	0.31742725	0.020267913	0.9099527	0.021713365	45104	35.177709341049194
11288.0	1.2834408	0.44018534	2.5788898	0.5642397	0.020219984	1.2814188	0.028311873	45204	35.25523781776428
11313.0	0.9352845	0.3992549	2.0069609	0.4152661	0.020901056	0.93319434	0.018415658	45304	35.33009123802185
11338.0	1.1343709	0.65261775	2.967129	0.39153242	0.010206759	1.1333504	0.018915713	45404	35.40487837791443
11363.0	1.1456769	0.65009815	2.5087786	0.41127276	0.030224146	1.1426545	0.031976685	45504	35.479618549346924
11388.0	0.7348907	0.32056415	1.4370189	0.39993194	0.00084658957	0.734806	0.001327733	45604	35.552902698516846
11413.0	1.1257192	0.511944	2.6979003	0.6647635	0.030220473	1.1226971	0.036403064	45704	35.627032995224
11438.0	0.5938554	0.50701845	2.1200442	0.2902667	0.010854832	0.5927699	0.004684003	45804	35.70196342468262
11463.0	1.3227034	0.7207359	2.9993403	0.37778428	0.020192267	1.3206842	0.03201354	45904	35.77813720703125
11488.0	0.69781846	0.5775142	2.350704	0.21361583	0.020202115	0.69579816	0.018225942	46004	35.85572099685669
11513.0	0.8724436	0.44715303	2.2158704	0.24293637	0.010847764	0.8713588	0.013840481	46104	35.9309515953064
11538.0	0.87731314	0.7049936	2.5086024	0.23719868	0.020814026	0.8752318	0.01716206	46204	36.00737524032593
11563.0	0.84671247	0.60120225	2.817077	0.2501014	0.010221444	0.84569037	0.016688775	46304	36.08438515663147
11588.0	1.9967694	0.7865889	4.43235	1.162338	0.020919232	1.9946775	0.017998157	46404	36.16113829612732
11613.0	1.3303664	0.24441345	2.4211707	1.0822178	0.0009869667	1.3302677	-0.0071954234	46504	36.23627591133118
11638.0	1.9736012	0.31483465	2.430091	1.4529436	0.010320983	1.972569	0.011331076	46604	36.31307291984558
11663.0	0.95734245	0.6175396	3.2064872	0.27378216	0.020199548	0.9553225	0.024341991	46704	36.389100313186646
11688.0	0.7984335	0.39796674	2.283244	0.2876459	0.010823998	0.79735106	0.012299515	46804	36.46810865402222
11713.0	1.2405602	0.4841305	2.4341152	0.60575485	0.020213692	1.2385389	0.026995052	46904	36.54532766342163
11738.0	0.8357462	0.48125008	2.4307976	0.45045662	0.020826248	0.83366364	0.021949064	47004	36.62203001976013
11763.0	0.7597158	0.39996752	1.962438	0.41995522	0.010231936	0.7586927	0.01231114	47104	36.69896459579468
11788.0	1.4490805	0.4188033	2.7235262	0.76196504	0.030185051	1.4460618	0.036944643	47204	36.77584409713745
11813.0	1.0604507	0.32909378	1.9494001	0.6117919	0.0208225	1.0583683	0.025021283	47304	36.85313892364502
11838.0	0.9242057	0.54994816	2.849573	0.51052636	0.030197956	0.92118585	0.035654332	47404	36.93222427368164
11863.0	0.83462983	0.3654901	2.4668353	0.5980205	0.01019337	0.8336105	0.015177799	47504	37.007591009140015
11888.0	1.3308284	0.42536637	2.7540822	0.8387026	0.030204188	1.3278079	0.034673788	47604	37.08530330657959
11913.0	1.0083222	0.4111918	2.2635312	0.6334045	0.010225684	1.0072997	0.012801442	47704	37.16293120384216
11938.0	1.715815	0.5690079	2.9360917	0.87317663	0.03019778	1.7127951	0.037531458	47804	37.240288972854614
11963.0	0.422357	0.22270447	1.3292695	0.25024834	0.000846111	0.4222724	-0.0026840183	47904	37.3180775642395
11988.0	1.4321481	0.59621805	3.2778082	0.7841021	0.030793585	1.4290689	0.033807915	48004	37.39841556549072
12013.0	0.63105965	0.21695389	1.173391	0.40767732	0.00023774963	0.63103586	-0.0009918204	48104	37.47402906417847
12038.0	1.2144357	0.404448	2.3286762	0.83132297	0.020270314	1.2124088	0.021721287	48204	37.55183243751526
12063.0	1.4871247	0.4443517	2.602732	0.6495806	0.02089435	1.4850351	0.018550422	48304	37.62979745864868
12088.0	0.8974015	0.38405362	1.8511411	0.5746468	0.00021868512	0.8973795	0.002269765	48404	37.70634841918945
12113.0	1.3617331	0.52849185	3.0514271	0.79778165	0.030185174	1.3587147	0.03693805	48504	37.7839515209198
12138.0	0.7092594	0.4200956	2.188053	0.4286996	0.010785117	0.708181	0.009709364	48604	37.86429214477539
12163.0	0.68672645	0.42334673	2.0083864	0.38954887	0.010888947	0.68563753	0.005137592	48704	37.94209837913513
12188.0	1.2269895	0.4311706	2.1220474	0.57978576	0.010873153	1.2259022	0.011432993	48804	38.018648862838745
12213.0	1.3237842	0.52856445	3.57397	0.6686367	0.020809218	1.3217032	0.021159258	48904	38.097150802612305
12238.0	1.1995577	0.4199838	2.3161623	0.6709998	0.010239334	1.1985337	0.016010694	49004	38.17435693740845
12263.0	1.0543033	0.4912534	2.530882	0.37637335	0.030210642	1.0512822	0.034167796	49104	38.25160336494446
12288.0	0.75700456	0.30641514	1.6694567	0.38460106	0.010259722	0.7559785	0.0112237455	49204	38.32834506034851
12313.0	1.4085306	0.52186877	2.9790797	0.9186483	0.020228652	1.4065077	0.024456544	49304	38.4075391292572
12338.0	0.8226421	0.24909328	1.3317224	0.5703478	0.01021655	0.82162035	0.015396288	49404	38.483662128448486
12363.0	1.2335955	0.51926416	2.9466152	0.6169781	0.03018828	1.2305765	0.036826815	49504	38.560383796691895
12388.0	0.6690808	0.49291903	2.3631773	0.34509352	0.020240732	0.66705674	0.020680685	49604	38.63773512840271
12413.0	1.3583968	0.38455418	2.4073193	0.77137583	0.020245597	1.3563722	0.027484687	49704	38.71363854408264
12438.0	1.0989361	0.29810148	1.8218979	0.65526575	0.0102232555	1.0979136	0.015675575	49804	38.790993213653564
12463.0	1.4076692	0.47272268	2.6367655	0.9403756	0.030252518	1.4046439	0.0369252	49904	38.86742830276489
